person 0.0155 473 160 505 386
person 0.0060 400 104 436 253
person 0.0011 468 25 505 442
car 0.0047 475 114 504 394
boat 0.0011 451 117 465 126
boat 0.0010 457 118 470 130
cat 0.0010 -61 190 361 318
dog 0.0038 -29 191 355 312
dog 0.0036 1 56 295 442
horse 0.1931 -61 190 361 318
horse 0.1216 1 56 295 442
horse 0.0418 473 160 505 386
horse 0.0014 487 198 502 355
sheep 0.1675 -29 191 355 312
sheep 0.1551 14 54 314 446
sheep 0.0110 473 160 505 386
sheep 0.0021 487 198 502 355
cow 0.2913 -29 191 355 312
cow 0.1892 14 54 314 446
cow 0.0259 473 160 505 386
cow 0.0015 487 198 502 355
