person 0.9200 -50 2 203 498
person 0.1029 32 48 276 519
person 0.0025 -14 106 370 401
bicycle 0.0024 -7 110 362 458
car 0.0031 14 -21 288 523
car 0.0018 -14 106 370 401
motorbike 0.0013 66 53 293 516
bird 0.5140 -7 110 362 458
cat 0.0150 66 53 293 516
cat 0.0035 -14 106 370 401
dog 0.0416 66 53 293 516
dog 0.0035 -14 106 370 401
dog 0.0012 -43 18 243 477
horse 0.0051 -14 106 370 401
horse 0.0034 66 53 293 516
sheep 0.0047 66 53 293 516
sheep 0.0030 -14 106 370 401
cow 0.0027 66 53 293 516
cow 0.0012 -14 106 370 401
bottle 0.0051 -14 106 370 401
bottle 0.0047 210 209 236 237
chair 0.0031 -7 110 362 458
sofa 0.0010 16 -7 226 513
