person 0.0483 35 316 51 330
person 0.0439 43 315 60 329
person 0.0231 52 314 72 328
person 0.0142 107 319 116 331
person 0.0112 380 320 392 357
person 0.0110 113 317 124 332
person 0.0107 77 317 87 333
person 0.0082 -10 267 131 396
person 0.0067 95 320 105 329
person 0.0059 26 314 42 332
person 0.0051 325 262 515 450
person 0.0044 85 318 95 332
person 0.0042 0 313 8 333
person 0.0035 0 316 14 348
person 0.0033 273 324 294 338
person 0.0032 61 313 82 330
person 0.0029 9 306 38 375
person 0.0027 146 317 157 331
person 0.0026 265 325 284 338
person 0.0023 233 322 252 345
person 0.0021 163 324 173 336
person 0.0021 15 311 31 333
person 0.0019 220 323 231 345
person 0.0019 155 323 164 336
person 0.0018 112 323 126 337
person 0.0018 121 320 134 330
person 0.0016 150 319 163 331
person 0.0014 285 332 302 350
person 0.0013 458 330 475 354
person 0.0010 266 332 282 346
car 0.9992 178 292 382 412
car 0.9943 68 308 130 365
car 0.9914 89 306 167 371
car 0.9792 292 286 566 429
car 0.9748 132 300 295 389
car 0.9732 116 295 214 384
car 0.8147 0 316 14 348
car 0.7079 78 317 121 356
car 0.4844 -22 267 120 403
car 0.1855 -5 310 27 352
car 0.0749 0 313 8 333
car 0.0312 76 321 91 346
car 0.0226 0 307 9 325
car 0.0203 3 315 20 331
car 0.0183 87 322 114 343
car 0.0139 108 317 153 361
car 0.0106 4 307 20 323
car 0.0070 13 282 84 387
car 0.0054 7 300 40 366
car 0.0054 80 321 99 346
car 0.0050 102 322 118 340
car 0.0047 0 325 6 351
car 0.0046 -12 294 59 367
car 0.0046 112 323 126 337
car 0.0042 77 317 87 333
car 0.0034 380 311 513 349
car 0.0034 5 327 19 349
car 0.0024 15 311 31 333
car 0.0023 253 317 332 347
car 0.0020 -2 303 10 419
car 0.0019 13 318 28 347
car 0.0016 202 307 268 375
car 0.0014 495 322 500 361
car 0.0014 331 289 538 377
car 0.0013 60 294 194 385
car 0.0013 130 324 147 339
car 0.0013 95 320 105 329
car 0.0012 0 360 11 399
car 0.0012 227 322 246 344
car 0.0011 166 312 267 359
car 0.0010 23 295 103 337
motorbike 0.0010 0 316 14 348
motorbike 0.0010 325 262 515 450
bus 0.0045 -22 267 120 403
bus 0.0022 23 295 103 337
bus 0.0014 0 307 9 325
