person 0.1379 366 191 430 323
person 0.1293 168 163 190 185
person 0.0549 329 171 455 340
person 0.0288 392 177 411 209
person 0.0157 209 158 227 186
person 0.0089 171 171 186 183
person 0.0075 387 225 426 290
person 0.0057 387 172 417 214
person 0.0055 161 155 197 188
person 0.0039 138 191 147 205
person 0.0028 198 157 213 187
person 0.0016 165 162 177 185
person 0.0011 179 158 193 172
person 0.0011 434 242 447 293
person 0.0010 170 157 186 172
bicycle 0.0027 318 193 467 345
motorbike 0.0140 318 193 467 345
motorbike 0.0027 344 205 405 336
motorbike 0.0023 366 196 427 336
train 0.9994 140 0 309 366
train 0.0035 147 97 301 284
train 0.0011 449 101 505 218
bird 0.0014 435 202 443 211
dog 0.0011 375 214 438 300
horse 0.0011 329 171 455 340
horse 0.0010 392 177 411 209
bottle 0.0011 434 242 447 293
pottedplant 0.0064 400 264 472 330
pottedplant 0.0030 401 271 434 323
pottedplant 0.0028 318 193 467 345
pottedplant 0.0024 437 273 497 336
pottedplant 0.0021 408 282 429 314
pottedplant 0.0020 343 267 417 324
pottedplant 0.0020 313 115 503 435
pottedplant 0.0019 419 299 494 353
pottedplant 0.0015 416 283 437 311
pottedplant 0.0012 417 271 455 324
pottedplant 0.0012 344 205 405 336
pottedplant 0.0012 366 196 427 336
