person 0.9971 260 164 572 363
person 0.9851 59 30 187 289
person 0.9850 50 -73 208 390
person 0.9796 147 34 271 204
person 0.9647 -38 113 147 368
person 0.9344 256 96 555 277
person 0.9273 247 45 346 232
person 0.9123 301 49 404 242
person 0.6705 251 -37 405 325
person 0.4785 301 -53 514 361
person 0.3459 -19 31 115 472
person 0.2097 111 54 169 191
person 0.1370 346 29 495 222
person 0.0438 133 -34 288 304
person 0.0381 15 88 243 269
person 0.0288 -4 51 27 268
person 0.0150 121 72 156 159
person 0.0125 211 -18 366 270
person 0.0093 358 33 472 357
person 0.0079 -2 36 16 396
person 0.0067 122 100 176 216
person 0.0055 -1 126 16 238
person 0.0054 103 42 211 238
person 0.0043 304 120 516 488
person 0.0037 -22 150 287 367
person 0.0034 -1 74 11 252
person 0.0032 387 74 518 436
person 0.0029 59 89 385 382
person 0.0024 -3 -46 31 441
person 0.0023 230 92 298 156
person 0.0017 282 52 345 189
person 0.0017 47 44 132 309
person 0.0017 97 56 162 132
person 0.0017 61 120 113 275
person 0.0015 68 159 183 390
person 0.0015 0 60 3 134
person 0.0015 -8 88 31 142
person 0.0013 133 60 187 177
person 0.0013 -11 23 66 370
person 0.0013 395 58 465 189
person 0.0012 0 79 6 130
person 0.0012 0 60 14 170
person 0.0012 37 142 212 257
person 0.0012 479 6 502 311
person 0.0011 247 62 310 179
person 0.0010 -2 45 10 146
person 0.0010 217 114 378 236
car 0.0642 -6 27 174 131
car 0.0123 13 55 152 111
car 0.0031 22 -64 313 197
cat 0.0011 173 130 294 257
bottle 0.8762 240 153 287 280
bottle 0.2855 246 168 284 236
bottle 0.0366 260 123 289 208
bottle 0.0184 0 151 483 323
bottle 0.0134 158 148 210 261
bottle 0.0089 157 155 185 252
bottle 0.0076 199 116 228 176
bottle 0.0052 249 157 263 192
bottle 0.0049 254 177 277 205
bottle 0.0019 134 116 169 173
bottle 0.0018 241 147 269 197
bottle 0.0018 132 58 356 332
bottle 0.0015 252 182 277 218
bottle 0.0014 239 152 267 229
bottle 0.0012 255 170 273 193
bottle 0.0011 225 153 264 198
chair 0.0223 230 92 298 156
chair 0.0207 -4 51 27 268
chair 0.0203 253 132 278 158
chair 0.0089 148 126 165 147
chair 0.0083 -22 91 115 446
chair 0.0071 236 117 294 172
chair 0.0056 0 188 13 216
chair 0.0052 136 118 173 171
chair 0.0050 -2 143 17 239
chair 0.0050 247 124 284 166
chair 0.0040 -1 74 11 252
chair 0.0039 141 123 159 146
chair 0.0038 256 128 289 141
chair 0.0036 -8 108 32 125
chair 0.0035 0 167 9 219
chair 0.0035 -7 95 30 173
chair 0.0034 -2 67 15 479
chair 0.0033 129 148 153 175
chair 0.0032 -1 152 10 310
chair 0.0031 57 181 125 262
chair 0.0027 37 259 107 408
chair 0.0026 241 116 323 153
chair 0.0024 342 -19 521 539
chair 0.0024 303 234 501 451
chair 0.0024 124 21 293 209
chair 0.0022 -5 111 29 136
chair 0.0021 74 194 110 249
chair 0.0020 20 312 204 402
chair 0.0018 128 106 185 185
chair 0.0017 227 37 364 232
chair 0.0015 330 186 350 212
chair 0.0015 294 188 562 386
chair 0.0015 247 110 284 138
chair 0.0014 36 343 70 383
chair 0.0012 78 97 417 378
chair 0.0011 328 301 489 408
chair 0.0011 139 97 175 152
chair 0.0011 0 111 6 387
chair 0.0010 8 245 135 424
chair 0.0010 0 145 5 220
diningtable 0.8771 -6 164 492 359
diningtable 0.0101 108 150 402 473
diningtable 0.0062 -8 108 32 125
diningtable 0.0049 0 188 13 216
diningtable 0.0039 -6 44 29 236
diningtable 0.0031 89 64 339 327
diningtable 0.0031 -5 111 29 136
diningtable 0.0021 66 146 255 274
diningtable 0.0016 -7 98 31 151
diningtable 0.0015 0 101 11 129
diningtable 0.0013 -1 158 15 263
diningtable 0.0011 20 312 204 402
diningtable 0.0010 46 -60 213 409
tvmonitor 0.0017 -6 -60 31 184
