person 0.9984 25 85 455 356
person 0.0020 154 159 427 356
person 0.0017 -14 138 50 443
person 0.0013 262 75 304 150
chair 0.9291 -11 144 64 437
chair 0.7941 22 159 468 357
chair 0.0588 319 67 382 450
chair 0.0419 211 151 422 360
chair 0.0150 -4 147 26 436
chair 0.0109 312 251 364 414
chair 0.0091 269 67 369 473
chair 0.0074 85 50 360 389
chair 0.0062 -15 7 152 418
chair 0.0058 182 271 409 419
chair 0.0048 196 198 373 465
chair 0.0043 321 105 384 299
chair 0.0021 -1 205 7 429
chair 0.0020 87 131 275 490
chair 0.0020 -42 157 161 359
chair 0.0015 76 103 134 299
sofa 0.0330 22 159 468 357
sofa 0.0260 85 50 360 389
sofa 0.0018 -16 34 152 354
sofa 0.0012 -11 128 64 430
pottedplant 0.1218 344 14 543 295
pottedplant 0.0012 386 -84 514 360
diningtable 0.2817 -16 34 152 354
diningtable 0.0482 -76 110 209 204
diningtable 0.0109 -11 174 64 436
diningtable 0.0054 32 109 143 290
diningtable 0.0020 -4 147 26 436
diningtable 0.0014 -101 221 368 365
diningtable 0.0010 -45 99 145 250
