person 0.8541 119 338 142 404
person 0.2132 126 347 139 394
person 0.0767 119 347 132 395
person 0.0690 -22 435 59 513
person 0.0419 -6 -1 19 11
person 0.0411 133 360 144 395
person 0.0090 -30 482 65 506
person 0.0079 129 341 148 402
person 0.0076 126 349 137 375
person 0.0071 -9 489 27 501
person 0.0046 -55 -6 50 16
person 0.0028 -11 493 42 500
person 0.0021 182 357 193 381
person 0.0016 117 379 127 393
person 0.0014 122 438 140 451
person 0.0013 120 350 132 375
person 0.0010 180 357 189 382
person 0.0010 -6 -1 39 5
person 0.0010 242 266 298 397
car 0.9860 57 387 193 521
car 0.1252 59 318 198 583
car 0.0089 -22 435 59 513
car 0.0071 94 398 169 508
car 0.0052 60 396 107 507
car 0.0015 -6 -1 19 11
car 0.0014 151 440 175 460
car 0.0013 -39 485 91 506
car 0.0011 -9 489 27 501
bus 0.0053 59 318 198 583
bus 0.0011 62 389 197 520
bird 0.0053 -6 -1 19 11
bird 0.0028 -22 435 59 513
dog 0.0011 -6 -1 19 11
