person 0.9977 14 138 274 377
person 0.9969 188 49 469 401
person 0.0350 68 160 591 363
person 0.0227 479 21 502 454
person 0.0064 471 -83 503 516
person 0.0032 -2 -20 9 76
person 0.0025 0 0 5 59
person 0.0014 -12 232 197 450
person 0.0013 61 207 151 415
person 0.0012 -4 -154 26 546
person 0.0012 439 -11 513 483
person 0.0011 51 -13 226 38
person 0.0010 0 -14 3 33
cat 0.0011 478 89 503 424
bottle 0.0051 280 -25 322 83
bottle 0.0032 479 21 502 454
bottle 0.0022 310 -8 331 30
bottle 0.0021 288 -5 313 20
bottle 0.0021 -16 301 113 405
chair 0.1746 68 160 591 363
chair 0.0530 478 89 503 424
chair 0.0487 167 106 488 399
chair 0.0147 21 139 295 375
chair 0.0128 394 136 520 416
chair 0.0055 66 205 132 334
chair 0.0049 469 -9 504 480
chair 0.0029 -12 232 197 450
chair 0.0021 -4 5 31 504
chair 0.0018 439 -11 513 483
chair 0.0014 -41 295 208 406
chair 0.0012 483 -60 501 496
chair 0.0011 -1 -104 14 458
chair 0.0010 491 115 500 384
sofa 0.3918 68 160 591 363
sofa 0.3167 167 106 488 399
sofa 0.0550 478 89 503 424
sofa 0.0289 395 163 519 420
sofa 0.0048 469 -9 504 480
sofa 0.0022 433 62 511 448
sofa 0.0017 361 61 517 535
sofa 0.0016 21 139 295 375
sofa 0.0012 -3 290 211 408
diningtable 0.0463 -50 54 387 250
diningtable 0.0346 26 0 314 370
diningtable 0.0085 68 160 591 363
diningtable 0.0076 167 106 488 399
diningtable 0.0051 106 171 402 484
diningtable 0.0011 477 126 503 418
diningtable 0.0010 -48 40 176 332
tvmonitor 0.6617 51 -13 226 38
tvmonitor 0.2870 -30 -43 90 101
tvmonitor 0.2140 35 -33 247 68
tvmonitor 0.0675 -5 -30 60 87
tvmonitor 0.0106 -26 -90 126 164
tvmonitor 0.0022 -3 101 25 447
tvmonitor 0.0016 -14 -7 45 66
tvmonitor 0.0015 43 -26 100 78
tvmonitor 0.0011 -2 -30 9 71
tvmonitor 0.0011 0 -14 3 33
tvmonitor 0.0010 0 0 5 59
