person 0.9980 370 160 504 423
person 0.9973 137 104 224 293
person 0.9966 -18 -28 140 588
person 0.9936 217 17 359 334
person 0.9935 60 -24 217 505
person 0.9865 64 92 198 389
person 0.9636 -45 190 170 366
person 0.9227 303 13 455 419
person 0.9015 -20 122 127 437
person 0.8523 326 109 457 328
person 0.8264 223 94 344 263
person 0.5290 368 91 454 255
person 0.5172 27 167 243 353
person 0.3680 356 26 516 557
person 0.0133 276 61 306 124
person 0.0070 399 69 433 120
person 0.0036 93 184 463 373
person 0.0030 472 151 506 430
person 0.0028 361 109 438 193
person 0.0027 -1 182 5 413
person 0.0025 168 67 189 106
person 0.0024 161 63 195 111
person 0.0023 318 201 559 379
person 0.0014 -3 104 17 446
person 0.0012 125 135 170 298
person 0.0011 383 181 444 330
person 0.0011 274 136 516 325
person 0.0011 408 75 429 115
person 0.0010 13 91 34 174
dog 0.0043 399 69 433 120
bottle 0.6591 346 276 390 393
bottle 0.1193 257 225 284 294
bottle 0.0758 13 91 34 174
bottle 0.0741 21 92 45 175
bottle 0.0741 30 102 56 170
bottle 0.0440 35 119 53 163
bottle 0.0344 399 247 433 328
bottle 0.0332 26 117 41 166
bottle 0.0234 269 195 292 266
bottle 0.0155 273 203 290 236
bottle 0.0140 47 116 57 156
bottle 0.0135 267 243 302 293
bottle 0.0129 259 232 276 267
bottle 0.0104 351 291 391 343
bottle 0.0097 318 218 364 327
bottle 0.0082 18 109 30 162
bottle 0.0078 362 293 397 363
bottle 0.0065 264 238 280 278
bottle 0.0052 36 110 48 138
bottle 0.0051 7 71 61 183
bottle 0.0038 -1 125 4 162
bottle 0.0035 29 108 41 139
bottle 0.0034 27 102 40 129
bottle 0.0031 206 240 229 277
bottle 0.0027 286 206 302 239
bottle 0.0027 375 318 391 355
bottle 0.0026 251 243 283 315
bottle 0.0025 198 224 232 281
bottle 0.0025 316 227 353 296
bottle 0.0021 274 252 296 286
bottle 0.0020 261 182 296 328
bottle 0.0019 194 293 237 362
bottle 0.0019 176 225 205 279
bottle 0.0018 305 196 334 247
bottle 0.0018 490 143 500 185
bottle 0.0018 334 296 404 375
bottle 0.0017 309 20 449 383
bottle 0.0017 310 192 320 214
bottle 0.0016 26 25 40 56
bottle 0.0015 41 111 60 172
bottle 0.0015 103 290 238 406
bottle 0.0015 272 214 290 246
bottle 0.0014 18 102 30 129
bottle 0.0014 11 25 23 53
bottle 0.0014 17 25 30 54
bottle 0.0013 271 202 285 225
bottle 0.0013 18 57 31 92
bottle 0.0013 310 201 329 223
bottle 0.0012 269 223 283 258
bottle 0.0010 217 17 359 334
chair 0.4371 439 119 506 432
chair 0.2611 467 127 505 383
chair 0.2239 356 26 516 557
chair 0.1148 379 143 511 437
chair 0.0946 -2 249 28 414
chair 0.0526 -23 0 142 574
chair 0.0461 -22 131 129 442
chair 0.0406 451 170 484 235
chair 0.0255 -1 260 11 412
chair 0.0243 196 71 373 280
chair 0.0181 470 235 504 423
chair 0.0178 -3 154 19 435
chair 0.0121 -1 182 5 413
chair 0.0104 467 324 507 388
chair 0.0103 414 168 442 232
chair 0.0100 -2 183 8 314
chair 0.0075 436 162 517 244
chair 0.0074 0 239 3 299
chair 0.0074 446 152 502 284
chair 0.0071 63 122 190 420
chair 0.0069 119 87 246 298
chair 0.0064 86 195 101 222
chair 0.0061 409 140 504 335
chair 0.0053 -5 317 29 392
chair 0.0050 191 164 216 243
chair 0.0049 65 250 96 326
chair 0.0048 488 244 502 389
chair 0.0047 -10 211 66 416
chair 0.0043 72 256 88 297
chair 0.0042 -49 196 169 378
chair 0.0039 0 232 2 343
chair 0.0038 310 194 329 214
chair 0.0038 424 175 451 245
chair 0.0036 93 184 463 373
chair 0.0035 332 193 350 214
chair 0.0031 491 141 501 340
chair 0.0031 58 250 88 308
chair 0.0030 425 154 486 277
chair 0.0029 174 217 201 244
chair 0.0028 90 309 114 338
chair 0.0026 321 192 340 215
chair 0.0024 428 177 440 225
chair 0.0024 211 178 224 223
chair 0.0023 0 280 2 391
chair 0.0022 69 287 134 349
chair 0.0022 400 223 436 281
chair 0.0021 0 194 2 305
chair 0.0021 204 168 229 232
chair 0.0020 60 216 114 369
chair 0.0019 64 256 81 299
chair 0.0019 464 172 506 248
chair 0.0019 138 179 157 260
chair 0.0017 412 195 480 246
chair 0.0017 143 102 216 284
chair 0.0017 318 201 559 379
chair 0.0016 82 296 119 342
chair 0.0016 171 231 186 248
chair 0.0014 91 191 108 216
chair 0.0014 495 177 500 226
chair 0.0013 141 192 152 247
chair 0.0012 127 160 169 303
chair 0.0012 321 204 339 219
chair 0.0012 219 181 230 222
chair 0.0012 126 184 154 258
chair 0.0011 185 139 210 246
chair 0.0011 174 166 202 238
chair 0.0011 470 186 506 292
chair 0.0010 -39 273 132 419
chair 0.0010 192 162 259 238
chair 0.0010 410 248 428 274
sofa 0.0011 356 26 516 557
sofa 0.0010 374 176 497 434
pottedplant 0.0341 7 71 61 183
pottedplant 0.0030 21 92 45 175
pottedplant 0.0029 -13 59 81 204
pottedplant 0.0022 11 85 37 171
pottedplant 0.0010 -6 15 68 308
diningtable 0.9995 -66 219 579 357
diningtable 0.6166 70 200 436 374
diningtable 0.0222 78 92 434 504
diningtable 0.0015 472 151 506 430
diningtable 0.0010 83 248 246 375
