person 0.0129 108 57 346 527
person 0.0043 -16 75 104 295
person 0.0021 -15 -28 129 393
car 0.0941 22 26 316 495
car 0.0037 2 119 403 390
car 0.0020 -11 -7 184 369
motorbike 0.0010 28 103 315 524
boat 0.0336 22 26 316 495
boat 0.0016 -11 -7 184 369
boat 0.0012 2 119 403 390
bird 0.0035 -73 246 322 471
bird 0.0013 28 103 315 524
dog 0.9783 59 74 328 512
dog 0.3511 2 119 403 390
dog 0.0719 -71 235 321 443
dog 0.0011 -11 39 177 358
horse 0.0018 61 43 328 475
horse 0.0012 2 119 403 390
sheep 0.0017 -73 246 322 471
sheep 0.0012 28 103 315 524
cow 0.0045 28 103 315 524
cow 0.0029 -73 246 322 471
bottle 0.0017 -71 235 321 443
sofa 0.0171 28 103 315 524
