person 0.9976 96 88 377 344
person 0.0024 126 101 266 450
person 0.0022 476 134 506 337
person 0.0020 488 282 502 388
person 0.0017 426 119 514 389
person 0.0015 199 135 590 335
person 0.0011 484 166 503 237
person 0.0010 474 202 503 419
person 0.0010 487 187 503 292
cat 0.0199 -13 124 99 246
cat 0.0014 13 138 78 231
cat 0.0011 403 9 491 84
cat 0.0010 275 69 432 352
bottle 0.8505 440 112 477 249
bottle 0.7810 477 100 505 190
bottle 0.6251 431 113 462 177
bottle 0.2818 448 100 482 173
bottle 0.1261 446 81 491 197
bottle 0.1179 463 102 492 181
bottle 0.0855 474 70 504 237
bottle 0.0807 417 169 461 238
bottle 0.0444 461 46 492 110
bottle 0.0323 350 240 384 321
bottle 0.0194 438 121 457 163
bottle 0.0159 457 126 474 164
bottle 0.0148 492 96 501 134
bottle 0.0146 484 166 503 237
bottle 0.0109 447 146 482 231
bottle 0.0099 296 183 337 301
bottle 0.0095 471 90 503 162
bottle 0.0080 484 80 502 171
bottle 0.0078 494 101 500 147
bottle 0.0077 453 111 477 139
bottle 0.0059 451 124 466 162
bottle 0.0057 490 183 501 224
bottle 0.0050 410 66 530 210
bottle 0.0048 468 116 485 151
bottle 0.0047 494 99 499 186
bottle 0.0040 325 24 357 76
bottle 0.0037 494 168 501 215
bottle 0.0037 457 114 475 152
bottle 0.0034 344 27 379 89
bottle 0.0025 410 158 478 249
bottle 0.0024 358 51 379 84
bottle 0.0024 417 106 476 184
bottle 0.0024 437 90 512 159
bottle 0.0021 486 181 503 280
bottle 0.0020 490 94 500 118
bottle 0.0017 476 106 496 142
bottle 0.0017 446 111 472 193
bottle 0.0017 431 131 499 231
bottle 0.0017 338 36 356 78
bottle 0.0016 351 48 372 84
bottle 0.0015 427 51 509 299
bottle 0.0013 330 29 350 66
bottle 0.0012 476 118 493 150
bottle 0.0012 452 95 520 194
bottle 0.0011 483 81 501 109
bottle 0.0011 385 38 424 94
bottle 0.0011 492 205 500 238
bottle 0.0010 468 131 485 171
bottle 0.0010 465 62 488 88
chair 0.9077 84 183 289 366
chair 0.7770 102 -29 272 583
chair 0.6588 244 72 356 283
chair 0.4992 126 101 266 450
chair 0.1361 250 40 426 358
chair 0.0956 56 28 145 363
chair 0.0810 104 43 180 356
chair 0.0725 290 51 437 223
chair 0.0433 111 94 169 224
chair 0.0296 108 75 144 247
chair 0.0282 -5 116 129 393
chair 0.0108 87 75 199 240
chair 0.0106 312 308 562 406
chair 0.0056 5 61 196 320
chair 0.0054 107 80 339 355
chair 0.0032 384 62 522 213
chair 0.0024 251 108 300 281
chair 0.0022 82 -9 171 284
chair 0.0017 149 124 575 345
chair 0.0016 32 28 92 81
chair 0.0016 403 9 491 84
chair 0.0015 25 16 118 341
chair 0.0011 118 248 281 419
chair 0.0011 -3 117 21 392
chair 0.0010 -18 124 106 254
chair 0.0010 28 -45 178 421
sofa 0.0011 106 66 178 367
pottedplant 0.2764 39 -15 95 92
pottedplant 0.0295 20 -30 121 108
pottedplant 0.0168 49 8 91 72
pottedplant 0.0090 59 19 125 80
pottedplant 0.0067 360 19 399 79
pottedplant 0.0037 72 36 90 64
pottedplant 0.0036 72 24 109 75
pottedplant 0.0033 66 20 95 74
pottedplant 0.0031 348 -11 399 103
pottedplant 0.0020 333 11 408 86
pottedplant 0.0016 476 134 506 337
pottedplant 0.0014 484 166 503 237
pottedplant 0.0013 32 28 92 81
pottedplant 0.0013 77 38 105 59
pottedplant 0.0012 353 27 386 89
pottedplant 0.0012 403 9 491 84
pottedplant 0.0012 49 35 98 167
diningtable 0.9390 133 177 599 354
diningtable 0.0200 225 72 515 465
diningtable 0.0020 -5 116 129 393
diningtable 0.0018 275 69 432 352
diningtable 0.0017 324 137 556 326
diningtable 0.0016 370 32 519 339
diningtable 0.0015 426 119 514 389
tvmonitor 0.0061 350 126 411 274
tvmonitor 0.0016 32 28 92 81
tvmonitor 0.0013 403 9 491 84
tvmonitor 0.0010 250 40 426 358
