person 0.2872 346 67 537 365
person 0.1036 93 31 468 395
person 0.0303 352 141 544 288
person 0.0038 221 149 574 383
person 0.0014 -58 3 201 362
bicycle 0.0014 68 0 416 396
car 0.0061 87 -13 471 400
motorbike 0.0019 68 0 416 396
boat 0.0041 87 -13 471 400
bird 0.9580 67 39 413 385
bird 0.7191 -58 3 201 362
cat 0.0154 50 43 393 380
cat 0.0152 -57 -1 203 317
dog 0.0062 93 31 468 395
dog 0.0011 -59 6 220 360
horse 0.0026 68 0 416 396
sheep 0.0033 93 31 468 395
cow 0.0020 87 -13 471 400
bottle 0.0084 48 11 393 385
chair 0.0127 68 0 416 396
chair 0.0046 382 -56 521 222
chair 0.0025 339 30 540 279
sofa 0.0017 87 -13 471 400
pottedplant 0.0047 62 -43 430 354
diningtable 0.0065 87 -13 471 400
tvmonitor 0.0010 87 -13 471 400
