person 0.9992 124 97 266 368
person 0.9965 205 80 314 315
person 0.9499 116 -13 275 475
person 0.8097 335 67 445 247
person 0.7885 144 76 248 206
person 0.6234 182 66 289 199
person 0.5661 161 90 227 192
person 0.4077 205 80 269 188
person 0.3994 463 59 506 182
person 0.1071 52 150 358 307
person 0.1032 414 77 514 397
person 0.0958 478 67 506 146
person 0.0505 470 40 505 275
person 0.0196 313 -1 475 301
person 0.0173 482 76 503 115
person 0.0166 276 61 484 226
person 0.0164 169 35 397 332
person 0.0136 478 59 503 372
person 0.0081 493 90 500 141
person 0.0067 170 79 267 280
person 0.0065 426 36 511 246
person 0.0059 481 93 503 175
person 0.0052 467 103 508 164
person 0.0048 467 3 504 430
person 0.0044 489 110 500 139
person 0.0041 221 89 267 158
person 0.0028 75 88 335 428
person 0.0027 153 124 221 183
person 0.0023 375 73 441 214
person 0.0021 185 112 246 179
person 0.0020 156 112 365 237
person 0.0017 198 120 236 169
person 0.0015 460 82 496 166
person 0.0014 491 77 499 132
person 0.0014 471 97 496 130
person 0.0013 490 107 502 276
person 0.0013 214 149 263 277
person 0.0013 220 96 255 140
person 0.0013 193 95 258 221
person 0.0012 396 116 534 231
bottle 0.0042 322 134 339 159
bottle 0.0040 314 135 334 159
bottle 0.0024 63 203 97 247
bottle 0.0012 375 141 386 151
bottle 0.0012 470 116 483 152
bottle 0.0010 332 139 346 154
chair 0.0554 298 123 330 147
chair 0.0376 414 103 514 404
chair 0.0213 74 164 184 225
chair 0.0180 119 115 260 382
chair 0.0148 478 59 503 372
chair 0.0106 478 67 506 146
chair 0.0095 482 76 503 115
chair 0.0094 317 88 459 357
chair 0.0086 463 59 506 182
chair 0.0081 284 112 359 155
chair 0.0070 149 96 230 188
chair 0.0063 127 256 186 327
chair 0.0063 222 132 365 411
chair 0.0059 18 137 317 496
chair 0.0059 293 147 466 251
chair 0.0057 491 122 501 319
chair 0.0042 167 133 188 161
chair 0.0041 467 103 508 164
chair 0.0031 493 90 500 141
chair 0.0030 307 101 415 163
chair 0.0026 396 116 534 231
chair 0.0025 78 244 319 345
chair 0.0022 456 119 514 186
chair 0.0020 205 135 229 158
chair 0.0019 489 110 500 139
chair 0.0019 394 189 535 362
chair 0.0016 228 239 291 385
chair 0.0013 318 160 442 205
chair 0.0013 -53 228 390 366
chair 0.0010 491 77 499 132
chair 0.0010 471 130 504 155
sofa 0.0097 414 77 514 397
sofa 0.0034 396 116 534 231
sofa 0.0026 478 59 503 372
sofa 0.0011 307 101 415 163
diningtable 0.3597 -53 228 390 366
diningtable 0.1624 107 6 269 455
diningtable 0.0967 176 33 337 343
diningtable 0.0966 230 99 437 255
diningtable 0.0876 52 150 358 307
diningtable 0.0672 396 116 534 231
diningtable 0.0208 18 73 189 446
diningtable 0.0193 413 136 520 206
diningtable 0.0144 205 163 390 357
diningtable 0.0140 27 177 316 478
diningtable 0.0108 467 114 508 172
diningtable 0.0097 486 123 500 144
diningtable 0.0079 416 53 514 383
diningtable 0.0079 201 110 393 207
diningtable 0.0053 89 135 397 404
diningtable 0.0052 471 130 504 155
diningtable 0.0039 127 52 386 274
diningtable 0.0039 283 42 453 331
diningtable 0.0038 32 176 334 259
diningtable 0.0032 60 124 517 260
diningtable 0.0029 481 93 503 175
diningtable 0.0024 470 40 505 275
diningtable 0.0020 293 147 466 251
diningtable 0.0020 0 200 162 300
diningtable 0.0018 0 160 167 265
diningtable 0.0018 289 78 466 230
diningtable 0.0016 196 95 381 489
diningtable 0.0016 490 123 499 163
diningtable 0.0015 181 141 256 186
diningtable 0.0015 481 57 502 413
diningtable 0.0014 52 166 205 274
diningtable 0.0014 453 121 515 201
diningtable 0.0013 489 110 500 139
diningtable 0.0012 12 182 150 233
diningtable 0.0011 149 111 290 245
diningtable 0.0010 74 164 184 225
diningtable 0.0010 155 184 399 292
diningtable 0.0010 469 138 501 167
tvmonitor 0.0032 182 66 289 199
tvmonitor 0.0023 291 64 429 178
tvmonitor 0.0014 298 123 330 147
tvmonitor 0.0010 307 101 415 163
