person 0.0202 -5 -103 30 454
person 0.0067 -3 -69 17 385
person 0.0020 161 -70 296 346
person 0.0019 376 279 517 356
person 0.0010 -8 -172 54 484
car 0.0070 -5 -103 30 454
car 0.0021 -3 -69 17 385
motorbike 0.0016 -7 -37 33 427
bird 0.0014 -4 -136 29 450
cat 0.0019 168 -69 301 372
dog 0.9981 139 35 329 252
dog 0.6488 170 -62 299 340
dog 0.0018 -5 -103 30 454
dog 0.0010 -3 -69 17 385
horse 0.0081 -4 -136 29 450
horse 0.0019 -3 -69 17 385
sheep 0.0047 -5 -103 30 454
sheep 0.0024 -3 -69 17 385
cow 0.0029 -5 -103 30 454
cow 0.0010 -3 -69 17 385
chair 0.0615 -5 31 26 394
sofa 0.0018 -7 -37 33 427
diningtable 0.0074 -5 31 26 394
