person 0.1323 301 170 334 221
person 0.0257 306 175 327 203
person 0.0056 281 174 354 221
person 0.0041 327 173 340 201
person 0.0023 -48 383 144 551
person 0.0017 129 183 222 283
person 0.0014 207 184 229 211
person 0.0012 247 186 391 475
person 0.0012 332 219 386 384
bird 0.0011 327 126 339 174
cat 0.0059 285 264 374 336
cat 0.0029 294 244 363 319
dog 0.0012 287 239 347 312
bottle 0.0029 327 173 340 201
bottle 0.0013 -121 196 416 378
chair 0.7652 260 154 298 298
chair 0.6706 272 156 316 299
chair 0.5894 247 186 391 475
chair 0.3944 286 163 341 304
chair 0.2766 330 223 387 407
chair 0.2520 -48 383 144 551
chair 0.1374 327 173 340 201
chair 0.1063 281 176 295 200
chair 0.0929 288 185 311 205
chair 0.0918 306 175 327 203
chair 0.0536 267 187 292 208
chair 0.0518 307 215 341 274
chair 0.0447 264 179 298 234
chair 0.0368 321 175 337 201
chair 0.0361 272 180 284 200
chair 0.0343 80 285 155 342
chair 0.0290 265 152 278 298
chair 0.0199 266 192 296 217
chair 0.0199 301 170 334 221
chair 0.0193 316 196 337 213
chair 0.0188 308 187 344 245
chair 0.0186 282 183 354 229
chair 0.0180 318 191 339 205
chair 0.0176 254 173 324 236
chair 0.0175 223 149 373 299
chair 0.0168 325 187 340 203
chair 0.0146 -32 339 92 486
chair 0.0129 276 187 297 204
chair 0.0125 300 198 333 213
chair 0.0120 313 205 342 227
chair 0.0098 267 183 277 212
chair 0.0087 313 232 337 257
chair 0.0086 297 187 338 266
chair 0.0085 348 248 381 302
chair 0.0085 291 175 323 238
chair 0.0081 -19 305 114 604
chair 0.0077 -22 438 146 528
chair 0.0069 271 152 330 216
chair 0.0066 283 172 316 223
chair 0.0056 310 245 338 261
chair 0.0052 301 187 353 322
chair 0.0046 319 223 338 252
chair 0.0045 -23 156 183 624
chair 0.0042 321 160 346 213
chair 0.0037 343 189 381 326
chair 0.0036 299 206 332 223
chair 0.0032 252 185 362 244
chair 0.0031 325 195 340 215
chair 0.0030 268 180 277 198
chair 0.0028 272 185 300 283
chair 0.0024 289 185 307 223
chair 0.0023 319 168 334 191
chair 0.0021 285 161 324 209
chair 0.0021 305 139 347 271
chair 0.0020 292 191 321 278
chair 0.0017 293 158 354 219
chair 0.0017 316 211 340 236
chair 0.0016 287 239 347 312
chair 0.0016 -65 297 230 454
chair 0.0016 272 206 300 223
chair 0.0015 309 228 324 259
chair 0.0014 288 176 310 199
chair 0.0012 341 258 384 348
chair 0.0012 36 431 115 527
chair 0.0011 326 203 339 228
chair 0.0011 -5 263 27 345
chair 0.0011 287 220 348 285
chair 0.0010 268 202 293 228
chair 0.0010 54 226 184 365
sofa 0.4460 341 223 382 405
sofa 0.3065 -48 383 144 551
sofa 0.2940 248 185 401 468
sofa 0.0363 -60 308 225 475
sofa 0.0172 -32 151 202 594
sofa 0.0102 -19 305 114 604
sofa 0.0037 273 152 338 217
sofa 0.0032 -22 438 146 528
sofa 0.0026 281 174 354 221
sofa 0.0026 241 153 376 255
sofa 0.0024 341 258 384 348
sofa 0.0021 243 184 373 229
sofa 0.0021 -32 339 92 486
sofa 0.0017 348 252 382 310
sofa 0.0014 282 228 407 402
sofa 0.0012 80 285 155 342
sofa 0.0010 260 154 298 298
pottedplant 0.9111 26 162 71 272
pottedplant 0.6600 -9 97 43 298
pottedplant 0.4781 -5 170 40 274
pottedplant 0.2568 273 152 338 217
pottedplant 0.1951 285 161 324 209
pottedplant 0.0275 34 210 68 257
pottedplant 0.0249 293 175 316 200
pottedplant 0.0126 281 176 295 200
pottedplant 0.0105 1 146 115 289
pottedplant 0.0065 287 141 340 266
pottedplant 0.0061 367 199 378 219
pottedplant 0.0049 -5 200 21 268
pottedplant 0.0048 327 173 340 201
pottedplant 0.0047 -9 95 53 202
pottedplant 0.0045 316 270 351 297
pottedplant 0.0041 304 254 362 312
pottedplant 0.0036 -7 120 26 239
pottedplant 0.0035 275 138 319 275
pottedplant 0.0030 296 187 314 204
pottedplant 0.0020 8 221 32 253
pottedplant 0.0020 306 175 327 203
pottedplant 0.0019 -16 73 57 365
pottedplant 0.0018 320 111 346 205
pottedplant 0.0018 18 170 42 264
pottedplant 0.0016 247 137 369 240
pottedplant 0.0014 7 181 27 216
pottedplant 0.0014 0 215 15 257
pottedplant 0.0012 283 172 316 223
pottedplant 0.0012 287 239 347 312
pottedplant 0.0011 2 216 38 268
diningtable 0.5891 -32 151 202 594
diningtable 0.2521 236 148 379 300
diningtable 0.2464 -65 297 230 454
diningtable 0.2016 282 183 354 229
diningtable 0.0970 286 163 341 304
diningtable 0.0465 300 198 333 213
diningtable 0.0341 -48 383 144 551
diningtable 0.0271 271 157 319 308
diningtable 0.0214 316 196 337 213
diningtable 0.0166 252 185 362 244
diningtable 0.0132 247 186 391 475
diningtable 0.0116 325 187 340 203
diningtable 0.0105 266 192 296 217
diningtable 0.0098 318 191 339 205
diningtable 0.0094 254 173 324 236
diningtable 0.0074 267 187 292 208
diningtable 0.0062 214 84 383 364
diningtable 0.0058 262 175 297 279
diningtable 0.0055 313 205 342 227
diningtable 0.0044 299 206 332 223
diningtable 0.0036 327 173 340 201
diningtable 0.0029 296 176 336 235
diningtable 0.0025 272 206 300 223
diningtable 0.0022 58 256 188 494
diningtable 0.0021 276 187 297 204
diningtable 0.0018 288 185 311 205
diningtable 0.0017 308 187 344 245
diningtable 0.0017 305 181 327 208
diningtable 0.0016 325 195 340 215
diningtable 0.0013 330 223 387 407
diningtable 0.0010 -22 438 146 528
tvmonitor 0.9988 118 162 234 305
tvmonitor 0.0170 141 175 212 282
tvmonitor 0.0067 202 177 236 221
tvmonitor 0.0064 228 179 250 220
tvmonitor 0.0038 207 184 229 211
tvmonitor 0.0010 179 164 247 233
