person 0.0185 112 75 182 150
person 0.0086 6 121 21 142
person 0.0068 59 91 487 336
person 0.0044 16 119 27 145
person 0.0039 128 87 167 138
person 0.0018 0 115 6 139
car 0.9834 38 63 471 331
car 0.0811 -90 77 449 229
car 0.0601 -76 135 591 296
car 0.0087 6 121 21 142
car 0.0077 -105 6 601 276
car 0.0031 1 119 7 145
car 0.0026 17 106 74 160
car 0.0012 30 119 60 145
car 0.0012 16 119 27 145
car 0.0011 1 52 167 179
motorbike 0.0015 33 69 419 355
bus 0.0916 59 63 485 327
bus 0.0015 198 17 517 261
bus 0.0012 -57 139 618 297
boat 0.0015 48 40 457 280
