person 0.9996 238 171 468 365
person 0.9993 60 166 279 363
person 0.9941 -44 174 159 366
person 0.9694 -19 -25 137 569
person 0.6975 268 -17 435 554
person 0.6433 91 -15 253 537
person 0.1139 40 85 455 350
person 0.0469 282 102 422 440
person 0.0439 -2 87 21 463
person 0.0101 287 76 322 136
person 0.0094 315 82 386 148
person 0.0068 -9 104 59 440
person 0.0049 -4 127 129 448
person 0.0046 -4 121 32 350
person 0.0040 182 82 218 130
person 0.0036 434 187 442 197
person 0.0032 0 162 9 395
person 0.0031 292 96 314 129
person 0.0022 115 100 247 371
person 0.0015 274 66 332 145
person 0.0015 77 139 171 408
person 0.0015 322 90 362 139
person 0.0011 -5 55 31 259
person 0.0010 251 82 273 115
person 0.0010 -2 155 12 247
person 0.0010 0 187 6 235
car 0.0042 -3 101 25 411
aeroplane 0.9944 40 47 464 325
aeroplane 0.0078 -55 73 572 238
aeroplane 0.0028 -103 92 369 279
boat 0.0012 40 85 455 350
cow 0.0051 40 85 455 350
