person 0.9995 314 46 385 280
person 0.9980 80 106 147 256
person 0.6040 62 87 176 273
person 0.0736 69 97 76 111
person 0.0732 53 99 64 119
person 0.0164 125 96 138 109
person 0.0139 129 95 146 109
bicycle 0.0023 69 97 76 111
car 0.0014 129 95 146 109
motorbike 0.0011 129 95 146 109
bird 0.1719 69 97 76 111
bird 0.0709 53 99 64 119
bird 0.0306 468 185 478 200
bird 0.0115 129 95 146 109
bird 0.0103 125 96 138 109
dog 0.0090 53 99 64 119
dog 0.0048 125 96 138 109
dog 0.0045 129 95 146 109
dog 0.0042 69 97 76 111
horse 0.0375 129 95 146 109
horse 0.0219 125 96 138 109
horse 0.0123 69 97 76 111
horse 0.0070 53 99 64 119
sheep 0.0206 53 99 64 119
sheep 0.0178 125 96 138 109
sheep 0.0140 129 95 146 109
sheep 0.0135 69 97 76 111
cow 0.2038 129 95 146 109
cow 0.1437 125 96 138 109
cow 0.0283 53 99 64 119
cow 0.0188 69 97 76 111
cow 0.0011 211 93 223 101
bottle 0.0070 443 204 456 224
bottle 0.0047 294 234 311 258
bottle 0.0034 134 213 150 237
