person 0.9794 120 93 249 373
person 0.9366 47 247 149 407
person 0.8782 17 219 166 443
person 0.7507 90 240 236 435
person 0.6775 -7 150 52 435
person 0.3063 115 277 175 397
person 0.2773 21 277 60 338
person 0.2553 147 -10 441 390
person 0.2021 22 283 84 404
person 0.1707 101 299 135 369
person 0.1358 217 201 446 455
person 0.1341 92 151 317 375
person 0.1335 258 177 556 367
person 0.1087 146 112 349 501
person 0.0988 447 290 508 400
person 0.0848 105 -34 257 541
person 0.0662 137 285 178 367
person 0.0623 143 266 210 401
person 0.0563 58 301 81 327
person 0.0549 109 311 129 342
person 0.0455 18 255 66 374
person 0.0417 230 221 335 411
person 0.0382 -3 263 111 424
person 0.0337 111 304 148 367
person 0.0284 99 279 152 395
person 0.0265 0 244 59 415
person 0.0235 301 108 511 493
person 0.0207 121 313 141 340
person 0.0206 -3 -5 35 518
person 0.0205 -11 113 152 503
person 0.0186 73 218 506 364
person 0.0165 -4 128 26 386
person 0.0112 423 272 523 421
person 0.0104 165 241 312 430
person 0.0084 30 283 54 313
person 0.0080 55 259 144 337
person 0.0077 109 280 288 415
person 0.0067 210 263 274 408
person 0.0062 387 149 514 438
person 0.0057 32 289 93 345
person 0.0054 6 277 95 356
person 0.0049 484 313 503 397
person 0.0046 45 298 62 317
person 0.0046 44 298 83 336
person 0.0040 196 317 237 391
person 0.0032 493 337 500 391
person 0.0029 141 170 229 411
person 0.0029 184 302 249 406
person 0.0028 117 326 158 385
person 0.0028 495 314 499 397
person 0.0028 453 318 483 391
person 0.0027 341 274 399 321
person 0.0025 119 318 139 352
person 0.0025 382 241 490 416
person 0.0024 140 297 174 324
person 0.0023 -1 206 6 408
person 0.0021 465 303 506 369
person 0.0020 103 305 121 333
person 0.0018 464 225 506 403
person 0.0018 464 339 505 386
person 0.0018 97 284 129 353
person 0.0017 24 266 61 313
person 0.0017 245 308 282 385
person 0.0017 131 315 224 399
person 0.0014 71 310 148 398
person 0.0013 464 322 489 346
person 0.0012 105 321 120 351
person 0.0011 176 8 418 220
person 0.0011 194 78 246 240
person 0.0011 29 274 56 305
person 0.0010 112 331 126 359
person 0.0010 134 120 190 241
person 0.0010 457 329 476 363
person 0.0010 28 289 44 308
motorbike 0.0024 220 -22 484 393
boat 0.0028 220 -22 484 393
bird 0.0031 220 -22 484 393
dog 0.5640 147 19 491 303
dog 0.0010 124 62 245 440
horse 0.8809 142 12 504 360
horse 0.0048 120 168 535 374
sheep 0.0047 220 -22 484 393
cow 0.0564 220 -22 484 393
cow 0.0157 146 20 451 294
chair 0.0056 41 240 160 356
