person 0.9789 77 3 205 344
person 0.9641 127 -4 272 351
person 0.9513 94 117 500 355
person 0.9438 70 82 294 276
person 0.3655 223 88 411 392
person 0.0816 21 200 478 329
person 0.0088 207 154 429 313
person 0.0077 238 156 355 342
person 0.0061 114 35 204 277
person 0.0057 86 119 337 434
person 0.0030 -41 187 123 371
person 0.0025 272 202 310 250
person 0.0022 262 193 322 260
person 0.0014 -2 13 19 340
person 0.0012 111 155 216 353
person 0.0011 132 114 191 243
person 0.0010 373 184 403 257
cat 0.1657 -39 192 111 375
cat 0.0015 -10 212 71 357
dog 0.8416 -40 190 113 368
dog 0.0069 -11 208 68 348
dog 0.0010 101 145 261 419
bottle 0.0869 13 144 31 178
bottle 0.0158 10 134 35 185
bottle 0.0098 -1 106 66 193
bottle 0.0053 40 100 60 184
bottle 0.0033 34 135 49 173
bottle 0.0020 31 153 49 171
bottle 0.0015 11 120 54 181
bottle 0.0014 26 137 41 168
bottle 0.0013 18 131 47 150
bottle 0.0013 255 209 273 233
bottle 0.0012 249 209 262 233
chair 0.0733 117 -33 278 433
chair 0.0391 370 251 542 368
chair 0.0215 132 133 188 251
chair 0.0156 147 150 183 212
chair 0.0152 243 141 432 324
chair 0.0144 164 24 266 323
chair 0.0070 385 301 528 346
chair 0.0058 452 264 513 329
chair 0.0043 427 160 511 384
chair 0.0040 224 79 264 272
chair 0.0038 -41 187 123 371
chair 0.0036 -1 106 66 193
chair 0.0036 91 96 301 294
chair 0.0033 188 75 403 414
chair 0.0027 -22 66 142 408
chair 0.0026 427 270 523 359
chair 0.0024 83 18 203 365
chair 0.0023 161 166 178 198
chair 0.0020 225 210 288 288
chair 0.0018 -3 46 18 383
chair 0.0018 126 86 195 226
chair 0.0014 209 202 343 352
chair 0.0013 106 118 216 273
chair 0.0013 491 193 501 360
chair 0.0013 122 126 167 294
chair 0.0012 292 243 382 297
chair 0.0012 111 155 216 353
chair 0.0012 346 125 532 430
sofa 0.4997 223 88 411 392
sofa 0.1844 21 200 478 329
sofa 0.1814 86 61 417 441
sofa 0.0692 130 135 584 323
sofa 0.0443 284 147 421 322
sofa 0.0139 117 -33 278 433
sofa 0.0135 209 202 343 352
sofa 0.0038 -22 66 142 408
sofa 0.0033 111 155 216 353
sofa 0.0027 101 145 261 419
sofa 0.0025 91 96 301 294
sofa 0.0024 132 133 188 251
sofa 0.0022 144 146 179 218
sofa 0.0021 196 162 400 307
sofa 0.0021 -41 187 123 371
sofa 0.0020 83 18 203 365
sofa 0.0016 243 222 311 333
sofa 0.0011 225 210 288 288
sofa 0.0011 346 125 532 430
sofa 0.0010 338 182 401 287
pottedplant 0.0046 -1 106 66 193
diningtable 0.1091 -30 40 155 382
diningtable 0.0054 -63 128 191 221
diningtable 0.0023 51 -80 214 401
diningtable 0.0020 -54 168 159 306
diningtable 0.0012 220 221 330 351
tvmonitor 0.0087 240 109 263 198
