person 0.0073 57 247 72 259
person 0.0025 189 220 204 233
person 0.0023 333 211 351 231
person 0.0018 0 220 5 244
person 0.0018 183 224 194 235
person 0.0017 199 220 213 234
person 0.0014 0 230 4 246
person 0.0013 36 168 47 198
person 0.0012 65 162 81 200
person 0.0011 0 209 3 233
car 0.0029 190 218 208 231
car 0.0020 491 206 500 220
car 0.0013 377 225 407 238
car 0.0012 333 211 351 231
car 0.0010 0 230 4 246
aeroplane 0.0077 -20 -3 229 374
aeroplane 0.0025 -78 120 291 248
boat 0.5442 -20 -3 229 374
boat 0.2184 -78 120 291 248
boat 0.0869 378 224 414 237
boat 0.0656 178 23 353 355
boat 0.0588 173 160 358 282
boat 0.0285 -11 202 45 258
boat 0.0258 57 247 72 259
boat 0.0224 0 230 4 246
boat 0.0142 362 216 433 245
boat 0.0101 22 194 269 276
boat 0.0071 202 242 227 252
boat 0.0068 0 220 5 244
boat 0.0062 195 243 216 253
boat 0.0059 282 217 436 246
boat 0.0058 0 230 32 244
boat 0.0052 2 223 28 241
boat 0.0049 207 105 322 288
boat 0.0039 396 223 419 234
boat 0.0033 230 120 292 278
boat 0.0033 340 217 555 246
boat 0.0031 -47 157 187 278
boat 0.0031 86 213 170 247
boat 0.0030 343 175 556 265
boat 0.0018 33 226 246 256
boat 0.0017 -5 143 33 289
boat 0.0014 492 209 500 229
boat 0.0012 495 232 500 245
boat 0.0011 191 243 208 253
boat 0.0010 491 206 500 220
