person 0.9998 87 -9 322 385
person 0.9935 51 65 105 327
person 0.9762 -8 40 43 389
person 0.5309 -6 84 413 352
person 0.2064 3 79 41 169
person 0.0242 24 35 381 260
person 0.0124 325 184 335 206
person 0.0088 66 232 101 402
person 0.0063 -3 100 32 185
person 0.0054 -3 48 37 201
person 0.0043 44 91 103 225
person 0.0039 -1 90 4 370
person 0.0032 154 34 407 328
person 0.0029 322 182 329 202
person 0.0026 0 106 8 144
person 0.0023 -4 94 18 175
person 0.0022 -2 160 29 384
person 0.0020 50 12 116 456
person 0.0019 328 189 338 207
person 0.0017 -2 82 45 279
person 0.0013 -17 71 50 161
person 0.0011 14 94 36 122
person 0.0010 17 133 32 155
person 0.0010 0 202 2 297
bicycle 0.0010 82 0 335 325
car 0.0016 93 56 401 379
boat 0.0011 258 93 454 194
bottle 0.0027 27 168 36 177
chair 0.0024 67 241 102 417
tvmonitor 0.0018 -1 88 10 126
tvmonitor 0.0011 -12 -39 76 160
