person 0.9907 -4 -43 52 138
person 0.9757 103 -41 145 119
person 0.9556 66 -26 105 115
person 0.9437 37 -39 82 121
person 0.7290 91 -33 124 112
person 0.3663 460 -49 507 164
person 0.2904 165 -23 206 80
person 0.1284 98 -14 123 75
person 0.0978 155 -19 186 60
person 0.0405 333 -39 375 117
person 0.0385 25 0 421 252
person 0.0211 317 -34 358 108
person 0.0204 443 -35 503 109
person 0.0179 67 1 100 74
person 0.0153 181 -13 207 69
person 0.0113 429 -19 462 80
person 0.0102 -56 -93 559 176
person 0.0079 352 -26 400 126
person 0.0078 61 -9 82 65
person 0.0074 90 -3 113 98
person 0.0074 427 -32 478 140
person 0.0070 104 -3 116 23
person 0.0070 0 -40 10 116
person 0.0063 410 -44 532 114
person 0.0055 27 21 59 71
person 0.0045 120 71 195 141
person 0.0044 -31 -47 87 146
person 0.0037 377 11 396 44
person 0.0037 392 11 443 130
person 0.0034 114 -19 141 61
person 0.0033 296 -29 344 99
person 0.0031 103 4 115 31
person 0.0028 163 24 178 53
person 0.0026 113 -2 123 19
person 0.0023 0 -14 7 35
person 0.0022 132 -6 149 20
person 0.0021 -1 -40 6 173
person 0.0021 166 9 194 67
person 0.0021 -3 -43 136 121
person 0.0021 51 -5 77 100
person 0.0020 26 10 47 85
person 0.0020 36 13 64 81
person 0.0017 277 -23 321 85
person 0.0017 1 7 6 69
person 0.0017 168 22 184 56
person 0.0015 139 82 176 130
person 0.0014 348 1 476 141
person 0.0013 140 -4 153 19
person 0.0013 89 -15 113 51
person 0.0013 492 -63 501 160
person 0.0012 147 -32 187 91
person 0.0012 66 10 78 47
person 0.0011 190 16 203 57
person 0.0011 372 -4 401 83
person 0.0011 17 -10 490 113
person 0.0011 25 33 60 97
person 0.0011 0 -2 4 59
person 0.0011 376 -24 457 65
person 0.0011 344 -18 375 78
person 0.0010 364 -105 512 213
person 0.0010 72 -1 87 20
person 0.0010 479 -42 503 261
person 0.0010 339 -15 363 91
person 0.0010 -15 -28 51 63
person 0.0010 331 -16 352 94
person 0.0010 173 22 197 56
car 0.9881 27 42 467 323
car 0.0064 -117 51 538 180
car 0.0011 13 -51 486 209
motorbike 0.0022 20 46 436 318
bus 0.0122 48 26 502 305
chair 0.0130 422 5 478 135
chair 0.0061 420 39 459 112
chair 0.0044 350 33 427 115
chair 0.0033 364 -13 415 123
chair 0.0028 465 -31 509 166
chair 0.0026 390 -8 514 152
chair 0.0025 362 40 402 99
chair 0.0023 338 7 454 134
chair 0.0018 398 36 439 115
chair 0.0016 430 51 457 79
chair 0.0015 436 41 474 115
chair 0.0011 444 -9 497 146
chair 0.0011 406 -14 462 128
