person 0.9969 373 33 426 168
person 0.9820 457 -2 508 242
person 0.9761 -15 -20 105 303
person 0.9692 423 42 466 178
person 0.9641 -17 117 101 351
person 0.9562 330 59 364 124
person 0.7786 308 49 349 114
person 0.5380 445 46 473 177
person 0.4991 371 75 390 113
person 0.4960 351 67 385 126
person 0.2618 -5 52 33 116
person 0.2095 300 32 359 131
person 0.1630 420 77 433 92
person 0.1603 382 48 410 104
person 0.1450 -15 41 44 127
person 0.1420 94 76 163 154
person 0.1360 363 68 395 135
person 0.1289 2 43 442 304
person 0.1258 458 73 474 97
person 0.1188 -4 7 27 231
person 0.1184 -4 55 18 130
person 0.1099 0 65 10 105
person 0.1050 103 217 213 280
person 0.1026 -24 3 126 471
person 0.0878 342 60 401 142
person 0.0781 3 61 29 92
person 0.0747 372 77 386 97
person 0.0735 379 77 394 110
person 0.0706 64 56 97 74
person 0.0682 62 203 230 292
person 0.0643 320 46 379 138
person 0.0590 360 77 379 113
person 0.0558 384 74 399 99
person 0.0551 451 74 465 98
person 0.0337 -43 198 128 392
person 0.0333 388 53 406 93
person 0.0325 374 65 400 124
person 0.0312 465 71 480 95
person 0.0308 450 29 492 183
person 0.0289 451 67 477 122
person 0.0272 -18 -11 513 192
person 0.0255 -39 79 142 313
person 0.0248 439 72 455 95
person 0.0243 62 62 122 123
person 0.0232 45 42 114 85
person 0.0220 85 224 175 269
person 0.0213 332 22 458 176
person 0.0208 77 78 104 106
person 0.0200 -4 107 23 323
person 0.0200 352 76 368 114
person 0.0190 415 75 428 95
person 0.0189 321 61 339 90
person 0.0188 107 86 148 144
person 0.0180 431 78 440 91
person 0.0174 -2 -27 18 338
person 0.0168 208 61 282 129
person 0.0168 71 72 109 114
person 0.0168 -2 114 7 266
person 0.0163 65 54 186 178
person 0.0161 60 50 100 103
person 0.0160 98 80 121 107
person 0.0154 -2 36 12 189
person 0.0135 -2 61 8 90
person 0.0124 343 73 356 96
person 0.0124 425 60 454 152
person 0.0102 360 73 377 97
person 0.0099 5 67 24 97
person 0.0094 -3 165 12 292
person 0.0091 25 51 45 82
person 0.0088 19 42 50 104
person 0.0082 92 71 126 116
person 0.0078 403 62 431 147
person 0.0077 183 45 331 157
person 0.0073 432 63 463 109
person 0.0071 342 76 357 110
person 0.0071 -22 67 298 249
person 0.0070 334 78 353 108
person 0.0064 225 61 302 162
person 0.0063 352 72 368 98
person 0.0062 90 82 113 106
person 0.0062 107 81 132 106
person 0.0061 117 83 141 105
person 0.0058 475 20 503 292
person 0.0058 7 26 78 120
person 0.0055 353 85 390 139
person 0.0053 309 74 319 89
person 0.0052 58 -58 226 382
person 0.0052 79 64 160 125
person 0.0048 359 101 383 127
person 0.0047 227 70 265 118
person 0.0044 -28 17 92 148
person 0.0043 335 76 348 95
person 0.0043 61 41 116 158
person 0.0041 -13 130 62 304
person 0.0040 466 -68 504 416
person 0.0039 44 34 88 169
person 0.0038 326 74 336 94
person 0.0037 0 131 3 210
person 0.0036 126 81 152 107
person 0.0036 114 47 252 188
car 0.9518 117 50 506 329
car 0.0224 409 72 444 137
car 0.0187 38 -36 236 280
car 0.0154 -24 -101 135 368
car 0.0152 -22 67 298 249
car 0.0141 415 98 439 127
car 0.0123 415 95 439 112
car 0.0076 -43 198 128 392
car 0.0059 42 41 203 160
car 0.0054 8 29 478 234
car 0.0048 -38 55 144 272
car 0.0042 415 48 463 166
car 0.0033 -2 61 8 90
car 0.0025 326 45 538 161
car 0.0025 -3 165 12 292
car 0.0023 273 -23 530 266
car 0.0021 392 80 481 142
car 0.0011 -18 53 380 342
car 0.0010 -13 219 66 366
car 0.0010 383 59 454 149
car 0.0010 -14 112 84 388
motorbike 0.0124 -43 198 128 392
motorbike 0.0030 359 101 383 127
motorbike 0.0020 353 85 390 139
motorbike 0.0014 410 81 444 142
motorbike 0.0010 38 54 473 326
motorbike 0.0010 346 91 412 151
aeroplane 0.0076 2 43 442 304
bus 0.0051 2 43 442 304
bus 0.0014 -38 55 144 272
train 0.0011 2 43 442 304
horse 0.0033 -43 198 128 392
bottle 0.0128 479 100 493 121
chair 0.0061 -43 198 128 392
sofa 0.0041 -43 198 128 392
tvmonitor 0.0020 253 13 350 102
