person 0.9866 80 36 480 357
person 0.8393 68 -49 223 287
person 0.3790 -36 105 316 340
person 0.1460 89 14 209 198
person 0.0100 55 104 230 252
person 0.0086 -20 65 290 242
person 0.0060 113 59 214 368
person 0.0035 41 5 134 195
person 0.0022 -38 205 334 371
person 0.0020 113 -32 304 322
person 0.0013 334 -3 409 62
person 0.0013 -22 -78 137 295
person 0.0012 -2 104 17 484
cat 0.0029 -37 182 331 358
dog 0.0013 -37 182 331 358
bottle 0.0032 55 104 230 252
bottle 0.0023 169 310 263 399
chair 0.9871 -26 185 349 364
chair 0.2099 128 -90 299 251
chair 0.1676 355 -95 515 331
chair 0.1603 151 -19 281 186
chair 0.1247 141 36 412 387
chair 0.0569 334 42 538 250
chair 0.0314 359 -11 498 172
chair 0.0295 -22 -78 137 295
chair 0.0275 44 114 292 484
chair 0.0175 38 45 522 260
chair 0.0173 112 20 190 89
chair 0.0151 56 107 110 234
chair 0.0073 -5 313 20 396
chair 0.0069 -3 184 20 441
chair 0.0059 29 82 110 316
chair 0.0052 -13 8 104 223
chair 0.0043 77 -41 246 278
chair 0.0030 212 -14 514 301
chair 0.0028 -22 75 295 304
chair 0.0027 156 39 582 196
chair 0.0025 41 5 134 195
chair 0.0021 70 155 505 370
chair 0.0017 -2 261 12 412
chair 0.0017 51 139 90 210
chair 0.0015 -45 46 163 252
chair 0.0014 28 146 75 288
chair 0.0014 -12 90 67 304
chair 0.0011 -8 154 53 285
chair 0.0011 78 85 170 380
chair 0.0010 -66 38 265 194
chair 0.0010 384 11 470 152
sofa 0.0984 164 6 471 381
sofa 0.0983 357 -92 517 370
sofa 0.0834 128 -90 299 251
sofa 0.0619 330 62 539 319
sofa 0.0514 38 45 522 260
sofa 0.0131 151 -19 281 186
sofa 0.0052 363 -10 501 257
sofa 0.0051 268 23 548 209
sofa 0.0049 77 -41 246 278
sofa 0.0011 214 -42 516 262
sofa 0.0010 -22 -78 137 295
diningtable 0.0015 128 -90 299 251
diningtable 0.0012 -38 205 334 371
tvmonitor 0.0017 -15 -7 105 216
