person 0.9961 138 148 201 337
person 0.9813 207 143 231 197
person 0.3881 222 137 231 165
person 0.3766 144 142 158 161
person 0.1219 469 151 482 177
person 0.0917 116 138 243 345
person 0.0529 207 143 220 163
person 0.0464 63 109 77 127
person 0.0378 232 153 242 173
person 0.0338 434 148 447 173
person 0.0174 472 155 485 183
person 0.0145 301 174 323 196
person 0.0142 60 110 70 126
person 0.0122 95 135 105 156
person 0.0102 281 139 291 168
person 0.0098 88 141 99 160
person 0.0070 245 188 258 222
person 0.0070 284 139 299 169
person 0.0068 309 175 330 194
person 0.0064 225 179 265 239
person 0.0061 19 142 34 160
person 0.0061 124 137 134 152
person 0.0058 0 127 3 159
person 0.0054 212 152 225 178
person 0.0050 332 173 349 197
person 0.0048 179 76 531 295
person 0.0048 201 137 215 155
person 0.0043 205 143 215 160
person 0.0042 285 148 297 174
person 0.0041 218 156 232 170
person 0.0037 295 174 313 195
person 0.0036 475 151 489 176
person 0.0034 279 148 291 173
person 0.0032 463 139 490 186
person 0.0031 195 137 252 205
person 0.0028 92 141 103 159
person 0.0026 214 169 276 250
person 0.0025 127 143 133 157
person 0.0023 251 152 262 171
person 0.0023 491 147 501 174
person 0.0021 464 155 476 174
person 0.0017 0 114 4 158
person 0.0016 193 138 204 152
person 0.0016 240 135 251 154
person 0.0015 133 135 142 151
person 0.0014 105 136 114 152
person 0.0013 293 141 311 162
person 0.0013 278 132 305 179
person 0.0012 232 151 252 174
person 0.0011 16 138 44 156
person 0.0010 402 150 415 170
person 0.0010 150 137 163 154
bicycle 0.0046 469 151 482 177
bicycle 0.0011 434 148 447 173
car 0.6098 197 75 434 320
car 0.0307 199 137 231 155
car 0.0193 491 147 501 174
car 0.0043 207 143 220 163
car 0.0035 185 128 249 165
car 0.0028 235 144 313 178
car 0.0024 144 142 158 161
car 0.0021 201 137 215 155
car 0.0015 434 148 447 173
car 0.0012 487 116 503 189
car 0.0010 449 137 518 185
motorbike 0.0163 144 142 158 161
motorbike 0.0010 469 151 482 177
dog 0.0036 144 142 158 161
dog 0.0023 232 153 242 173
bottle 0.0017 63 109 77 127
bottle 0.0010 245 188 258 222
chair 0.0017 63 109 77 127
pottedplant 0.0012 416 142 439 170
