person 0.0027 373 173 406 193
person 0.0020 390 174 430 192
person 0.0017 428 178 459 194
person 0.0012 365 172 394 191
person 0.0011 384 175 411 192
car 0.7552 390 174 430 192
car 0.5610 330 162 428 204
car 0.4321 472 188 501 201
car 0.2775 421 177 458 193
car 0.1458 12 140 174 222
car 0.1209 265 179 297 191
car 0.1046 372 167 445 198
car 0.0955 400 173 476 198
car 0.0804 489 188 500 200
car 0.0564 451 189 478 200
car 0.0517 373 173 406 193
car 0.0446 307 180 337 192
car 0.0410 416 179 441 192
car 0.0338 120 141 229 222
car 0.0321 465 188 487 199
car 0.0317 448 186 470 199
car 0.0272 384 175 411 192
car 0.0192 492 190 499 205
car 0.0108 61 148 157 217
car 0.0104 493 176 499 188
car 0.0086 365 172 394 191
car 0.0064 473 176 498 187
car 0.0062 434 181 518 206
car 0.0060 328 176 353 194
car 0.0059 315 183 343 192
car 0.0049 32 126 258 228
car 0.0047 445 176 468 187
car 0.0046 0 185 8 200
car 0.0045 388 170 523 200
car 0.0045 239 173 310 196
car 0.0041 279 165 406 201
car 0.0028 -1 170 31 181
car 0.0028 186 173 206 195
car 0.0028 333 173 368 193
car 0.0023 0 165 6 184
car 0.0023 0 170 4 192
car 0.0023 467 178 486 187
car 0.0022 24 169 44 182
car 0.0020 53 173 88 193
car 0.0018 347 172 375 191
car 0.0017 8 175 39 184
car 0.0016 368 172 390 181
car 0.0016 40 159 102 208
car 0.0015 32 174 52 184
car 0.0012 23 175 43 183
car 0.0012 302 184 326 191
car 0.0011 359 171 380 180
car 0.0010 30 164 53 185
car 0.0010 331 182 350 193
bus 0.0055 15 137 186 223
bus 0.0020 120 141 229 222
bus 0.0010 390 174 430 192
train 0.0011 32 126 258 228
train 0.0010 216 138 427 212
bird 0.0016 213 37 219 44
