person 0.9959 211 -57 300 420
person 0.9797 55 97 298 309
person 0.9617 273 -63 359 434
person 0.9317 307 -181 384 583
person 0.9157 -42 115 162 317
person 0.6961 15 74 114 244
person 0.6445 96 -90 269 452
person 0.3555 -35 3 158 484
person 0.3199 -12 75 102 364
person 0.3108 178 42 334 311
person 0.2785 240 21 386 331
person 0.0278 284 -32 378 175
person 0.0233 128 26 261 337
person 0.0124 327 -28 380 118
person 0.0104 204 4 299 248
person 0.0083 315 -81 384 252
person 0.0082 323 17 371 187
person 0.0077 259 -44 332 333
person 0.0058 269 55 308 273
person 0.0053 217 58 257 200
person 0.0048 7 93 43 144
person 0.0044 4 285 228 476
person 0.0041 211 14 266 159
person 0.0037 -6 -18 134 312
person 0.0030 11 232 88 295
person 0.0026 -8 74 49 249
person 0.0020 286 -12 342 115
person 0.0020 -27 179 115 333
person 0.0017 216 96 230 140
person 0.0017 11 102 39 134
person 0.0016 42 134 85 241
person 0.0015 -85 157 306 326
person 0.0015 34 39 86 174
person 0.0013 101 163 188 263
person 0.0012 212 89 235 151
person 0.0011 222 100 239 122
person 0.0010 91 69 141 261
person 0.0010 320 25 357 83
bottle 0.8950 46 150 83 226
bottle 0.0950 43 133 88 261
bottle 0.0322 93 157 116 233
bottle 0.0078 13 193 33 221
bottle 0.0051 289 83 322 139
bottle 0.0023 56 159 77 195
bottle 0.0019 -28 150 153 260
bottle 0.0016 292 101 310 133
bottle 0.0015 26 144 95 228
bottle 0.0015 296 107 315 130
bottle 0.0014 157 301 360 488
bottle 0.0013 49 180 65 213
bottle 0.0012 84 187 106 223
bottle 0.0011 79 183 111 232
chair 0.7317 -34 267 97 394
chair 0.5705 208 157 262 354
chair 0.3516 100 171 192 243
chair 0.1494 83 153 199 283
chair 0.1447 109 74 282 420
chair 0.0183 -25 309 81 373
chair 0.0143 150 214 255 393
chair 0.0100 167 135 267 353
chair 0.0100 55 97 298 309
chair 0.0094 93 157 116 233
chair 0.0089 269 170 326 343
chair 0.0082 44 156 243 406
chair 0.0060 189 263 358 343
chair 0.0055 214 276 345 318
chair 0.0053 123 166 183 272
chair 0.0052 -30 325 103 391
chair 0.0046 4 285 228 476
chair 0.0037 269 135 351 382
chair 0.0032 -18 183 108 462
chair 0.0030 -28 -27 153 451
chair 0.0029 241 172 298 342
chair 0.0027 -42 229 127 366
chair 0.0025 -34 165 159 307
chair 0.0023 210 49 299 385
chair 0.0022 304 194 347 361
chair 0.0022 228 155 273 335
chair 0.0020 288 -9 383 486
chair 0.0020 32 161 203 583
chair 0.0018 37 201 134 267
chair 0.0017 149 177 180 239
chair 0.0017 -9 277 65 389
chair 0.0016 -17 287 94 545
chair 0.0012 -42 305 107 436
chair 0.0012 97 165 113 213
chair 0.0011 78 153 312 256
pottedplant 0.0029 4 285 228 476
diningtable 0.1770 -33 170 161 268
diningtable 0.1354 -64 310 436 500
diningtable 0.1233 7 304 263 499
diningtable 0.0648 19 207 354 533
diningtable 0.0278 -28 -27 153 451
diningtable 0.0233 -9 194 145 239
diningtable 0.0203 100 171 192 243
diningtable 0.0161 2 80 119 361
diningtable 0.0144 33 205 137 245
diningtable 0.0131 83 153 199 283
diningtable 0.0058 -17 312 94 546
diningtable 0.0055 50 139 216 670
diningtable 0.0043 -47 230 166 365
diningtable 0.0041 18 186 114 230
diningtable 0.0041 -34 248 176 634
diningtable 0.0040 -31 260 103 387
diningtable 0.0038 95 10 281 409
diningtable 0.0037 -18 384 390 562
diningtable 0.0025 260 167 412 275
diningtable 0.0025 29 216 286 303
diningtable 0.0021 61 191 126 239
diningtable 0.0019 -35 300 106 439
diningtable 0.0015 283 325 388 545
diningtable 0.0014 7 89 224 410
diningtable 0.0012 157 301 360 488
diningtable 0.0012 183 278 355 325
