person 0.9991 199 112 581 326
person 0.0400 -1 109 10 214
person 0.0244 -4 79 27 240
person 0.0179 410 170 484 249
person 0.0149 13 91 41 177
person 0.0116 431 -30 505 304
person 0.0067 156 153 196 210
person 0.0065 0 123 3 199
person 0.0058 477 61 503 368
person 0.0057 145 142 208 221
person 0.0046 3 76 49 238
person 0.0034 179 138 252 220
person 0.0031 468 -61 504 451
person 0.0018 436 181 474 240
person 0.0016 20 103 77 248
person 0.0011 0 125 3 234
car 0.6166 210 6 358 384
car 0.1644 -70 124 351 316
car 0.1576 72 92 184 167
car 0.1301 220 99 342 294
car 0.0524 50 107 117 162
car 0.0476 5 107 100 176
car 0.0447 102 86 252 173
car 0.0323 -1 109 10 214
car 0.0322 -22 90 121 190
car 0.0278 162 100 405 295
car 0.0166 -4 79 27 240
car 0.0164 119 15 307 373
car 0.0141 93 101 134 125
car 0.0081 0 123 3 199
car 0.0053 180 115 579 323
car 0.0050 162 42 399 189
car 0.0041 67 116 109 154
car 0.0038 82 91 141 137
car 0.0026 45 126 78 152
car 0.0025 27 74 191 177
car 0.0023 -7 131 29 206
car 0.0019 410 170 484 249
car 0.0017 15 46 259 298
car 0.0014 132 99 208 133
car 0.0010 0 125 3 234
motorbike 0.0019 291 101 513 446
bus 0.3000 193 -25 368 295
bus 0.0420 151 91 410 253
bus 0.0197 102 86 252 173
bus 0.0195 72 92 184 167
bus 0.0166 162 42 399 189
bus 0.0041 -52 140 374 320
bus 0.0033 220 99 342 294
train 0.0019 193 -25 368 295
boat 0.0039 210 6 358 384
boat 0.0011 102 86 252 173
