person 0.6125 252 425 269 451
person 0.4653 218 431 229 443
person 0.3329 262 430 273 450
person 0.1649 241 426 253 452
person 0.1315 222 429 233 445
person 0.1222 269 427 281 461
person 0.1155 111 430 119 442
person 0.1145 102 427 110 443
person 0.0994 270 431 280 449
person 0.0833 237 427 248 450
person 0.0822 95 427 102 444
person 0.0218 102 426 109 436
person 0.0186 245 417 277 461
person 0.0157 119 434 126 444
person 0.0155 110 426 117 436
person 0.0120 131 435 139 446
person 0.0109 224 411 295 467
person 0.0070 256 423 265 439
person 0.0069 189 434 196 443
person 0.0066 253 419 286 473
person 0.0063 234 420 260 474
person 0.0039 96 427 102 435
person 0.0031 -8 368 392 507
person 0.0030 90 441 100 449
person 0.0025 118 438 131 449
person 0.0017 212 419 247 473
person 0.0015 115 365 306 502
person 0.0015 241 419 253 442
person 0.0014 234 421 247 439
person 0.0013 222 434 238 456
person 0.0013 102 439 128 449
person 0.0012 137 96 308 467
person 0.0011 162 -158 262 718
person 0.0010 225 420 239 437
person 0.0010 71 433 80 439
aeroplane 0.0018 137 5 304 488
boat 0.9087 69 410 159 468
boat 0.4324 137 5 304 488
boat 0.0619 217 412 299 483
boat 0.0569 126 360 269 504
boat 0.0337 161 -89 264 676
boat 0.0250 243 347 293 479
boat 0.0123 153 374 206 485
boat 0.0119 194 365 317 502
boat 0.0092 44 392 186 481
boat 0.0073 219 251 298 497
boat 0.0043 102 427 110 443
boat 0.0036 95 427 102 444
boat 0.0032 111 430 119 442
boat 0.0028 244 418 277 472
boat 0.0025 62 362 379 519
boat 0.0024 114 273 329 543
boat 0.0022 163 382 196 469
boat 0.0019 102 439 128 449
boat 0.0018 252 433 269 454
boat 0.0018 195 409 265 485
boat 0.0015 102 426 109 436
boat 0.0014 258 355 285 462
boat 0.0014 102 404 294 486
boat 0.0013 87 416 123 457
boat 0.0012 240 449 280 464
boat 0.0011 110 426 117 436
boat 0.0010 71 433 80 439
