person 0.0030 25 243 331 637
bird 0.0043 89 229 142 332
cat 0.9959 132 135 238 311
cat 0.0733 124 63 252 380
cat 0.0217 89 229 142 332
cat 0.0068 25 243 331 637
cat 0.0052 104 158 159 242
dog 0.0062 129 132 241 334
dog 0.0011 89 229 142 332
chair 0.9885 0 236 305 641
chair 0.8981 -52 368 364 501
chair 0.5493 169 195 346 465
chair 0.2514 161 115 307 342
chair 0.0879 184 149 286 308
chair 0.0753 -80 290 408 491
chair 0.0666 207 76 301 595
chair 0.0597 13 217 348 445
chair 0.0084 257 215 321 535
chair 0.0075 133 131 246 335
chair 0.0049 169 177 271 565
chair 0.0038 126 205 231 468
chair 0.0030 119 70 267 402
chair 0.0022 253 37 329 600
chair 0.0014 -33 415 395 542
chair 0.0012 -75 464 390 512
sofa 0.0021 1 240 227 631
sofa 0.0011 152 194 326 462
sofa 0.0011 -52 368 364 501
pottedplant 0.9522 84 65 143 300
pottedplant 0.1274 104 158 159 242
pottedplant 0.0653 85 152 131 278
pottedplant 0.0079 89 229 142 332
pottedplant 0.0056 93 219 132 268
pottedplant 0.0052 109 171 142 238
pottedplant 0.0031 22 -98 102 460
pottedplant 0.0028 -27 29 150 335
pottedplant 0.0025 68 176 97 256
pottedplant 0.0024 65 98 106 306
pottedplant 0.0014 47 36 119 331
pottedplant 0.0013 94 230 123 260
pottedplant 0.0010 214 -34 248 131
diningtable 0.9797 0 266 354 486
diningtable 0.2180 -40 363 392 501
diningtable 0.0194 -33 415 395 542
diningtable 0.0051 76 176 290 417
diningtable 0.0044 -52 458 444 514
diningtable 0.0024 1 240 227 631
diningtable 0.0024 109 449 360 519
diningtable 0.0010 78 121 281 612
