person 0.0756 85 100 97 113
person 0.0040 95 124 124 141
person 0.0028 93 101 103 113
person 0.0015 111 125 124 140
car 0.0022 73 117 146 150
car 0.0015 84 155 576 273
car 0.0014 192 56 515 358
boat 0.9730 141 42 520 376
boat 0.8195 84 155 576 273
boat 0.4064 9 166 325 325
boat 0.3742 50 52 273 449
boat 0.0527 -58 165 636 310
boat 0.0121 62 145 460 335
boat 0.0057 69 76 216 346
boat 0.0010 -14 100 85 128
pottedplant 0.0014 305 105 440 252
pottedplant 0.0011 304 29 506 322
diningtable 0.0046 -84 170 600 312
diningtable 0.0037 62 145 460 335
diningtable 0.0030 9 166 325 325
