person 0.0058 -11 137 197 490
person 0.0023 -8 67 328 406
person 0.0010 141 209 257 271
bird 0.0026 276 170 296 197
cat 0.0122 181 212 243 261
cat 0.0011 276 170 296 197
dog 0.0067 170 208 248 267
bottle 0.0063 402 99 416 147
bottle 0.0061 381 99 397 147
bottle 0.0048 445 176 464 206
bottle 0.0047 392 99 405 147
bottle 0.0047 241 318 278 368
bottle 0.0031 417 178 433 200
bottle 0.0019 428 176 451 201
bottle 0.0018 166 316 189 342
bottle 0.0012 410 105 441 149
bottle 0.0010 387 97 410 149
bottle 0.0010 372 102 386 144
chair 0.6100 277 145 353 323
chair 0.2542 88 195 231 391
chair 0.0366 229 129 376 335
chair 0.0149 -20 176 160 478
chair 0.0046 123 221 203 366
chair 0.0017 414 200 514 420
chair 0.0015 269 150 329 288
chair 0.0010 -23 50 311 453
sofa 0.9746 -81 191 371 333
sofa 0.9119 -41 62 332 409
sofa 0.0501 -17 125 159 491
sofa 0.0171 22 164 233 462
sofa 0.0022 105 218 217 397
sofa 0.0022 -19 206 108 418
sofa 0.0021 -70 225 270 363
pottedplant 0.8404 296 18 420 191
pottedplant 0.6692 -11 137 197 490
pottedplant 0.6123 319 38 392 172
pottedplant 0.4246 231 157 266 202
pottedplant 0.0787 225 149 279 212
pottedplant 0.0347 446 15 505 181
pottedplant 0.0079 327 81 359 149
pottedplant 0.0061 276 170 296 197
pottedplant 0.0039 -70 225 270 363
pottedplant 0.0035 205 155 225 188
pottedplant 0.0034 234 102 279 222
pottedplant 0.0033 342 61 400 168
pottedplant 0.0024 29 242 144 412
pottedplant 0.0019 4 283 204 417
pottedplant 0.0019 239 161 256 185
pottedplant 0.0019 41 230 215 392
pottedplant 0.0015 415 9 533 191
pottedplant 0.0014 456 -41 510 241
diningtable 0.1877 79 240 357 440
diningtable 0.0075 129 288 320 412
diningtable 0.0033 -5 192 257 460
diningtable 0.0010 152 232 507 440
tvmonitor 0.0200 58 94 136 162
tvmonitor 0.0047 12 -23 170 152
tvmonitor 0.0044 -2 144 9 176
tvmonitor 0.0019 429 -20 515 182
tvmonitor 0.0018 30 85 172 191
tvmonitor 0.0013 415 157 514 432
tvmonitor 0.0012 -81 191 371 333
