person 0.9980 -54 153 256 486
person 0.9974 85 63 367 522
person 0.9953 -10 122 43 343
person 0.9921 8 143 86 320
person 0.9907 247 27 379 367
person 0.9772 224 106 404 302
person 0.9253 233 -98 392 502
person 0.7669 58 153 107 298
person 0.0448 69 172 101 243
person 0.0340 351 255 381 328
person 0.0232 68 199 107 275
person 0.0205 186 104 419 472
person 0.0096 312 143 356 303
person 0.0088 12 164 42 228
person 0.0075 322 176 353 275
person 0.0068 -2 180 6 215
person 0.0057 21 178 37 214
person 0.0046 -5 161 23 233
person 0.0046 79 186 96 225
person 0.0042 76 180 95 213
person 0.0035 8 173 31 200
person 0.0028 327 109 372 298
person 0.0026 2 167 37 213
person 0.0025 1 173 16 202
person 0.0024 -5 152 45 262
person 0.0020 69 176 86 215
person 0.0017 -10 219 90 528
person 0.0017 19 174 34 203
person 0.0017 -37 259 175 480
person 0.0016 49 214 121 295
person 0.0016 -3 167 9 247
person 0.0016 64 159 96 221
person 0.0015 57 206 95 283
person 0.0014 9 152 82 239
person 0.0013 19 170 53 237
person 0.0012 -5 222 40 487
person 0.0011 347 210 381 351
person 0.0011 44 365 134 532
person 0.0011 0 180 14 212
person 0.0011 146 113 176 188
person 0.0011 53 120 143 319
person 0.0011 3 133 463 369
person 0.0011 313 79 384 365
bottle 0.0170 44 365 134 532
bottle 0.0047 330 177 356 275
bottle 0.0018 63 56 380 462
chair 0.0062 349 245 382 324
chair 0.0049 -13 232 48 312
chair 0.0048 8 231 85 302
chair 0.0034 -5 222 40 487
chair 0.0029 -6 245 33 299
chair 0.0026 324 161 373 321
chair 0.0020 325 234 391 313
chair 0.0016 17 254 33 295
chair 0.0015 59 248 73 280
chair 0.0015 330 177 356 275
chair 0.0014 -16 255 49 351
chair 0.0013 -53 244 259 486
chair 0.0011 -4 271 41 336
chair 0.0011 83 108 364 523
chair 0.0011 -10 219 90 528
sofa 0.0135 -53 244 259 486
sofa 0.0048 -8 221 53 486
sofa 0.0019 -83 301 445 494
sofa 0.0016 16 131 367 502
sofa 0.0012 -16 255 49 351
diningtable 0.0590 -16 255 49 351
diningtable 0.0123 -11 367 60 540
diningtable 0.0089 -4 271 41 336
diningtable 0.0086 -5 222 40 487
diningtable 0.0032 325 234 391 313
diningtable 0.0025 -7 303 148 601
diningtable 0.0025 -2 282 40 304
diningtable 0.0015 -33 348 89 561
diningtable 0.0011 349 245 382 324
