person 0.0663 250 87 333 181
person 0.0348 149 85 225 162
person 0.0288 212 90 294 173
person 0.0267 290 90 335 171
person 0.0151 253 106 292 160
person 0.0138 104 86 139 137
person 0.0127 -41 92 496 282
person 0.0059 205 80 355 185
person 0.0057 167 98 206 150
person 0.0053 125 64 242 179
person 0.0046 110 98 133 129
person 0.0039 69 54 409 328
person 0.0031 118 91 136 116
person 0.0029 236 104 313 172
person 0.0025 159 80 197 149
person 0.0022 133 83 164 147
person 0.0021 184 117 209 145
person 0.0021 303 110 339 168
person 0.0020 96 72 161 153
person 0.0018 139 103 157 140
person 0.0018 234 103 275 160
person 0.0018 273 103 315 162
person 0.0017 178 110 199 139
person 0.0017 284 79 354 186
person 0.0017 168 89 263 157
person 0.0016 166 118 188 143
person 0.0015 193 119 219 144
person 0.0011 292 103 319 124
car 0.9707 -58 80 515 278
car 0.8696 55 39 396 309
car 0.0342 218 -8 500 320
motorbike 0.0060 -41 92 496 282
motorbike 0.0020 72 31 404 310
aeroplane 0.0042 90 -24 392 301
bus 0.0015 -62 75 530 282
cow 0.0028 164 -13 496 297
diningtable 0.0043 72 31 404 310
diningtable 0.0016 218 -8 500 320
