person 0.9991 79 38 429 316
person 0.2595 216 -26 292 62
person 0.2104 459 -25 506 96
person 0.1490 342 -28 455 95
person 0.0808 82 -15 155 35
person 0.0678 35 -10 110 26
person 0.0498 64 -4 96 18
person 0.0266 34 -4 73 15
person 0.0127 -7 -10 96 23
person 0.0112 373 -14 439 83
person 0.0093 219 -35 416 80
person 0.0084 414 -42 524 113
person 0.0075 233 -15 275 52
person 0.0054 129 -22 209 49
person 0.0048 485 -26 503 99
person 0.0047 127 -26 314 63
person 0.0037 373 -2 408 59
person 0.0036 163 -23 252 54
person 0.0029 6 -4 41 12
person 0.0026 18 171 427 325
person 0.0025 -20 -21 270 51
person 0.0021 85 -3 114 20
person 0.0021 77 -2 104 19
person 0.0016 254 -15 288 54
person 0.0016 90 10 343 480
person 0.0013 -5 -50 496 91
bicycle 0.9806 14 181 469 325
bicycle 0.7852 72 93 424 454
bicycle 0.0033 134 62 415 319
bicycle 0.0014 70 123 269 434
bicycle 0.0014 342 -28 455 95
bottle 0.0011 213 194 268 304
chair 0.0010 134 62 415 319
