person 0.0159 196 205 356 352
person 0.0040 228 223 289 328
person 0.0019 408 269 530 422
person 0.0011 380 81 401 155
car 0.0087 78 89 203 236
car 0.0025 122 101 174 223
bottle 0.0218 185 83 203 146
bottle 0.0059 380 81 401 155
bottle 0.0011 -3 227 19 329
bottle 0.0010 206 109 225 139
chair 0.9948 -6 -6 142 555
chair 0.9919 -4 134 150 414
chair 0.3304 -30 188 190 351
chair 0.0808 408 269 530 422
chair 0.0182 -22 163 162 239
chair 0.0084 120 110 174 241
chair 0.0081 131 130 170 215
chair 0.0056 -5 182 25 372
chair 0.0053 78 89 203 236
chair 0.0016 430 337 521 393
chair 0.0015 -3 227 19 329
chair 0.0014 102 103 152 280
chair 0.0010 102 125 136 204
sofa 0.0281 -4 45 141 525
sofa 0.0090 408 269 530 422
sofa 0.0072 -34 181 169 358
sofa 0.0055 -5 182 25 372
sofa 0.0011 370 188 523 425
pottedplant 0.9678 203 75 286 159
pottedplant 0.9322 374 173 521 424
pottedplant 0.0393 223 86 267 148
pottedplant 0.0381 -4 187 23 393
pottedplant 0.0118 412 263 528 414
pottedplant 0.0089 383 262 454 404
pottedplant 0.0055 331 102 506 510
pottedplant 0.0020 470 213 504 412
pottedplant 0.0016 425 154 512 395
pottedplant 0.0010 -3 227 19 329
diningtable 0.0035 -4 45 141 525
diningtable 0.0012 -4 187 23 393
tvmonitor 0.0053 199 105 376 447
