person 0.0222 40 -24 242 56
person 0.0041 103 205 243 543
person 0.0023 -2 282 14 402
person 0.0010 16 298 309 478
cat 0.0549 145 99 313 225
cat 0.0032 103 205 243 543
cat 0.0013 40 -24 242 56
dog 0.9977 78 60 255 687
dog 0.9911 59 294 270 460
dog 0.7235 145 99 313 225
dog 0.1954 103 205 243 543
dog 0.0050 40 -24 242 56
dog 0.0010 97 55 451 211
bottle 0.0090 178 -2 207 16
bottle 0.0041 139 -10 224 26
bottle 0.0029 187 -2 216 11
bottle 0.0024 164 -3 198 13
chair 0.0136 16 303 332 480
chair 0.0025 14 -7 376 515
chair 0.0023 183 -53 403 221
sofa 0.5402 75 14 357 494
sofa 0.0104 24 -89 257 183
sofa 0.0087 16 303 332 480
sofa 0.0047 97 55 451 211
sofa 0.0020 -18 165 461 418
sofa 0.0017 34 -36 278 93
sofa 0.0011 183 -53 403 221
tvmonitor 0.0020 134 -21 453 48
