person 0.9797 23 63 381 382
person 0.6432 -106 159 471 365
person 0.0018 307 84 515 516
person 0.0016 443 106 511 254
person 0.0015 290 152 421 433
person 0.0015 -100 1 396 237
person 0.0014 -12 79 72 391
person 0.0012 245 215 569 368
person 0.0011 -29 139 89 290
car 0.5526 14 -35 406 353
car 0.0495 291 169 452 304
car 0.0138 127 0 522 371
car 0.0130 18 130 383 391
car 0.0042 -107 29 435 254
car 0.0040 -78 145 486 321
car 0.0020 268 114 459 365
aeroplane 0.0028 35 -33 464 346
bus 0.0015 35 -33 464 346
boat 0.0076 10 -24 334 270
boat 0.0018 33 -7 459 384
dog 0.4848 2 -22 347 339
dog 0.1341 -110 3 430 239
horse 0.1048 -100 1 396 237
horse 0.0577 -2 -12 302 321
sheep 0.0013 2 -22 347 339
sheep 0.0013 -110 3 430 239
cow 0.0111 -2 -12 302 321
cow 0.0076 -100 1 396 237
chair 0.0736 393 164 520 430
chair 0.0238 245 215 569 368
chair 0.0198 345 77 523 524
chair 0.0122 290 152 421 433
chair 0.0046 278 67 454 519
chair 0.0014 258 171 453 304
chair 0.0012 299 202 514 466
chair 0.0012 10 -24 334 270
chair 0.0010 338 221 486 407
tvmonitor 0.0135 35 -33 464 346
tvmonitor 0.0014 291 169 452 304
tvmonitor 0.0013 142 11 584 230
