person 0.1044 327 146 332 159
person 0.0210 432 179 441 190
person 0.0049 420 173 433 191
person 0.0045 84 206 98 221
person 0.0044 87 209 95 228
person 0.0043 424 184 449 204
person 0.0042 76 206 88 220
person 0.0032 489 196 501 229
person 0.0032 -23 56 526 255
person 0.0032 77 213 89 225
person 0.0028 321 147 325 156
person 0.0025 360 155 367 168
person 0.0017 -3 130 16 152
person 0.0016 160 121 167 130
person 0.0014 5 124 39 147
person 0.0011 115 110 146 136
car 0.9848 47 178 129 267
car 0.9831 163 148 187 175
car 0.8641 361 178 433 231
car 0.6226 403 176 464 218
car 0.5157 115 110 146 136
car 0.4123 489 196 501 229
car 0.3587 -3 130 16 152
car 0.1512 5 124 39 147
car 0.1340 80 126 99 141
car 0.1001 71 127 94 141
car 0.0996 -10 117 54 156
car 0.0762 411 184 448 212
car 0.0630 158 140 192 184
car 0.0458 484 183 503 243
car 0.0446 62 128 81 141
car 0.0363 218 122 230 132
car 0.0322 42 127 64 140
car 0.0311 395 190 423 215
car 0.0290 104 102 161 144
car 0.0270 51 128 74 141
car 0.0253 490 193 499 215
car 0.0186 378 184 420 224
car 0.0183 284 138 297 150
car 0.0166 480 199 497 219
car 0.0147 211 126 224 136
car 0.0143 424 184 449 204
car 0.0143 211 122 224 132
car 0.0133 11 130 37 152
car 0.0130 35 130 54 141
car 0.0127 20 133 45 150
car 0.0118 406 188 426 209
car 0.0101 240 325 250 335
car 0.0095 240 328 250 339
car 0.0094 217 125 228 136
car 0.0092 436 191 453 206
car 0.0087 90 127 104 140
car 0.0084 275 136 296 150
car 0.0081 382 190 415 214
car 0.0080 160 121 167 130
car 0.0071 19 128 42 144
car 0.0067 384 197 416 221
car 0.0049 495 213 500 243
car 0.0046 393 186 424 203
car 0.0045 67 193 113 249
car 0.0025 256 334 276 356
car 0.0024 248 269 264 288
car 0.0023 182 123 192 130
car 0.0021 386 186 413 202
car 0.0020 230 121 239 129
car 0.0020 253 301 267 317
car 0.0018 30 107 463 349
car 0.0016 199 123 214 131
car 0.0015 -7 121 20 162
car 0.0015 240 122 249 129
car 0.0015 43 118 117 149
car 0.0014 80 124 96 134
car 0.0014 438 186 451 203
car 0.0013 468 195 484 208
car 0.0013 254 308 269 324
car 0.0012 254 316 271 334
car 0.0012 117 116 129 133
car 0.0012 457 185 469 205
car 0.0012 142 119 151 131
car 0.0012 250 129 259 138
car 0.0011 -23 56 526 255
car 0.0010 32 134 50 148
bus 0.0098 5 124 39 147
bus 0.0087 -13 117 48 157
bus 0.0065 -3 130 16 152
bus 0.0050 489 196 501 229
bus 0.0041 115 110 146 136
bus 0.0018 403 170 464 221
boat 0.0049 382 98 443 229
boat 0.0030 409 133 429 150
boat 0.0020 489 196 501 229
boat 0.0014 353 86 481 244
bird 0.0011 442 97 451 102
