person 0.0314 0 148 9 179
person 0.0218 187 154 205 186
person 0.0094 182 143 210 189
person 0.0076 0 148 5 194
person 0.0069 172 160 186 180
person 0.0053 178 158 193 182
person 0.0046 198 155 218 187
person 0.0039 -2 127 12 217
person 0.0038 383 164 396 185
person 0.0034 191 141 225 192
person 0.0034 492 168 501 197
person 0.0025 279 141 312 202
person 0.0024 -3 47 20 304
person 0.0023 471 172 482 192
person 0.0022 2 133 5 177
person 0.0021 204 147 222 182
person 0.0020 25 93 461 292
person 0.0019 293 152 308 192
person 0.0018 463 172 473 193
person 0.0018 125 160 138 188
person 0.0016 5 154 15 170
person 0.0014 50 157 58 171
person 0.0013 115 157 143 210
person 0.0012 287 152 303 190
person 0.0010 120 165 139 202
person 0.0010 174 133 236 199
bus 0.0012 352 113 542 267
train 0.9997 -128 115 532 268
train 0.8504 352 113 542 267
train 0.2749 -3 86 378 301
train 0.0176 -15 0 421 375
train 0.0030 344 13 534 413
train 0.0019 -3 102 12 203
train 0.0016 -3 45 21 273
