person 0.9994 16 2 344 512
person 0.0170 123 339 167 414
person 0.0155 130 292 179 409
person 0.0137 189 313 251 434
person 0.0136 144 301 180 376
person 0.0130 193 277 245 389
person 0.0111 158 290 225 377
person 0.0087 126 306 161 375
person 0.0078 145 331 215 423
person 0.0068 78 449 464 522
person 0.0047 -61 248 441 483
person 0.0033 197 291 239 358
person 0.0028 170 303 212 364
person 0.0015 -24 151 329 419
person 0.0013 205 317 243 385
car 0.0012 14 -9 347 462
bottle 0.0101 -7 -31 329 483
chair 0.0691 30 127 340 524
chair 0.0041 34 4 349 195
chair 0.0032 -54 258 495 480
chair 0.0027 -22 419 110 532
chair 0.0010 -11 271 35 348
sofa 0.0365 30 127 340 524
sofa 0.0108 290 227 383 563
sofa 0.0061 -61 308 496 491
sofa 0.0015 199 255 401 488
sofa 0.0011 10 -5 366 367
diningtable 0.0021 -7 -31 329 483
diningtable 0.0012 19 218 358 506
