person 0.9983 178 65 358 309
person 0.0171 -15 163 105 355
person 0.0118 112 163 141 194
person 0.0078 -22 99 121 425
person 0.0057 300 163 323 197
person 0.0042 96 154 151 205
person 0.0038 -43 162 137 274
person 0.0037 454 138 484 345
person 0.0032 -2 181 125 242
person 0.0028 -6 158 36 287
person 0.0027 -19 168 65 252
person 0.0021 470 166 481 326
person 0.0020 215 87 242 144
person 0.0020 56 83 479 314
person 0.0015 204 164 227 193
person 0.0011 -6 178 32 243
person 0.0011 241 149 377 260
person 0.0011 219 96 237 135
bicycle 0.0012 58 165 469 324
car 0.4841 23 149 301 261
car 0.2130 63 96 266 312
car 0.0845 340 219 519 344
car 0.0147 36 77 456 320
car 0.0093 -75 176 572 311
car 0.0038 -39 162 136 260
car 0.0036 454 138 484 345
car 0.0033 463 181 483 273
car 0.0018 370 234 471 314
car 0.0010 351 104 497 435
bus 0.1482 1 3 402 312
bus 0.0227 105 77 387 260
bus 0.0089 -50 99 448 230
bus 0.0047 63 96 266 312
train 0.0150 1 3 402 312
train 0.0013 125 84 378 293
train 0.0011 -50 99 448 230
boat 0.0092 36 77 456 320
horse 0.9810 58 165 469 324
horse 0.3016 -93 193 593 313
horse 0.1597 -39 162 136 260
horse 0.0774 17 180 118 241
horse 0.0418 -6 158 36 287
horse 0.0348 -4 97 491 431
horse 0.0301 -15 163 105 355
horse 0.0215 -19 168 65 252
horse 0.0214 -22 99 121 425
horse 0.0097 125 84 378 293
horse 0.0088 63 96 266 312
horse 0.0081 -8 181 32 253
horse 0.0045 -2 172 13 265
horse 0.0037 351 104 497 435
horse 0.0034 -74 167 324 309
horse 0.0017 -1 160 8 313
horse 0.0016 -14 75 267 388
horse 0.0015 -39 109 450 276
horse 0.0011 0 188 4 268
horse 0.0011 -12 125 67 327
cow 0.0267 17 180 118 241
cow 0.0049 -39 162 136 260
cow 0.0010 0 158 432 324
pottedplant 0.0035 462 67 484 148
pottedplant 0.0012 452 82 483 292
