person 0.9796 29 54 476 378
person 0.2850 0 23 283 362
person 0.1301 100 -137 305 269
person 0.1094 381 110 519 398
person 0.0127 -9 3 57 388
person 0.0067 23 16 401 207
person 0.0040 -42 57 159 320
person 0.0034 108 -46 252 175
person 0.0021 485 -10 501 442
person 0.0019 306 133 515 467
person 0.0018 -9 27 101 212
person 0.0017 40 41 141 109
person 0.0013 -3 145 55 330
person 0.0013 -7 31 36 247
person 0.0011 270 176 552 347
person 0.0011 -13 -65 134 280
person 0.0011 3 101 56 259
person 0.0010 429 48 510 386
person 0.0010 -4 72 27 362
person 0.0010 -39 20 131 138
dog 0.0068 365 3 522 510
dog 0.0011 346 164 539 362
bottle 0.0087 392 126 431 313
chair 0.4722 381 110 519 398
chair 0.0166 392 126 431 313
chair 0.0134 286 60 402 183
chair 0.0062 -9 3 57 388
chair 0.0039 381 128 487 314
chair 0.0018 -5 117 29 354
chair 0.0015 485 -10 501 442
chair 0.0014 331 88 416 302
chair 0.0013 -3 145 55 330
chair 0.0012 4 36 349 353
chair 0.0012 429 48 510 386
chair 0.0012 493 50 501 257
chair 0.0011 297 81 363 171
chair 0.0011 313 169 444 298
chair 0.0011 300 40 404 278
chair 0.0011 -6 39 32 277
chair 0.0011 306 133 515 467
chair 0.0010 368 201 530 343
chair 0.0010 491 235 502 379
sofa 0.1234 4 36 349 353
sofa 0.0963 365 3 522 510
sofa 0.0152 346 164 539 362
sofa 0.0036 -9 3 57 388
sofa 0.0025 23 16 401 207
sofa 0.0024 -143 44 408 259
sofa 0.0015 -6 39 32 277
sofa 0.0011 387 103 516 338
pottedplant 0.0015 484 -31 502 274
pottedplant 0.0015 493 -5 501 199
diningtable 0.0020 331 102 392 282
diningtable 0.0015 110 61 592 334
diningtable 0.0013 286 52 409 187
diningtable 0.0012 381 110 519 398
tvmonitor 0.0058 412 -6 449 21
