bird 0.0166 -3 -45 174 193
bird 0.0035 -43 33 213 142
cat 0.0106 -3 -45 174 193
cat 0.0058 -43 33 213 142
cat 0.0041 183 -47 365 198
dog 0.5970 179 -56 370 219
dog 0.1557 -3 -66 175 239
dog 0.0720 -43 33 213 142
dog 0.0141 137 34 417 138
dog 0.0013 19 44 51 91
horse 0.5827 -3 -66 175 239
horse 0.2435 -37 32 228 145
horse 0.0322 179 -56 370 219
sheep 0.2246 176 -49 362 210
sheep 0.0314 -3 -66 175 239
sheep 0.0109 -43 33 213 142
sheep 0.0023 129 34 403 138
cow 0.0692 176 -49 362 210
cow 0.0084 -1 -64 190 236
cow 0.0059 -37 32 228 145
cow 0.0011 137 34 417 138
