person 0.9861 5 182 418 367
person 0.9860 51 114 127 434
person 0.9577 -6 100 52 441
person 0.9512 238 6 495 392
person 0.9087 129 34 244 243
person 0.8699 157 71 584 358
person 0.6831 67 34 170 281
person 0.3939 109 -58 254 350
person 0.0951 144 5 445 203
person 0.0659 419 -100 511 492
person 0.0544 362 38 535 345
person 0.0338 192 41 238 198
person 0.0295 210 -32 373 402
person 0.0213 55 138 88 327
person 0.0210 54 -52 203 355
person 0.0166 -49 174 157 367
person 0.0099 -8 130 38 305
person 0.0073 149 76 436 297
person 0.0069 237 39 364 209
person 0.0058 -26 0 138 541
person 0.0057 180 -142 410 295
person 0.0052 308 34 365 176
person 0.0050 73 47 141 227
person 0.0042 207 126 322 308
person 0.0033 65 16 286 218
person 0.0028 201 72 231 176
person 0.0027 52 65 385 391
person 0.0022 60 165 89 257
person 0.0020 -5 215 34 410
person 0.0017 57 139 113 296
person 0.0015 -33 235 101 432
person 0.0013 62 64 174 132
person 0.0012 78 154 127 276
person 0.0011 466 202 506 425
person 0.0010 99 28 312 514
person 0.0010 402 -42 515 291
horse 0.0022 214 26 575 369
horse 0.0015 419 -100 511 492
chair 0.0387 36 313 110 399
chair 0.0114 416 -53 513 333
chair 0.0054 48 262 98 404
chair 0.0041 362 38 535 345
chair 0.0035 308 34 365 176
chair 0.0028 214 26 575 369
chair 0.0016 -22 289 115 411
chair 0.0013 382 336 494 390
chair 0.0012 466 202 506 425
chair 0.0011 -19 330 90 396
sofa 0.0021 362 38 535 345
sofa 0.0021 214 26 575 369
sofa 0.0021 419 -100 511 492
sofa 0.0015 -9 134 60 441
