person 0.0660 146 143 193 288
person 0.0493 46 181 81 241
person 0.0041 253 180 306 293
person 0.0037 200 185 235 256
person 0.0030 39 161 91 308
person 0.0028 54 190 74 229
person 0.0021 208 192 230 230
person 0.0021 150 161 181 221
person 0.0016 413 146 522 279
person 0.0014 124 185 178 289
person 0.0011 478 139 504 408
person 0.0010 51 174 70 206
cat 0.0048 207 240 301 318
dog 0.0069 207 240 301 318
bottle 0.0018 45 205 59 236
chair 0.9891 -18 230 104 418
chair 0.9815 84 196 193 418
chair 0.9060 149 247 256 410
chair 0.8489 116 201 260 461
chair 0.8204 187 177 248 303
chair 0.7501 -22 137 123 487
chair 0.6942 47 201 119 359
chair 0.3575 133 179 187 293
chair 0.3248 158 163 286 313
chair 0.2734 100 167 221 300
chair 0.2289 13 214 77 361
chair 0.1755 2 196 137 377
chair 0.1367 126 190 168 268
chair 0.1057 173 184 206 273
chair 0.0737 53 114 218 490
chair 0.0730 205 184 243 257
chair 0.0656 408 270 527 421
chair 0.0488 474 239 505 419
chair 0.0472 222 211 290 287
chair 0.0333 232 219 273 280
chair 0.0309 156 169 205 291
chair 0.0290 -16 220 48 297
chair 0.0290 483 287 502 405
chair 0.0268 73 231 108 286
chair 0.0242 323 204 488 461
chair 0.0189 430 167 511 418
chair 0.0173 253 180 306 293
chair 0.0168 441 283 510 409
chair 0.0157 208 179 266 296
chair 0.0152 260 180 328 259
chair 0.0126 337 250 451 412
chair 0.0119 -5 198 30 391
chair 0.0119 0 238 8 280
chair 0.0118 193 218 235 283
chair 0.0117 211 193 234 231
chair 0.0113 -21 140 290 386
chair 0.0112 489 210 500 250
chair 0.0110 194 179 326 324
chair 0.0108 275 200 294 241
chair 0.0108 93 207 164 348
chair 0.0102 490 215 501 438
chair 0.0101 271 195 301 247
chair 0.0091 23 226 99 292
chair 0.0086 244 201 262 238
chair 0.0086 47 221 119 298
chair 0.0083 -2 208 11 329
chair 0.0067 239 192 265 248
chair 0.0060 191 192 226 268
chair 0.0060 409 299 527 373
chair 0.0058 470 315 504 392
chair 0.0058 204 221 585 371
chair 0.0056 35 185 94 327
chair 0.0052 187 195 263 264
chair 0.0048 484 191 503 269
chair 0.0044 261 170 281 247
chair 0.0041 214 220 241 243
chair 0.0039 185 93 529 497
chair 0.0038 -7 244 94 294
chair 0.0037 -1 189 8 386
chair 0.0037 105 180 176 276
chair 0.0036 83 211 155 269
chair 0.0035 472 160 505 349
chair 0.0034 245 209 283 273
chair 0.0034 341 238 382 418
chair 0.0033 -103 225 366 367
chair 0.0032 56 228 88 289
chair 0.0031 30 195 95 245
chair 0.0031 240 207 253 234
chair 0.0030 -7 235 33 301
chair 0.0029 77 200 136 352
chair 0.0027 489 173 502 327
chair 0.0026 82 240 101 280
chair 0.0025 58 215 81 230
chair 0.0025 233 191 260 269
chair 0.0024 260 203 291 278
chair 0.0024 83 288 285 403
chair 0.0024 76 237 105 263
chair 0.0023 -30 190 96 321
chair 0.0023 116 319 198 397
chair 0.0023 45 205 59 236
chair 0.0021 216 203 251 256
chair 0.0020 181 211 310 250
chair 0.0018 -3 189 55 322
chair 0.0018 222 214 249 230
chair 0.0017 -84 198 222 276
chair 0.0017 256 235 272 263
chair 0.0016 113 227 141 252
chair 0.0015 91 121 330 347
chair 0.0015 494 214 499 263
chair 0.0014 -1 261 10 429
chair 0.0013 0 235 3 319
chair 0.0013 218 210 248 287
chair 0.0012 248 224 280 237
chair 0.0012 253 230 274 250
chair 0.0012 30 191 175 317
chair 0.0012 266 184 277 238
chair 0.0012 254 209 272 233
chair 0.0012 249 188 280 253
chair 0.0012 11 249 35 270
chair 0.0011 -26 342 114 388
sofa 0.9789 128 229 588 362
sofa 0.9252 185 93 529 497
sofa 0.0471 100 167 221 300
sofa 0.0467 123 197 270 463
sofa 0.0228 158 163 286 313
sofa 0.0185 -17 150 110 498
sofa 0.0176 187 177 248 303
sofa 0.0134 133 179 187 293
sofa 0.0091 149 247 256 410
sofa 0.0059 151 151 202 287
sofa 0.0043 -14 226 86 411
sofa 0.0039 205 184 243 257
sofa 0.0038 -39 129 310 335
sofa 0.0031 126 190 168 268
sofa 0.0029 173 184 206 273
sofa 0.0026 191 203 457 458
sofa 0.0023 85 191 193 408
sofa 0.0018 53 114 218 490
sofa 0.0016 87 124 404 397
pottedplant 0.0520 206 67 579 238
pottedplant 0.0479 260 34 374 287
pottedplant 0.0196 10 142 55 260
pottedplant 0.0161 285 134 347 265
pottedplant 0.0138 251 -71 401 377
pottedplant 0.0123 146 143 193 288
pottedplant 0.0082 413 146 522 279
pottedplant 0.0080 258 69 293 280
pottedplant 0.0056 238 5 321 275
pottedplant 0.0044 287 175 321 250
pottedplant 0.0043 470 71 503 285
pottedplant 0.0042 205 184 243 257
pottedplant 0.0041 283 -53 517 358
pottedplant 0.0035 435 158 517 246
pottedplant 0.0031 45 205 59 236
pottedplant 0.0029 127 194 166 252
pottedplant 0.0027 150 184 189 256
pottedplant 0.0026 267 88 329 267
pottedplant 0.0025 173 184 206 273
pottedplant 0.0022 45 167 76 221
pottedplant 0.0022 256 153 378 271
pottedplant 0.0020 74 160 103 245
pottedplant 0.0020 307 167 337 254
pottedplant 0.0019 385 21 516 297
pottedplant 0.0016 472 160 505 349
pottedplant 0.0014 267 168 337 259
pottedplant 0.0014 443 86 508 269
pottedplant 0.0014 43 150 90 250
pottedplant 0.0013 214 220 241 243
pottedplant 0.0012 195 190 233 269
pottedplant 0.0012 489 173 502 327
pottedplant 0.0012 124 176 175 320
pottedplant 0.0011 150 161 181 221
pottedplant 0.0010 485 157 502 266
pottedplant 0.0010 239 75 282 282
diningtable 0.2165 -84 198 222 276
diningtable 0.1379 -30 132 161 406
diningtable 0.1156 222 211 290 287
diningtable 0.0613 2 196 137 377
diningtable 0.0588 197 214 311 249
diningtable 0.0389 173 181 307 314
diningtable 0.0329 -1 214 166 244
diningtable 0.0186 232 219 273 280
diningtable 0.0169 47 217 116 357
diningtable 0.0152 -32 192 170 310
diningtable 0.0084 182 210 265 291
diningtable 0.0071 53 114 218 490
diningtable 0.0055 248 224 280 237
diningtable 0.0034 196 186 272 256
diningtable 0.0034 474 239 505 419
diningtable 0.0034 222 214 249 230
diningtable 0.0025 28 196 112 246
diningtable 0.0024 116 201 260 461
diningtable 0.0024 236 219 255 240
diningtable 0.0023 242 221 265 240
diningtable 0.0023 245 229 264 252
diningtable 0.0021 323 204 488 461
diningtable 0.0019 253 230 274 250
diningtable 0.0019 -99 227 283 367
diningtable 0.0017 213 198 294 247
diningtable 0.0015 222 217 246 242
diningtable 0.0015 -14 218 48 286
diningtable 0.0012 58 215 81 230
diningtable 0.0012 489 210 500 250
diningtable 0.0011 242 236 266 260
diningtable 0.0011 245 209 283 273
diningtable 0.0010 240 207 253 234
diningtable 0.0010 441 283 510 409
