person 0.0157 213 176 237 205
person 0.0125 208 168 243 211
person 0.0081 196 160 258 221
person 0.0042 185 176 207 207
person 0.0035 221 154 290 215
person 0.0024 131 164 201 222
person 0.0024 178 169 213 212
person 0.0023 235 162 273 208
person 0.0017 69 145 480 299
person 0.0015 242 167 266 202
person 0.0010 78 179 108 199
car 0.9499 -130 163 618 282
car 0.8948 -54 44 544 404
car 0.4078 33 171 457 303
car 0.0032 14 186 92 216
car 0.0020 1 185 56 312
car 0.0018 -6 115 141 370
car 0.0012 33 194 69 210
car 0.0011 82 180 114 200
motorbike 0.0020 -142 182 639 291
aeroplane 0.0012 69 145 480 299
bus 0.0011 69 145 480 299
bird 0.0015 51 194 77 209
chair 0.0106 478 180 505 260
chair 0.0035 484 191 503 230
chair 0.0010 445 206 482 251
