person 0.0048 102 41 117 66
person 0.0034 0 48 4 89
person 0.0029 248 41 273 58
person 0.0016 168 34 201 63
person 0.0016 53 13 464 333
person 0.0015 201 42 215 61
person 0.0014 224 63 402 169
car 0.9811 59 47 464 369
car 0.7080 87 26 207 79
car 0.4366 213 42 241 58
car 0.2974 248 41 273 58
car 0.2503 168 34 201 63
car 0.2444 157 24 212 71
car 0.0747 365 39 390 61
car 0.0645 58 16 232 93
car 0.0542 231 44 262 59
car 0.0292 215 32 240 55
car 0.0110 306 44 320 55
car 0.0101 0 42 4 81
car 0.0099 201 42 215 61
car 0.0098 265 41 281 55
car 0.0094 118 41 140 54
car 0.0092 280 41 308 53
car 0.0091 252 38 273 50
car 0.0087 195 36 276 64
car 0.0079 206 45 227 60
car 0.0069 336 41 362 57
car 0.0069 376 34 406 50
car 0.0066 166 36 194 52
car 0.0061 310 45 332 56
car 0.0051 247 39 263 51
car 0.0049 293 42 309 53
car 0.0045 212 23 245 64
car 0.0040 284 37 303 51
car 0.0037 331 42 352 57
car 0.0037 269 38 278 50
car 0.0036 317 43 344 56
car 0.0033 106 42 134 59
car 0.0031 368 38 389 51
car 0.0021 352 26 423 72
car 0.0021 102 41 117 66
car 0.0018 200 51 232 62
car 0.0018 276 41 290 54
car 0.0017 313 35 328 45
car 0.0016 350 39 371 57
car 0.0015 454 35 477 50
car 0.0015 220 34 327 62
car 0.0014 318 37 342 49
car 0.0014 204 17 265 69
car 0.0014 375 40 403 60
car 0.0013 125 42 230 80
car 0.0013 82 30 159 74
car 0.0012 105 21 376 85
car 0.0012 187 41 202 60
car 0.0012 221 27 235 41
car 0.0011 73 55 109 70
car 0.0010 239 37 253 51
car 0.0010 279 37 286 49
motorbike 0.0020 59 41 484 414
bus 0.0056 87 26 207 79
