person 0.0015 438 28 475 173
bottle 0.0346 87 5 266 306
chair 0.0111 4 -106 213 330
chair 0.0068 42 19 451 350
chair 0.0043 -50 36 315 188
chair 0.0024 32 100 146 226
chair 0.0017 -7 47 61 422
chair 0.0012 -50 55 565 227
chair 0.0012 0 92 62 238
sofa 0.0018 44 24 454 264
sofa 0.0013 4 -106 213 330
pottedplant 0.0011 44 24 454 264
diningtable 0.0029 31 33 455 404
tvmonitor 0.9202 171 48 512 220
tvmonitor 0.0920 42 3 459 237
tvmonitor 0.0067 -1 94 62 245
tvmonitor 0.0018 231 -79 451 353
tvmonitor 0.0012 222 -26 485 81
