person 0.0278 252 31 572 357
person 0.0077 -19 -88 441 170
person 0.0053 151 -16 505 403
person 0.0045 -15 28 147 282
person 0.0034 331 -127 525 261
person 0.0025 -63 138 393 366
cat 0.8845 -82 125 304 356
cat 0.0172 37 68 408 386
cat 0.0062 -15 28 147 282
cat 0.0029 124 19 456 272
cat 0.0027 251 64 571 363
cat 0.0022 -45 88 150 227
cat 0.0011 -3 82 57 202
cat 0.0011 151 -16 505 403
dog 0.4029 -95 127 342 366
dog 0.0070 37 68 408 386
dog 0.0047 252 31 572 357
chair 0.0016 59 -15 496 400
chair 0.0014 252 31 572 357
sofa 0.0226 59 -15 496 400
sofa 0.0130 41 119 394 378
sofa 0.0057 252 31 572 357
sofa 0.0014 -7 68 282 398
sofa 0.0012 -92 208 359 381
