person 0.2437 355 122 403 226
person 0.2036 363 130 398 201
person 0.0032 334 90 414 329
person 0.0032 302 133 547 353
person 0.0020 166 183 196 243
person 0.0012 336 106 449 236
car 0.9640 278 115 556 344
car 0.0125 349 74 546 184
car 0.0072 353 1 518 303
motorbike 0.9987 150 69 333 393
motorbike 0.9960 44 130 154 335
motorbike 0.0384 29 45 164 420
motorbike 0.0035 284 207 342 258
motorbike 0.0028 121 169 357 320
bus 0.0106 278 134 554 352
train 0.0034 302 133 547 353
bird 0.0010 296 218 332 241
pottedplant 0.0849 127 195 189 248
pottedplant 0.0439 142 204 176 231
pottedplant 0.0054 155 209 177 234
pottedplant 0.0043 284 207 342 258
pottedplant 0.0035 137 211 160 235
pottedplant 0.0035 296 218 332 241
pottedplant 0.0032 199 155 237 219
pottedplant 0.0018 166 183 196 243
pottedplant 0.0016 181 145 253 241
pottedplant 0.0010 149 201 182 243
