person 0.0035 4 35 362 306
person 0.0025 -108 100 479 279
car 0.0030 42 54 454 299
cat 0.8598 -98 98 468 265
cat 0.5039 33 56 397 297
dog 0.2329 -105 102 520 280
dog 0.0995 32 76 402 312
chair 0.1207 137 44 597 229
chair 0.0264 -59 94 545 261
chair 0.0155 191 -69 541 251
chair 0.0118 33 56 397 297
chair 0.0056 6 81 126 266
chair 0.0011 -8 85 38 258
chair 0.0010 2 -25 182 367
sofa 0.6557 124 54 607 270
sofa 0.4685 28 78 467 314
sofa 0.0301 215 6 510 330
sofa 0.0079 -150 171 570 308
sofa 0.0053 140 21 590 170
sofa 0.0048 -71 168 429 409
sofa 0.0013 -38 106 311 369
sofa 0.0011 7 208 481 329
diningtable 0.0113 42 54 454 299
diningtable 0.0093 16 149 429 334
diningtable 0.0020 -96 162 584 404
