car 0.0017 95 227 115 243
chair 0.9996 21 200 152 471
chair 0.9992 233 202 365 477
chair 0.9925 149 221 228 289
chair 0.9767 127 196 262 547
chair 0.7010 65 219 130 329
chair 0.6649 43 203 152 342
chair 0.5976 227 88 376 586
chair 0.5927 242 221 313 312
chair 0.2981 103 98 284 638
chair 0.2881 8 92 157 581
chair 0.2350 224 203 333 348
chair 0.2028 73 229 118 300
chair 0.1670 258 232 301 300
chair 0.0639 52 231 85 314
chair 0.0324 60 269 359 455
chair 0.0287 277 221 338 344
chair 0.0275 147 191 241 410
chair 0.0075 292 230 327 317
chair 0.0065 160 207 222 347
chair 0.0051 78 231 308 361
chair 0.0043 57 241 76 284
chair 0.0040 187 249 415 426
chair 0.0040 46 277 122 328
chair 0.0036 78 193 160 442
chair 0.0029 58 246 76 267
chair 0.0028 39 223 89 343
chair 0.0020 63 238 163 305
chair 0.0019 166 228 212 281
chair 0.0014 52 253 138 313
chair 0.0013 244 248 349 319
chair 0.0010 126 263 143 271
chair 0.0010 307 227 350 367
chair 0.0010 229 262 327 305
sofa 0.0032 127 196 262 547
sofa 0.0024 27 199 143 446
sofa 0.0014 231 203 365 492
pottedplant 0.0036 135 44 249 319
diningtable 0.9724 39 262 347 463
diningtable 0.2473 103 98 284 638
diningtable 0.0514 60 196 323 389
diningtable 0.0011 60 235 297 331
