person 0.0024 486 97 503 447
person 0.0013 241 58 365 411
bottle 0.0045 0 205 16 241
bottle 0.0019 -3 197 21 258
chair 0.9958 135 213 233 408
chair 0.9936 256 138 369 333
chair 0.8377 241 58 365 411
chair 0.6611 108 134 263 330
chair 0.5955 40 185 126 274
chair 0.3092 120 128 241 480
chair 0.0083 127 123 208 226
chair 0.0063 1 169 143 295
chair 0.0044 169 152 233 313
chair 0.0022 238 122 307 211
chair 0.0022 138 74 354 391
chair 0.0021 192 174 258 335
chair 0.0018 486 97 503 447
chair 0.0018 67 196 115 264
chair 0.0014 -7 138 31 233
diningtable 0.1850 -98 226 290 365
diningtable 0.0574 -39 115 233 497
diningtable 0.0110 129 94 292 378
tvmonitor 0.7631 238 122 307 211
tvmonitor 0.5259 -6 130 34 256
tvmonitor 0.3946 127 123 208 226
tvmonitor 0.0644 359 111 439 230
tvmonitor 0.0140 -5 144 21 237
tvmonitor 0.0041 111 115 251 240
tvmonitor 0.0018 -31 108 95 282
tvmonitor 0.0010 395 -28 519 386
