person 0.0087 154 58 290 470
person 0.0055 -68 147 232 359
person 0.0036 187 100 203 126
person 0.0022 179 43 568 356
person 0.0019 475 61 505 259
person 0.0012 487 114 502 250
car 0.0092 475 61 505 259
car 0.0021 487 104 500 124
car 0.0013 487 69 501 238
car 0.0010 482 90 504 180
bus 0.0010 475 61 505 259
train 0.0017 475 61 505 259
boat 0.0010 -70 130 233 342
dog 0.0083 156 4 507 395
dog 0.0051 154 58 290 470
horse 0.0370 156 4 507 395
horse 0.0277 154 58 290 470
horse 0.0104 179 142 288 374
horse 0.0010 -68 147 232 359
sheep 0.0069 160 139 293 378
sheep 0.0021 156 4 507 395
cow 0.4153 160 139 293 378
cow 0.1882 234 10 499 392
cow 0.0024 -68 147 232 359
chair 0.0040 477 59 504 335
chair 0.0017 488 121 502 225
chair 0.0010 483 151 503 253
pottedplant 0.9195 -68 147 232 359
pottedplant 0.0024 -11 11 179 431
pottedplant 0.0013 8 80 78 169
