person 0.0668 -20 228 105 550
person 0.0151 -11 104 73 600
person 0.0094 -10 315 73 539
person 0.0071 -22 143 139 658
person 0.0060 94 8 471 494
person 0.0057 -70 246 260 474
person 0.0032 -41 291 160 481
person 0.0026 -44 24 151 470
person 0.0021 -4 248 24 530
person 0.0016 -17 -2 291 499
person 0.0011 2 222 434 497
car 0.0605 1 -9 471 446
motorbike 0.0020 13 125 427 517
boat 0.0274 1 -9 471 446
cat 0.0012 174 247 471 458
dog 0.9851 6 -7 444 506
horse 0.0015 2 -6 447 439
sheep 0.0023 -11 -6 379 505
cow 0.0274 12 13 434 527
chair 0.0025 2 -6 447 439
sofa 0.0430 11 14 458 522
