person 0.9987 -40 24 293 448
person 0.9919 66 140 373 522
person 0.8971 45 210 325 430
person 0.4775 322 152 381 290
person 0.0747 94 51 282 576
person 0.0279 -9 273 33 557
person 0.0139 297 140 402 303
person 0.0060 142 168 282 460
person 0.0047 285 392 411 543
person 0.0046 323 406 385 529
person 0.0030 207 163 231 248
person 0.0019 314 121 382 396
person 0.0014 343 156 384 234
person 0.0014 208 62 386 359
cat 0.0029 -55 223 350 479
cat 0.0014 -9 273 33 557
dog 0.0015 -35 216 340 439
bottle 0.0108 208 124 239 209
bottle 0.0055 27 0 255 444
bottle 0.0020 104 325 168 394
bottle 0.0011 15 416 76 471
chair 0.3015 304 306 386 554
chair 0.1542 203 212 401 651
chair 0.0945 162 334 429 496
chair 0.0485 63 179 370 526
chair 0.0339 343 156 384 234
chair 0.0230 -33 151 325 445
chair 0.0208 -9 273 33 557
chair 0.0186 322 152 381 290
chair 0.0157 285 392 411 543
chair 0.0135 -52 330 503 494
chair 0.0133 323 406 385 529
chair 0.0066 288 317 401 429
chair 0.0064 348 418 381 516
chair 0.0046 353 190 381 278
chair 0.0043 311 354 359 542
chair 0.0028 42 370 161 483
chair 0.0026 -3 283 448 604
chair 0.0020 110 331 138 425
chair 0.0018 242 154 275 177
chair 0.0018 94 51 282 576
chair 0.0014 297 140 402 303
chair 0.0013 310 102 382 606
chair 0.0013 166 235 193 311
chair 0.0012 309 450 400 520
chair 0.0011 208 62 386 359
sofa 0.0951 63 179 370 526
sofa 0.0662 -33 151 325 445
sofa 0.0351 -9 273 33 557
sofa 0.0072 -52 330 503 494
sofa 0.0028 322 152 381 290
sofa 0.0017 -18 301 397 604
sofa 0.0014 103 35 282 570
pottedplant 0.1112 115 -31 233 163
pottedplant 0.0331 -10 144 84 493
pottedplant 0.0278 108 -104 248 232
pottedplant 0.0063 76 16 296 194
pottedplant 0.0045 196 88 239 233
pottedplant 0.0025 -18 18 291 342
pottedplant 0.0022 142 4 250 280
pottedplant 0.0016 83 56 114 106
diningtable 0.0044 -33 151 325 445
