person 0.9999 36 62 403 382
person 0.9963 323 165 539 366
person 0.3623 357 -21 515 554
person 0.2922 -80 115 515 329
person 0.0572 60 0 118 100
person 0.0197 37 -17 141 116
person 0.0089 384 117 517 423
person 0.0066 137 -23 470 276
person 0.0025 11 212 52 408
person 0.0021 -2 140 22 450
person 0.0017 304 16 501 370
person 0.0017 90 40 145 98
person 0.0016 101 52 196 120
person 0.0013 475 179 504 447
person 0.0011 494 191 501 443
bottle 0.9974 186 -21 446 300
bottle 0.6242 45 239 75 312
bottle 0.4100 103 89 500 209
bottle 0.1537 11 212 52 408
bottle 0.0391 40 30 403 368
bottle 0.0228 168 115 309 227
bottle 0.0209 317 234 332 253
bottle 0.0172 17 234 52 344
bottle 0.0122 98 49 138 89
bottle 0.0056 29 241 54 319
bottle 0.0054 -93 107 529 270
bottle 0.0043 26 253 42 288
bottle 0.0042 53 256 71 298
bottle 0.0039 397 328 421 350
bottle 0.0037 455 298 475 334
bottle 0.0035 11 148 22 193
bottle 0.0029 39 269 52 308
bottle 0.0021 23 218 62 375
bottle 0.0012 198 133 289 207
chair 0.0065 299 198 565 376
chair 0.0051 22 114 410 389
chair 0.0051 475 179 504 447
chair 0.0039 346 113 526 502
chair 0.0017 176 196 238 265
sofa 0.0068 299 198 565 376
sofa 0.0029 475 179 504 447
sofa 0.0018 346 113 526 502
sofa 0.0018 33 110 440 391
pottedplant 0.0031 60 0 118 100
pottedplant 0.0025 37 -17 141 116
pottedplant 0.0014 -17 -30 108 74
pottedplant 0.0011 45 8 82 54
tvmonitor 0.0032 -42 172 163 289
tvmonitor 0.0012 441 129 502 277
tvmonitor 0.0010 -8 92 133 505
