person 0.0015 -116 295 482 458
car 0.0019 -40 384 406 556
cat 0.9965 -120 330 485 476
cat 0.7614 -47 221 412 589
cat 0.0411 11 288 366 512
cat 0.0164 197 186 398 617
cat 0.0038 166 270 424 468
chair 0.0025 -14 239 104 471
chair 0.0025 -116 295 482 458
sofa 0.0144 11 288 366 512
sofa 0.0098 -127 362 490 493
sofa 0.0085 -116 295 482 458
sofa 0.0079 -65 306 433 590
pottedplant 0.0208 20 21 357 471
pottedplant 0.0032 -14 239 104 471
diningtable 0.0037 -40 384 406 556
diningtable 0.0012 -127 362 490 493
