person 0.1314 410 137 443 186
person 0.1098 416 144 437 181
person 0.0823 426 146 443 177
person 0.0800 496 210 500 250
person 0.0479 412 137 429 176
person 0.0144 469 209 484 251
person 0.0139 0 159 54 318
person 0.0107 399 130 455 195
person 0.0036 391 155 408 191
person 0.0031 480 204 491 242
person 0.0031 488 178 502 265
person 0.0030 376 126 443 201
person 0.0030 496 183 499 244
person 0.0030 351 141 386 191
person 0.0028 476 169 500 256
person 0.0027 461 206 489 254
person 0.0027 384 133 413 195
person 0.0026 357 148 379 184
person 0.0025 391 136 427 192
person 0.0023 481 191 489 211
person 0.0021 421 129 449 218
person 0.0020 4 -13 368 326
person 0.0020 497 197 500 281
person 0.0019 403 129 435 218
person 0.0019 472 189 479 211
person 0.0019 399 148 417 180
person 0.0019 494 158 501 323
person 0.0017 473 190 478 203
person 0.0015 407 116 451 239
person 0.0015 494 178 498 225
person 0.0014 389 139 409 171
person 0.0013 461 211 475 251
person 0.0010 477 214 488 245
car 0.0043 496 210 500 250
train 0.9999 47 -16 454 309
