person 0.5837 55 -24 447 379
person 0.3759 69 163 516 382
person 0.0317 -70 13 429 191
person 0.0037 235 0 491 435
person 0.0014 471 290 504 451
person 0.0013 -47 51 470 272
cat 0.0011 55 153 519 352
cat 0.0010 146 15 497 414
dog 0.0015 146 15 497 414
dog 0.0012 55 153 519 352
chair 0.0099 -4 -13 349 425
chair 0.0030 77 -69 424 118
chair 0.0029 146 15 497 414
sofa 0.1824 -4 -13 349 425
sofa 0.0906 146 15 497 414
sofa 0.0063 77 -69 424 118
sofa 0.0051 55 -3 447 262
sofa 0.0015 -24 -139 188 267
sofa 0.0013 -70 21 258 331
diningtable 0.0013 -21 197 143 518
diningtable 0.0010 -73 336 199 444
tvmonitor 0.0010 194 -51 348 132
