person 0.0311 12 219 23 238
person 0.0145 158 211 176 235
person 0.0120 495 214 501 246
person 0.0067 139 209 171 271
person 0.0065 207 221 226 235
person 0.0053 496 210 500 267
person 0.0042 196 220 213 235
person 0.0035 214 213 236 230
person 0.0035 215 221 235 234
person 0.0034 196 214 214 228
person 0.0033 303 219 321 238
person 0.0032 146 172 273 302
person 0.0031 152 218 165 239
person 0.0020 204 214 227 229
person 0.0015 82 210 107 232
person 0.0014 136 215 147 229
person 0.0013 311 220 331 237
person 0.0013 170 214 179 231
person 0.0013 256 193 389 286
person 0.0012 265 214 284 227
person 0.0011 151 212 167 232
person 0.0011 349 210 373 233
person 0.0010 186 164 303 273
person 0.0010 322 213 340 224
person 0.0010 478 204 504 298
person 0.0010 319 221 341 235
car 0.9901 254 183 393 296
car 0.9896 159 172 275 303
car 0.9867 243 202 303 261
car 0.9436 317 191 385 269
car 0.9074 273 209 312 258
car 0.8567 183 181 253 291
car 0.7968 467 203 509 301
car 0.7197 135 213 162 233
car 0.7010 38 205 126 242
car 0.6527 268 196 321 269
car 0.3511 158 211 176 235
car 0.3271 340 203 376 260
car 0.2250 358 208 380 236
car 0.1660 87 211 108 233
car 0.1181 205 204 228 218
car 0.0973 214 203 235 219
car 0.0909 -32 248 538 448
car 0.0650 281 213 302 247
car 0.0635 270 214 297 230
car 0.0574 495 214 501 246
car 0.0532 249 210 285 250
car 0.0484 136 215 147 229
car 0.0464 54 214 94 232
car 0.0423 38 210 71 237
car 0.0388 196 207 219 219
car 0.0377 326 198 392 245
car 0.0362 253 213 273 245
car 0.0312 349 210 373 233
car 0.0304 232 190 274 248
car 0.0258 41 217 64 235
car 0.0235 265 214 284 227
car 0.0222 492 204 501 241
car 0.0210 216 171 276 265
car 0.0146 151 212 167 232
car 0.0141 246 215 266 241
car 0.0120 260 217 287 242
car 0.0116 485 184 503 297
car 0.0115 169 199 265 262
car 0.0114 292 213 315 235
car 0.0100 257 200 387 260
car 0.0093 258 213 272 231
car 0.0093 496 210 500 267
car 0.0089 280 220 293 255
car 0.0081 186 164 303 273
car 0.0076 298 213 324 232
car 0.0073 352 202 384 239
car 0.0072 -1 219 11 238
car 0.0071 214 213 236 230
car 0.0070 122 214 139 229
car 0.0063 353 213 369 247
car 0.0059 12 219 23 238
car 0.0057 196 214 214 228
car 0.0057 334 213 367 229
car 0.0055 329 213 354 227
car 0.0053 -32 151 527 305
car 0.0046 31 213 468 385
car 0.0042 196 207 204 220
car 0.0038 227 199 240 222
car 0.0037 268 210 280 220
car 0.0036 363 214 376 239
car 0.0036 129 199 169 240
car 0.0036 204 214 227 229
car 0.0035 322 213 340 224
car 0.0030 283 191 351 283
car 0.0030 281 207 382 239
car 0.0027 309 215 333 228
car 0.0026 114 209 124 218
car 0.0025 193 212 204 228
car 0.0023 150 199 183 240
car 0.0018 22 200 88 245
car 0.0017 201 184 357 282
car 0.0017 170 214 179 231
car 0.0017 123 193 190 244
car 0.0016 324 209 362 219
car 0.0015 252 206 313 240
car 0.0014 238 217 255 243
car 0.0013 99 214 120 228
car 0.0013 152 218 165 239
car 0.0012 181 194 251 229
car 0.0011 119 221 138 236
car 0.0010 -75 53 583 173
motorbike 0.0029 468 180 506 303
motorbike 0.0028 158 211 176 235
motorbike 0.0021 495 214 501 246
bus 0.0520 214 174 280 261
bus 0.0257 232 190 274 248
bus 0.0045 214 203 235 219
bus 0.0039 205 204 228 218
bus 0.0028 227 199 240 222
bus 0.0022 186 164 303 273
bus 0.0019 135 213 162 233
bus 0.0019 468 180 506 303
bus 0.0016 218 191 253 245
bus 0.0015 38 205 126 242
bus 0.0012 183 181 253 291
train 0.0242 -75 53 583 173
train 0.0020 -10 84 526 145
train 0.0010 216 171 276 265
