person 0.9949 45 112 133 388
person 0.9942 207 103 268 321
person 0.9853 256 87 305 342
person 0.9817 283 96 389 380
person 0.1727 57 136 119 227
person 0.1403 276 109 329 333
person 0.0257 72 148 112 201
person 0.0232 33 123 138 245
person 0.0083 77 146 127 284
person 0.0079 314 153 361 358
person 0.0030 35 158 50 185
person 0.0026 81 157 104 184
person 0.0025 50 151 113 280
person 0.0011 253 131 299 231
dog 0.9988 272 235 330 363
dog 0.9944 82 227 144 360
dog 0.7602 47 211 163 377
dog 0.6934 250 220 352 377
dog 0.0710 210 222 273 296
dog 0.0460 293 122 385 375
dog 0.0154 280 120 330 339
dog 0.0114 253 38 402 422
dog 0.0103 197 253 279 284
dog 0.0093 204 109 272 347
dog 0.0085 265 224 301 296
dog 0.0083 220 233 265 282
dog 0.0078 211 165 265 307
dog 0.0070 312 165 360 380
dog 0.0067 259 129 303 331
dog 0.0029 214 262 259 276
dog 0.0013 228 242 257 278
horse 0.0045 253 38 402 422
horse 0.0032 293 122 385 375
