person 0.9651 336 13 537 362
person 0.9570 65 -132 356 257
person 0.8433 8 6 408 140
person 0.6420 285 24 456 362
person 0.1323 324 -82 418 478
person 0.0327 40 30 452 364
person 0.0211 334 -39 424 158
person 0.0131 367 -142 455 532
person 0.0032 289 -4 507 236
person 0.0028 -15 -72 292 151
person 0.0024 -52 66 466 228
person 0.0017 285 -89 449 178
person 0.0011 356 -14 425 37
person 0.0010 274 -54 401 132
car 0.0140 -99 73 459 317
car 0.0042 28 45 343 381
car 0.0030 -13 -107 141 189
motorbike 0.9860 28 47 372 379
motorbike 0.0054 -88 74 439 222
motorbike 0.0050 -54 175 462 358
motorbike 0.0027 -13 -107 141 189
motorbike 0.0018 24 -126 343 249
motorbike 0.0013 -15 -72 292 151
aeroplane 0.0011 40 30 452 364
