person 0.0643 -29 -13 96 29
person 0.0369 369 -42 503 101
person 0.0138 171 -17 242 41
person 0.0094 199 -20 268 45
person 0.0082 244 -77 492 135
person 0.0062 -15 -14 47 30
person 0.0058 227 -24 298 51
person 0.0043 418 -27 477 87
person 0.0026 -31 -20 243 42
person 0.0025 154 -26 322 52
person 0.0021 238 -12 275 37
person 0.0021 -34 -34 99 75
person 0.0020 -11 129 381 304
person 0.0015 287 77 421 213
person 0.0015 467 -33 505 112
person 0.0013 209 -9 245 34
person 0.0012 244 14 409 441
bicycle 0.0206 244 -77 492 135
bicycle 0.0144 224 -21 409 61
car 0.9363 -4 -6 496 382
car 0.0509 43 103 436 300
car 0.0235 244 -77 492 135
car 0.0042 -71 213 263 372
car 0.0027 216 -27 492 68
car 0.0023 19 239 190 343
car 0.0021 20 172 472 420
car 0.0018 169 -6 566 155
car 0.0013 315 -40 512 96
motorbike 0.0065 244 -77 492 135
motorbike 0.0024 10 49 483 390
motorbike 0.0013 224 -21 409 61
boat 0.0020 10 49 483 390
dog 0.9996 72 131 364 296
dog 0.3821 110 -48 317 479
dog 0.0015 244 14 409 441
dog 0.0011 -37 127 302 323
chair 0.0053 244 -77 492 135
chair 0.0031 -11 -72 64 351
chair 0.0029 416 161 512 352
chair 0.0026 224 -21 409 61
chair 0.0019 19 239 190 343
chair 0.0018 467 -33 505 112
chair 0.0017 35 108 136 326
chair 0.0016 10 49 483 390
chair 0.0015 369 -42 503 101
