person 0.0252 -6 210 38 421
person 0.0192 -6 174 35 334
person 0.0157 -10 137 65 412
person 0.0100 -6 38 39 473
person 0.0046 478 58 503 300
person 0.0041 -2 176 103 382
person 0.0036 486 167 503 256
person 0.0029 485 116 503 208
person 0.0027 489 106 502 259
person 0.0024 494 123 499 166
person 0.0024 -1 205 12 235
person 0.0023 127 83 144 108
person 0.0023 88 80 106 108
person 0.0019 -2 170 13 253
person 0.0016 0 196 6 230
person 0.0015 153 112 178 201
person 0.0014 -3 64 20 330
person 0.0013 492 183 500 242
person 0.0011 285 214 568 368
car 0.0010 265 197 547 361
cat 0.0033 466 215 506 283
dog 0.0013 466 215 506 283
bottle 0.5039 31 196 48 252
bottle 0.0598 350 158 363 192
bottle 0.0106 31 202 43 244
bottle 0.0056 340 145 355 183
bottle 0.0053 284 166 295 182
bottle 0.0033 278 168 293 180
bottle 0.0027 466 215 506 283
bottle 0.0022 347 159 358 186
bottle 0.0021 284 154 294 173
bottle 0.0016 28 218 40 243
bottle 0.0015 280 156 292 172
bottle 0.0013 495 213 500 287
bottle 0.0011 274 124 299 197
chair 0.9952 79 157 161 399
chair 0.9937 0 179 102 413
chair 0.9910 300 42 512 546
chair 0.9886 230 137 291 328
chair 0.9858 262 213 551 369
chair 0.9800 271 134 335 347
chair 0.3215 -7 230 40 421
chair 0.1551 -1 205 12 235
chair 0.1055 29 200 51 249
chair 0.0829 -12 108 139 490
chair 0.0665 -6 174 35 334
chair 0.0540 0 196 6 230
chair 0.0312 -38 195 139 347
chair 0.0304 0 211 10 247
chair 0.0258 237 173 270 228
chair 0.0232 -40 337 214 392
chair 0.0227 -3 190 17 251
chair 0.0215 306 145 366 332
chair 0.0189 265 175 339 228
chair 0.0152 199 129 322 336
chair 0.0121 468 161 505 306
chair 0.0121 -7 225 29 294
chair 0.0108 31 202 43 244
chair 0.0106 -2 201 17 297
chair 0.0089 241 179 266 209
chair 0.0071 72 186 136 321
chair 0.0069 487 171 503 270
chair 0.0065 -7 203 29 260
chair 0.0057 103 178 156 299
chair 0.0056 41 186 96 361
chair 0.0055 28 218 40 243
chair 0.0050 492 183 500 242
chair 0.0049 108 178 128 284
chair 0.0046 72 229 137 389
chair 0.0046 -16 202 59 262
chair 0.0044 224 140 267 303
chair 0.0042 0 162 2 243
chair 0.0042 2 219 23 244
chair 0.0041 14 192 82 358
chair 0.0038 252 152 299 286
chair 0.0032 116 149 157 396
chair 0.0032 76 227 90 253
chair 0.0028 0 208 5 271
chair 0.0028 -2 149 10 255
chair 0.0025 104 184 170 255
chair 0.0023 224 168 303 236
chair 0.0020 -11 102 63 409
chair 0.0020 14 220 110 259
chair 0.0020 236 178 354 243
chair 0.0017 0 249 10 286
chair 0.0017 239 149 362 351
chair 0.0017 238 145 255 298
chair 0.0016 65 191 111 359
chair 0.0015 40 184 134 401
chair 0.0014 -39 181 96 298
chair 0.0014 284 166 295 182
chair 0.0014 42 225 65 241
chair 0.0013 25 181 187 324
chair 0.0012 0 207 13 368
chair 0.0012 48 230 75 244
chair 0.0011 75 225 86 242
chair 0.0011 51 228 69 240
chair 0.0010 0 217 124 280
chair 0.0010 13 216 48 282
chair 0.0010 -1 197 7 435
chair 0.0010 20 229 42 246
sofa 0.2108 265 197 547 361
sofa 0.1399 305 53 504 503
sofa 0.1092 -7 230 40 421
sofa 0.0387 -40 337 214 392
sofa 0.0221 -15 199 152 466
sofa 0.0091 471 125 506 313
sofa 0.0022 487 171 503 270
pottedplant 0.0015 151 117 178 203
diningtable 0.4692 59 169 165 405
diningtable 0.4006 -12 108 139 490
diningtable 0.0710 168 144 430 220
diningtable 0.0640 -57 204 190 304
diningtable 0.0614 -7 230 40 421
diningtable 0.0402 205 58 385 402
diningtable 0.0315 8 177 113 413
diningtable 0.0289 264 145 337 336
diningtable 0.0230 246 145 299 326
diningtable 0.0174 259 176 346 244
diningtable 0.0114 72 229 137 389
diningtable 0.0090 61 227 138 272
diningtable 0.0072 290 144 376 333
diningtable 0.0043 -40 185 103 321
diningtable 0.0039 -16 221 104 258
diningtable 0.0031 223 179 306 240
diningtable 0.0031 0 217 124 280
diningtable 0.0026 -11 171 71 416
diningtable 0.0026 65 191 111 359
diningtable 0.0026 -1 205 12 235
diningtable 0.0026 -6 179 52 332
diningtable 0.0023 -7 229 29 306
diningtable 0.0022 214 166 371 197
diningtable 0.0021 -47 309 221 404
diningtable 0.0017 -15 208 59 269
diningtable 0.0015 -1 218 18 318
diningtable 0.0015 257 201 288 220
diningtable 0.0014 199 129 322 336
diningtable 0.0013 0 196 6 230
diningtable 0.0012 -33 350 216 385
diningtable 0.0011 265 197 547 361
diningtable 0.0010 -27 225 72 294
tvmonitor 0.0049 303 116 362 195
tvmonitor 0.0031 486 107 502 203
tvmonitor 0.0022 495 109 500 156
tvmonitor 0.0020 491 141 501 186
