person 0.0926 232 233 238 243
person 0.0429 241 235 246 244
person 0.0175 231 229 237 239
person 0.0148 413 209 427 234
person 0.0061 226 236 232 244
person 0.0055 250 234 257 243
person 0.0035 250 228 257 238
person 0.0030 241 228 247 238
person 0.0028 413 220 425 236
person 0.0014 200 215 294 266
boat 0.9793 186 107 319 315
boat 0.9680 215 129 292 289
boat 0.0088 393 223 421 235
boat 0.0066 70 180 580 478
boat 0.0058 200 215 294 266
boat 0.0013 359 216 457 241
boat 0.0011 413 220 425 236
boat 0.0010 413 209 427 234
bird 0.0197 27 227 33 233
bird 0.0130 413 209 427 234
bird 0.0017 413 220 425 236
chair 0.0023 70 180 580 478
diningtable 0.0011 70 180 580 478
