person 0.4857 238 242 291 296
person 0.1614 250 253 281 283
person 0.1243 211 250 237 283
person 0.0858 196 237 256 297
person 0.0151 223 253 247 282
person 0.0104 217 246 253 289
person 0.0056 232 255 253 282
person 0.0046 243 257 267 280
person 0.0029 261 250 281 275
person 0.0016 201 240 237 286
person 0.0014 238 249 274 289
person 0.0013 156 267 174 287
person 0.0011 207 248 230 276
person 0.0010 184 258 207 281
person 0.0010 196 257 220 282
car 0.8495 74 108 376 503
car 0.6256 40 238 408 364
car 0.0059 54 253 72 268
car 0.0056 428 239 444 260
car 0.0022 48 259 72 276
car 0.0011 0 258 7 280
sheep 0.0015 49 152 228 379
sheep 0.0010 12 188 427 364
pottedplant 0.0191 49 152 228 379
pottedplant 0.0076 270 139 458 381
pottedplant 0.0011 -7 203 19 279
pottedplant 0.0011 31 205 248 331
