person 0.4040 248 123 260 139
person 0.1099 220 105 288 167
person 0.0907 236 124 257 143
person 0.0548 254 126 278 149
person 0.0249 241 116 254 138
person 0.0207 249 115 282 159
person 0.0180 343 99 350 105
person 0.0176 256 119 271 133
person 0.0139 201 125 289 158
person 0.0088 229 113 264 156
person 0.0033 222 136 266 150
person 0.0021 233 104 275 147
person 0.0018 260 136 280 148
person 0.0015 254 114 271 122
person 0.0011 229 130 247 144
boat 0.0356 343 99 350 105
boat 0.0299 222 99 288 152
boat 0.0175 78 109 88 115
boat 0.0144 231 113 280 122
boat 0.0118 51 98 76 111
boat 0.0112 308 96 335 102
boat 0.0107 206 98 226 106
boat 0.0079 303 96 323 102
boat 0.0075 210 122 296 160
boat 0.0060 76 103 88 114
boat 0.0055 84 103 95 112
boat 0.0045 139 102 158 110
boat 0.0040 -39 93 126 123
boat 0.0039 494 92 498 98
boat 0.0032 20 91 105 123
boat 0.0031 222 105 290 131
boat 0.0027 213 99 234 105
boat 0.0026 58 101 82 112
boat 0.0026 90 100 114 111
boat 0.0024 343 96 351 104
boat 0.0021 101 101 115 110
boat 0.0017 150 102 165 109
boat 0.0017 293 96 313 102
boat 0.0017 198 99 217 106
boat 0.0016 248 120 261 136
boat 0.0014 280 96 306 102
boat 0.0014 337 96 347 103
boat 0.0013 482 92 488 95
boat 0.0013 168 101 183 108
boat 0.0012 254 126 278 149
boat 0.0012 44 102 61 110
boat 0.0011 274 89 371 108
boat 0.0011 254 114 271 122
boat 0.0010 385 93 396 99
boat 0.0010 161 102 177 109
bird 0.0021 248 120 261 136
dog 0.0011 248 120 261 136
