person 0.8144 75 37 276 470
person 0.6106 34 185 353 338
person 0.1037 213 52 248 114
person 0.0198 298 109 334 186
person 0.0185 309 18 323 52
person 0.0179 203 41 273 124
person 0.0121 231 44 267 103
person 0.0097 55 304 75 337
person 0.0091 47 296 81 343
person 0.0083 166 101 196 156
person 0.0071 297 17 314 53
person 0.0069 171 108 191 145
person 0.0063 11 302 45 361
person 0.0061 219 62 242 97
person 0.0052 63 284 102 334
person 0.0052 290 10 321 60
person 0.0039 42 227 318 399
person 0.0035 46 305 68 338
person 0.0033 166 24 324 319
person 0.0031 221 32 293 109
person 0.0031 300 6 330 60
person 0.0030 274 157 301 182
person 0.0025 137 120 173 180
person 0.0024 19 324 39 355
person 0.0023 66 298 87 327
person 0.0022 24 321 53 347
person 0.0021 283 155 308 179
person 0.0020 279 102 335 223
person 0.0018 24 287 89 353
person 0.0017 258 29 296 79
person 0.0016 190 36 247 139
person 0.0016 66 308 82 331
person 0.0015 21 295 55 350
person 0.0015 237 53 260 89
person 0.0015 109 124 246 395
person 0.0014 28 304 48 336
person 0.0014 177 18 295 151
person 0.0014 201 77 242 129
person 0.0013 150 138 169 173
person 0.0013 255 139 342 214
person 0.0012 291 26 307 57
person 0.0011 265 37 289 69
person 0.0011 52 258 107 368
person 0.0011 186 65 221 118
person 0.0011 4 324 29 397
person 0.0011 1 268 47 403
person 0.0010 71 292 97 327
bicycle 0.0070 124 184 265 449
bicycle 0.0061 42 227 318 399
bicycle 0.0061 81 84 274 551
bicycle 0.0014 -17 285 101 415
car 0.3341 148 94 319 239
car 0.0613 298 109 334 186
car 0.0564 166 24 324 319
car 0.0474 63 280 101 330
car 0.0395 255 139 342 214
car 0.0382 241 113 353 247
car 0.0272 246 19 307 89
car 0.0177 258 29 296 79
car 0.0171 55 276 112 343
car 0.0169 6 287 34 314
car 0.0147 24 321 53 347
car 0.0146 70 289 97 321
car 0.0135 279 102 335 223
car 0.0131 14 257 81 327
car 0.0126 190 76 249 137
car 0.0123 7 310 70 367
car 0.0118 48 236 107 356
car 0.0116 165 88 238 173
car 0.0113 54 262 92 309
car 0.0098 43 253 104 318
car 0.0095 34 185 353 338
car 0.0092 208 54 270 125
car 0.0091 201 85 241 129
car 0.0067 3 280 38 327
car 0.0061 66 298 87 327
car 0.0057 68 278 87 303
car 0.0056 55 268 82 299
car 0.0055 -1 226 129 369
car 0.0052 177 18 295 151
car 0.0045 295 28 315 57
car 0.0045 19 310 57 354
car 0.0042 -16 269 101 408
car 0.0037 19 324 39 355
car 0.0036 24 287 89 353
car 0.0034 178 124 263 209
car 0.0032 2 298 37 365
car 0.0032 288 14 321 67
car 0.0032 303 140 328 176
car 0.0031 26 265 66 319
car 0.0030 224 85 250 110
car 0.0029 221 32 293 109
car 0.0026 54 261 82 286
car 0.0026 150 63 278 185
car 0.0025 166 117 296 177
car 0.0022 -4 276 59 333
car 0.0021 48 289 81 340
car 0.0021 74 37 310 472
car 0.0021 291 26 307 57
car 0.0020 8 327 27 355
car 0.0019 0 261 48 376
car 0.0017 265 37 289 69
car 0.0017 218 63 258 116
car 0.0016 54 298 76 330
car 0.0016 12 281 73 392
car 0.0013 84 290 106 314
car 0.0013 8 298 28 324
car 0.0012 11 314 45 363
car 0.0012 66 308 82 331
car 0.0012 30 302 48 325
car 0.0011 309 18 323 52
car 0.0011 250 46 286 92
car 0.0011 274 2 336 69
car 0.0010 234 75 260 106
car 0.0010 274 157 301 182
car 0.0010 296 148 333 207
car 0.0010 89 288 118 315
motorbike 0.9751 37 201 349 381
motorbike 0.6004 104 88 295 547
motorbike 0.0354 124 184 265 449
dog 0.0018 74 37 310 472
chair 0.0017 76 -86 238 278
