person 0.0624 324 159 341 178
person 0.0086 329 160 348 176
person 0.0079 334 144 350 159
person 0.0069 314 164 329 181
person 0.0032 330 156 350 169
person 0.0029 212 123 445 234
person 0.0011 293 140 309 159
car 0.9952 170 122 463 238
car 0.0719 300 140 341 158
car 0.0492 293 140 309 159
car 0.0405 249 123 322 169
car 0.0400 283 137 308 161
car 0.0222 217 90 415 285
car 0.0081 286 134 357 163
car 0.0071 334 144 350 159
car 0.0055 303 135 326 157
car 0.0041 133 137 160 150
car 0.0037 85 135 111 148
car 0.0034 224 146 244 155
car 0.0026 320 146 342 157
car 0.0023 291 148 389 178
car 0.0021 272 138 296 160
car 0.0017 217 146 237 155
car 0.0013 105 136 132 149
car 0.0012 232 146 255 156
car 0.0011 361 145 377 157
car 0.0010 494 147 500 159
car 0.0010 266 141 280 158
motorbike 0.0021 212 123 445 234
motorbike 0.0017 334 144 350 159
aeroplane 0.0033 -51 106 148 172
bus 0.0014 -46 122 150 156
bus 0.0012 300 140 341 158
cow 0.0018 216 100 416 261
