person 0.9989 65 149 327 427
person 0.9898 -1 179 143 487
person 0.9855 101 337 470 482
person 0.9128 174 177 397 636
person 0.7729 -25 364 128 553
person 0.6898 311 167 429 495
person 0.5285 225 111 370 549
person 0.4991 -1 54 161 608
person 0.4575 -25 235 188 426
person 0.2588 216 195 378 408
person 0.1821 38 200 128 368
person 0.1363 -1 312 176 590
person 0.0566 183 253 468 424
person 0.0320 7 254 59 463
person 0.0307 287 66 444 593
person 0.0080 60 384 111 520
person 0.0066 51 207 150 431
person 0.0061 38 386 96 519
person 0.0039 280 191 385 482
person 0.0024 176 175 238 219
person 0.0021 248 226 306 373
person 0.0020 -36 407 207 527
person 0.0017 58 228 377 579
person 0.0014 52 225 87 301
person 0.0012 34 281 471 452
person 0.0012 -38 293 209 498
cat 0.0018 -2 317 139 591
bottle 0.0023 138 406 192 526
bottle 0.0016 118 197 148 277
bottle 0.0013 60 194 335 448
bottle 0.0012 179 365 216 459
chair 0.6170 387 283 427 467
chair 0.4627 -1 54 161 608
chair 0.3739 51 277 126 343
chair 0.3651 98 260 144 458
chair 0.2795 1 224 140 477
chair 0.0795 240 301 276 348
chair 0.0563 34 222 145 382
chair 0.0514 393 339 429 439
chair 0.0459 226 313 286 387
chair 0.0403 70 243 125 363
chair 0.0364 399 301 429 398
chair 0.0326 88 354 127 420
chair 0.0231 46 388 79 415
chair 0.0160 336 309 451 474
chair 0.0159 106 292 146 371
chair 0.0140 -16 329 156 452
chair 0.0100 308 225 436 484
chair 0.0098 -8 355 171 505
chair 0.0093 46 253 169 463
chair 0.0076 133 377 444 555
chair 0.0074 68 279 94 307
chair 0.0060 232 295 291 363
chair 0.0059 253 303 272 346
chair 0.0059 78 279 101 307
chair 0.0057 -2 317 139 591
chair 0.0055 68 343 136 432
chair 0.0042 242 314 268 344
chair 0.0037 83 269 120 336
chair 0.0035 316 313 367 433
chair 0.0034 48 265 116 322
chair 0.0032 239 331 274 351
chair 0.0031 30 378 89 421
chair 0.0028 61 282 86 306
chair 0.0026 7 288 57 455
chair 0.0025 216 235 379 388
chair 0.0023 68 431 495 507
chair 0.0020 25 350 120 429
chair 0.0020 89 378 137 526
chair 0.0020 55 250 121 418
chair 0.0018 60 194 335 448
chair 0.0018 69 288 111 333
chair 0.0017 325 330 361 406
chair 0.0017 70 260 108 310
chair 0.0015 216 168 417 557
chair 0.0015 385 401 411 418
chair 0.0013 109 352 131 422
chair 0.0013 92 363 111 396
chair 0.0012 -22 232 122 365
chair 0.0011 264 302 278 347
chair 0.0010 118 298 142 403
chair 0.0010 52 231 86 282
sofa 0.0120 -5 149 147 565
sofa 0.0070 -1 312 176 590
sofa 0.0030 -18 246 158 471
pottedplant 0.9202 278 80 461 339
pottedplant 0.3149 309 -25 438 429
pottedplant 0.0066 309 160 430 484
pottedplant 0.0025 -2 317 139 591
diningtable 0.1436 -52 346 555 554
diningtable 0.0581 363 374 415 520
diningtable 0.0273 42 413 245 530
diningtable 0.0272 60 333 461 480
diningtable 0.0254 22 318 240 590
diningtable 0.0224 147 317 481 571
diningtable 0.0089 333 394 454 543
diningtable 0.0085 -5 149 147 565
diningtable 0.0082 60 194 335 448
diningtable 0.0080 98 260 144 458
diningtable 0.0038 138 185 382 622
diningtable 0.0035 399 301 429 398
diningtable 0.0034 381 406 434 525
diningtable 0.0033 106 292 146 371
diningtable 0.0023 1 451 283 518
diningtable 0.0021 124 405 171 527
diningtable 0.0020 96 400 145 526
diningtable 0.0014 -7 373 347 564
diningtable 0.0011 -27 276 444 451
