person 0.9861 475 23 504 218
person 0.8337 411 57 441 123
person 0.7175 376 59 402 113
person 0.5897 371 65 388 103
person 0.5668 342 66 360 89
person 0.5649 360 67 378 100
person 0.5086 385 59 412 114
person 0.4814 409 66 422 103
person 0.4458 425 65 451 120
person 0.4385 365 59 393 110
person 0.3894 400 67 415 103
person 0.3834 349 66 370 96
person 0.2854 391 66 406 105
person 0.2198 405 61 432 115
person 0.1980 355 60 384 106
person 0.1579 430 75 447 110
person 0.1440 66 32 483 249
person 0.1410 394 65 420 115
person 0.1121 372 66 385 87
person 0.0744 393 68 404 87
person 0.0709 382 67 395 87
person 0.0659 335 66 351 83
person 0.0658 401 68 413 87
person 0.0516 342 63 377 101
person 0.0461 383 77 396 106
person 0.0422 128 62 167 119
person 0.0341 396 48 459 126
person 0.0316 425 63 448 84
person 0.0302 491 18 502 227
person 0.0260 117 47 180 133
person 0.0255 412 70 422 87
person 0.0237 421 66 434 85
person 0.0184 281 38 503 129
person 0.0179 419 69 435 102
person 0.0169 330 55 389 109
person 0.0159 356 51 421 120
person 0.0131 26 0 550 171
person 0.0114 437 73 448 97
person 0.0114 74 35 213 149
person 0.0097 486 38 503 153
person 0.0049 141 41 210 143
person 0.0036 496 72 500 95
person 0.0029 475 63 499 181
person 0.0029 495 61 501 91
person 0.0026 158 57 200 127
person 0.0024 419 57 453 95
person 0.0024 497 77 499 111
person 0.0024 265 -12 539 207
person 0.0021 496 83 501 143
person 0.0018 142 55 179 117
person 0.0016 365 63 376 75
person 0.0015 439 68 447 83
person 0.0014 318 48 343 77
person 0.0013 132 68 151 102
person 0.0011 497 77 499 189
person 0.0010 330 42 567 151
car 0.9972 29 43 468 272
car 0.0292 -105 66 602 210
car 0.0086 -63 -7 567 180
car 0.0035 425 63 448 84
car 0.0023 430 73 448 99
car 0.0022 -22 8 280 83
cat 0.0010 118 46 180 129
dog 0.0014 118 46 180 129
dog 0.0012 127 61 166 115
dog 0.0011 69 25 219 149
chair 0.0048 476 38 504 225
diningtable 0.0071 29 70 466 316
tvmonitor 0.0103 380 17 457 82
tvmonitor 0.0096 318 48 343 77
tvmonitor 0.0023 348 36 371 59
tvmonitor 0.0017 425 63 448 84
