person 0.9912 -75 60 395 334
person 0.9809 203 23 577 325
person 0.1922 -13 121 62 187
person 0.0033 0 135 5 175
person 0.0025 79 0 486 369
person 0.0013 -1 82 270 441
chair 0.0531 195 228 231 287
chair 0.0045 200 221 216 260
chair 0.0039 195 207 223 273
chair 0.0027 -35 253 205 363
chair 0.0025 -61 164 251 363
chair 0.0023 -91 91 379 339
chair 0.0015 -18 50 150 472
chair 0.0014 194 165 241 307
chair 0.0014 -11 106 62 364
chair 0.0013 -1 82 270 441
chair 0.0011 110 162 216 382
chair 0.0011 220 90 571 362
sofa 0.0052 11 27 404 367
pottedplant 0.0129 223 -118 436 243
pottedplant 0.0036 171 13 589 313
pottedplant 0.0022 143 7 579 140
pottedplant 0.0015 -11 -3 78 207
diningtable 0.3567 -41 235 532 443
diningtable 0.0026 21 271 465 389
