person 0.0281 20 163 28 182
person 0.0169 191 164 203 198
person 0.0109 20 169 27 184
person 0.0096 1 168 6 187
person 0.0086 0 160 5 184
person 0.0051 361 139 393 203
person 0.0034 420 159 433 186
person 0.0029 161 168 174 195
person 0.0027 243 168 262 194
person 0.0024 78 169 85 186
person 0.0023 436 147 446 170
person 0.0022 436 168 453 187
person 0.0021 365 152 380 191
person 0.0021 495 177 500 201
person 0.0018 27 164 32 181
person 0.0015 9 171 19 183
person 0.0013 413 150 427 190
person 0.0012 497 177 500 222
person 0.0012 152 169 166 194
person 0.0012 407 141 434 196
person 0.0012 142 169 156 193
person 0.0012 69 170 75 184
person 0.0011 185 149 207 208
person 0.0010 480 172 492 187
car 0.0111 492 170 501 189
car 0.0033 492 160 501 183
car 0.0031 495 177 500 201
car 0.0024 1 168 6 187
car 0.0016 436 168 453 187
car 0.0013 0 160 5 184
car 0.0012 466 172 487 188
car 0.0011 442 172 471 186
car 0.0010 494 151 500 174
train 0.9734 -69 112 503 287
train 0.0972 279 -35 472 420
train 0.0163 321 70 464 311
train 0.0047 403 143 531 256
train 0.0020 221 116 514 271
train 0.0017 432 142 521 198
train 0.0011 34 15 390 386
chair 0.0045 161 168 174 195
chair 0.0030 152 169 166 194
chair 0.0019 142 169 156 193
