car 0.0010 371 134 521 415
boat 0.0060 371 134 521 415
boat 0.0016 -40 70 326 309
dog 0.0031 -49 13 348 305
horse 0.0084 -40 70 326 309
horse 0.0074 325 60 457 382
horse 0.0040 312 -95 466 495
horse 0.0027 286 110 493 302
sheep 0.0112 321 37 459 374
sheep 0.0030 -33 194 104 328
sheep 0.0020 -62 6 360 265
sheep 0.0019 16 -25 276 342
sheep 0.0018 286 110 493 302
sheep 0.0016 304 -100 459 501
cow 0.9929 286 113 477 301
cow 0.9929 -42 11 356 306
cow 0.9850 321 37 459 374
cow 0.9290 304 -100 459 501
cow 0.0280 -33 194 104 328
cow 0.0017 443 144 509 268
cow 0.0015 420 122 495 210
cow 0.0013 488 152 502 258
cow 0.0011 -17 144 62 209
cow 0.0010 495 165 500 224
cow 0.0010 -13 86 79 333
cow 0.0010 371 134 521 415
