person 0.0090 -9 120 40 312
person 0.0012 -44 26 288 559
bottle 0.8777 148 36 198 174
bottle 0.0635 164 122 204 198
bottle 0.0067 139 62 169 138
bottle 0.0052 136 25 218 226
bottle 0.0049 148 111 220 206
bottle 0.0035 241 100 282 221
bottle 0.0029 231 159 270 217
chair 0.9982 324 67 390 261
chair 0.9761 142 27 313 167
chair 0.9733 19 73 77 225
chair 0.7869 -9 120 40 312
chair 0.0339 -9 55 101 239
chair 0.0238 139 59 170 129
chair 0.0193 -44 473 400 513
chair 0.0144 131 47 212 137
chair 0.0125 -16 143 52 231
chair 0.0083 108 41 244 167
chair 0.0072 207 50 265 154
chair 0.0040 79 79 151 161
chair 0.0018 97 0 287 197
chair 0.0017 141 38 185 173
chair 0.0015 -5 156 27 275
chair 0.0015 60 83 326 172
chair 0.0013 22 149 56 208
chair 0.0012 29 66 175 181
sofa 0.0038 -9 120 40 312
sofa 0.0010 142 27 313 167
pottedplant 0.0177 129 118 238 177
pottedplant 0.0025 148 111 220 206
pottedplant 0.0016 105 96 277 196
pottedplant 0.0011 191 -18 267 43
diningtable 0.9998 11 53 375 542
diningtable 0.0099 -31 127 403 387
diningtable 0.0018 70 231 148 435
