person 0.9983 289 107 451 367
person 0.9982 128 73 202 365
person 0.9946 219 79 290 337
person 0.9911 306 92 360 343
person 0.9906 174 166 254 344
person 0.9887 322 -9 433 484
person 0.9439 259 101 323 329
person 0.0031 270 124 313 271
person 0.0022 189 190 227 253
person 0.0022 178 167 209 255
person 0.0019 135 116 279 392
person 0.0017 266 136 304 185
person 0.0016 175 156 228 277
person 0.0016 310 128 358 235
person 0.0013 319 156 330 170
person 0.0010 165 101 202 333
person 0.0010 305 163 317 181
dog 0.0022 158 190 273 350
dog 0.0013 261 118 308 283
bottle 0.0495 225 226 238 254
bottle 0.0203 227 240 238 259
bottle 0.0062 107 337 189 372
bottle 0.0033 234 198 254 217
bottle 0.0021 221 215 246 280
bottle 0.0019 203 285 226 307
bottle 0.0019 239 197 251 213
bottle 0.0014 335 196 347 207
bottle 0.0012 227 229 237 239
bottle 0.0012 337 202 350 218
bottle 0.0011 221 227 234 240
chair 0.0172 169 166 248 343
pottedplant 0.0011 -20 103 152 498
