person 0.9993 178 -48 278 273
person 0.9984 30 98 245 345
person 0.9972 84 200 416 478
person 0.9812 320 -53 383 341
person 0.9435 13 -39 60 167
person 0.0272 46 181 230 416
person 0.0241 328 0 378 176
person 0.0055 56 -76 223 432
person 0.0043 151 153 351 677
person 0.0038 111 334 391 489
person 0.0023 330 38 378 287
person 0.0020 14 37 41 125
person 0.0013 352 92 380 185
person 0.0012 75 164 395 363
bicycle 0.9459 142 159 335 674
bicycle 0.9301 87 155 187 469
bicycle 0.8822 103 332 373 492
bicycle 0.7566 48 211 227 429
bicycle 0.1403 188 256 314 576
bicycle 0.0818 57 44 228 591
bicycle 0.0018 136 318 189 466
bicycle 0.0015 155 304 282 553
bicycle 0.0011 122 223 191 487
bicycle 0.0010 99 238 148 436
motorbike 0.0591 46 181 230 416
motorbike 0.0498 81 137 191 470
motorbike 0.0190 111 334 391 489
motorbike 0.0169 158 188 343 667
motorbike 0.0169 188 256 314 576
motorbike 0.0037 58 24 226 570
