person 0.9985 280 12 480 320
person 0.9964 109 112 226 380
person 0.0111 -9 114 67 360
person 0.0107 72 77 264 418
person 0.0010 251 96 344 269
person 0.0010 328 -53 456 398
cat 0.0017 66 183 153 274
chair 0.9145 420 88 492 294
chair 0.4427 251 96 343 279
chair 0.1784 -9 114 67 360
chair 0.0695 -13 208 56 371
chair 0.0428 309 113 363 277
chair 0.0135 302 16 499 374
chair 0.0023 322 177 360 240
chair 0.0019 -3 190 54 248
chair 0.0018 112 164 219 370
chair 0.0014 -5 64 40 404
chair 0.0012 257 112 328 211
chair 0.0012 202 44 378 352
chair 0.0011 -3 159 16 257
chair 0.0010 424 108 489 216
sofa 0.7621 -10 133 61 373
sofa 0.0407 -9 214 44 367
sofa 0.0181 -31 198 83 383
sofa 0.0032 20 185 67 322
sofa 0.0022 51 190 184 308
sofa 0.0020 29 125 312 423
sofa 0.0015 251 96 343 279
sofa 0.0014 420 106 491 250
sofa 0.0011 -2 94 28 336
pottedplant 0.0021 102 82 146 268
diningtable 0.0028 231 132 359 286
diningtable 0.0019 29 125 312 423
tvmonitor 0.5758 241 96 348 226
tvmonitor 0.0033 257 114 315 208
tvmonitor 0.0023 96 -21 271 338
