person 0.9990 63 185 527 483
person 0.9825 166 150 424 515
person 0.9713 118 214 317 462
person 0.0034 359 -4 490 8
person 0.0033 308 411 512 539
person 0.0017 391 454 517 518
person 0.0011 423 -1 462 4
person 0.0010 303 -4 451 8
bottle 0.0045 375 0 419 2
bottle 0.0030 384 0 448 3
bottle 0.0026 426 334 467 409
bottle 0.0025 416 -1 456 4
bottle 0.0013 343 0 411 3
bottle 0.0011 287 -5 505 9
chair 0.0124 112 237 516 475
chair 0.0112 308 411 512 539
chair 0.0100 363 263 460 560
chair 0.0050 397 310 453 430
chair 0.0032 401 285 492 545
chair 0.0029 391 454 517 518
chair 0.0018 373 297 490 444
chair 0.0015 355 169 506 658
chair 0.0010 346 482 523 506
sofa 0.0134 150 185 434 516
sofa 0.0063 308 411 512 539
sofa 0.0021 355 280 507 606
sofa 0.0020 235 451 551 519
pottedplant 0.0091 304 446 553 522
pottedplant 0.0017 367 417 526 535
pottedplant 0.0013 375 448 494 521
pottedplant 0.0012 355 280 507 606
