person 0.9997 0 17 269 462
person 0.9971 209 110 401 398
person 0.0032 79 21 298 318
person 0.0014 240 39 373 331
bottle 0.9958 119 247 182 498
bottle 0.0343 196 313 280 390
bottle 0.0102 188 303 276 488
bottle 0.0032 222 321 255 379
bottle 0.0015 124 -2 163 7
bottle 0.0013 229 333 250 366
bottle 0.0010 185 298 309 412
chair 0.3510 -16 304 150 595
chair 0.0412 -17 398 148 544
chair 0.0392 342 351 383 447
chair 0.0143 341 363 382 413
chair 0.0081 348 330 377 496
chair 0.0057 257 327 415 468
chair 0.0054 -3 296 42 498
chair 0.0040 33 416 98 526
chair 0.0032 289 358 336 484
chair 0.0026 -25 362 186 506
chair 0.0014 166 314 294 482
chair 0.0012 -6 33 253 521
chair 0.0011 33 373 274 562
chair 0.0010 241 298 294 457
pottedplant 0.0018 347 63 381 114
diningtable 0.5197 6 287 426 613
diningtable 0.1670 -81 368 477 493
diningtable 0.0129 196 310 404 594
diningtable 0.0010 -17 290 401 456
tvmonitor 0.0180 291 89 401 226
