bird 0.0128 169 243 246 414
bird 0.0020 151 251 190 292
bird 0.0014 161 257 187 277
bird 0.0011 137 242 197 300
bird 0.0011 100 248 117 270
dog 0.0074 171 240 254 404
dog 0.0068 -16 220 100 378
horse 0.1461 169 243 246 414
horse 0.0109 -34 212 117 382
horse 0.0055 151 207 265 440
horse 0.0030 199 229 323 364
horse 0.0017 4 239 60 290
horse 0.0013 13 247 53 283
sheep 0.9767 199 229 323 364
sheep 0.9210 296 257 314 277
sheep 0.9197 168 231 250 417
sheep 0.9173 213 254 232 270
sheep 0.8928 101 249 119 272
sheep 0.8887 200 253 217 270
sheep 0.8396 116 242 181 305
sheep 0.7450 -34 212 117 382
sheep 0.7126 258 259 295 282
sheep 0.7099 320 258 343 277
sheep 0.6781 312 257 329 277
sheep 0.6609 356 259 371 277
sheep 0.6297 331 259 351 276
sheep 0.5841 47 253 84 273
sheep 0.5515 4 239 60 290
sheep 0.5468 305 258 321 276
sheep 0.5262 13 247 53 283
sheep 0.4943 248 253 268 281
sheep 0.4922 134 249 164 267
sheep 0.4165 131 249 150 267
sheep 0.3598 151 251 190 292
sheep 0.2867 -1 249 29 276
sheep 0.2830 129 250 169 297
sheep 0.2774 244 251 277 285
sheep 0.2774 244 249 304 291
sheep 0.2294 141 251 170 271
sheep 0.1859 154 255 185 277
sheep 0.0476 224 240 297 351
sheep 0.0364 32 244 94 284
sheep 0.0359 -27 199 456 320
sheep 0.0328 128 254 151 294
sheep 0.0230 -1 252 11 277
sheep 0.0207 117 241 179 274
sheep 0.0161 144 257 170 289
sheep 0.0121 296 251 367 284
sheep 0.0108 39 231 441 289
sheep 0.0094 340 259 353 273
sheep 0.0086 10 232 88 357
sheep 0.0055 186 245 247 278
sheep 0.0054 155 236 365 325
sheep 0.0052 20 250 49 265
sheep 0.0049 -10 230 62 363
sheep 0.0044 12 251 35 275
sheep 0.0041 -11 237 44 279
sheep 0.0033 -129 234 344 286
sheep 0.0029 121 253 141 272
sheep 0.0022 375 252 386 263
sheep 0.0022 108 252 124 271
sheep 0.0022 55 253 82 265
sheep 0.0022 56 234 263 312
sheep 0.0021 96 250 112 265
sheep 0.0021 28 252 52 274
sheep 0.0019 0 252 5 289
sheep 0.0019 -50 180 324 376
sheep 0.0019 328 251 338 262
sheep 0.0018 148 241 486 303
sheep 0.0018 312 253 352 282
sheep 0.0015 7 251 35 265
sheep 0.0014 206 250 222 266
sheep 0.0013 373 256 386 266
sheep 0.0012 4 250 102 293
sheep 0.0012 216 253 233 264
sheep 0.0011 183 234 644 290
sheep 0.0010 -1 220 7 404
sheep 0.0010 494 256 500 269
cow 0.6307 -34 212 117 382
cow 0.3214 4 239 60 290
cow 0.2408 52 252 84 271
cow 0.1981 13 247 53 283
cow 0.1311 116 242 181 305
cow 0.0948 168 241 247 406
cow 0.0846 101 249 119 272
cow 0.0698 134 249 164 267
cow 0.0657 -1 249 29 276
cow 0.0338 151 207 265 440
cow 0.0289 131 249 150 267
cow 0.0268 151 251 190 292
cow 0.0247 129 250 169 297
cow 0.0229 199 229 323 364
cow 0.0167 213 254 232 270
cow 0.0151 141 251 170 271
cow 0.0130 32 244 94 284
cow 0.0108 200 253 217 270
cow 0.0102 154 255 185 277
cow 0.0060 261 259 297 283
cow 0.0060 248 253 268 281
cow 0.0059 358 259 374 279
cow 0.0053 117 241 179 274
cow 0.0049 10 232 88 357
cow 0.0045 296 257 314 277
cow 0.0042 244 249 304 291
cow 0.0040 331 259 351 276
cow 0.0037 -1 252 11 277
cow 0.0036 -10 230 62 363
cow 0.0034 244 251 277 285
cow 0.0030 -27 199 456 320
cow 0.0026 320 258 343 277
cow 0.0024 312 257 329 277
cow 0.0023 128 254 151 294
cow 0.0022 -115 234 288 287
cow 0.0021 305 258 321 276
cow 0.0017 20 250 49 265
cow 0.0012 -1 220 7 404
