person 0.5646 5 227 75 381
person 0.4961 -17 188 112 419
person 0.0161 6 247 30 375
person 0.0065 35 284 52 354
person 0.0047 53 247 80 360
person 0.0010 316 178 442 504
dog 0.0016 316 178 442 504
bottle 0.0253 339 229 354 283
bottle 0.0158 345 195 374 292
chair 0.4274 316 178 442 504
chair 0.0833 293 62 446 650
chair 0.0374 277 236 465 444
chair 0.0011 274 226 368 439
sofa 0.8888 312 166 442 549
sofa 0.8352 287 254 460 470
pottedplant 0.2093 14 173 165 305
pottedplant 0.1427 23 82 403 411
pottedplant 0.0732 7 234 426 433
pottedplant 0.0122 339 187 380 294
pottedplant 0.0043 316 178 442 504
pottedplant 0.0022 42 186 133 284
pottedplant 0.0013 -16 142 120 485
pottedplant 0.0011 230 231 347 439
diningtable 0.0043 -10 268 448 445
diningtable 0.0016 -43 289 478 593
diningtable 0.0013 316 178 442 504
tvmonitor 0.9820 -1 218 99 390
tvmonitor 0.6317 -9 147 118 460
