person 0.9999 -27 32 347 357
person 0.9998 169 41 510 353
person 0.2521 460 147 507 287
person 0.0060 467 170 507 253
person 0.0051 473 109 503 398
person 0.0044 406 136 531 302
person 0.0024 491 167 496 197
person 0.0024 486 146 502 259
bottle 0.9759 290 141 328 317
bottle 0.6687 192 156 239 284
bottle 0.4066 420 164 451 217
bottle 0.1341 481 168 490 195
bottle 0.1249 427 172 446 211
bottle 0.0994 419 178 433 211
bottle 0.0937 472 167 481 199
bottle 0.0701 459 166 469 202
bottle 0.0574 491 167 496 197
bottle 0.0530 452 167 461 199
bottle 0.0475 441 172 455 210
bottle 0.0468 443 153 473 217
bottle 0.0269 448 171 462 208
bottle 0.0244 175 52 500 366
bottle 0.0225 406 158 465 226
bottle 0.0196 466 157 502 209
bottle 0.0134 430 206 463 276
bottle 0.0085 455 147 512 218
bottle 0.0084 415 178 428 207
bottle 0.0079 451 165 459 186
bottle 0.0078 479 167 489 186
bottle 0.0076 429 187 445 210
bottle 0.0069 192 180 229 262
bottle 0.0067 478 178 491 199
bottle 0.0049 474 166 482 186
bottle 0.0047 436 163 459 217
bottle 0.0030 460 166 467 185
bottle 0.0022 494 159 497 194
bottle 0.0015 428 144 488 224
bottle 0.0012 162 145 273 293
bottle 0.0011 448 134 506 266
bottle 0.0010 438 189 454 209
chair 0.0230 447 149 509 288
chair 0.0206 430 206 463 276
chair 0.0144 -15 241 95 414
chair 0.0060 -30 63 322 359
chair 0.0056 407 160 529 301
chair 0.0045 437 216 455 247
chair 0.0031 35 243 68 293
chair 0.0018 42 251 63 290
chair 0.0015 40 233 85 393
chair 0.0014 473 109 503 398
chair 0.0011 495 202 500 279
chair 0.0010 489 180 501 299
sofa 0.0048 5 223 505 377
sofa 0.0023 -30 63 322 359
sofa 0.0014 447 149 509 288
pottedplant 0.0075 430 206 463 276
pottedplant 0.0010 199 62 500 358
diningtable 0.1098 -27 205 95 377
diningtable 0.0194 -9 221 63 363
diningtable 0.0066 -28 230 92 306
diningtable 0.0062 348 209 550 369
diningtable 0.0059 386 140 528 299
diningtable 0.0039 -39 282 120 422
diningtable 0.0036 447 149 509 288
diningtable 0.0034 5 223 505 377
diningtable 0.0033 399 185 512 221
diningtable 0.0026 -23 147 112 473
diningtable 0.0022 -95 217 601 448
diningtable 0.0022 369 145 525 455
diningtable 0.0018 447 192 484 208
tvmonitor 0.0020 151 43 521 275
