person 0.9974 64 236 196 438
person 0.9619 470 149 505 315
person 0.9601 390 190 445 329
person 0.9577 242 200 292 376
person 0.9281 194 265 244 402
person 0.9230 85 264 168 411
person 0.7895 373 221 422 331
person 0.7430 176 258 220 335
person 0.4842 278 255 343 374
person 0.1782 200 280 237 373
person 0.1495 409 135 419 159
person 0.1477 421 230 455 310
person 0.0850 381 220 421 261
person 0.0683 255 223 375 363
person 0.0648 327 190 499 323
person 0.0623 424 227 438 249
person 0.0589 483 165 503 295
person 0.0589 376 206 439 273
person 0.0562 271 255 337 319
person 0.0239 315 240 368 354
person 0.0225 158 258 281 409
person 0.0195 348 235 372 263
person 0.0193 293 261 329 315
person 0.0185 395 225 415 254
person 0.0168 342 229 378 272
person 0.0146 188 261 226 318
person 0.0143 206 287 222 325
person 0.0112 490 188 500 214
person 0.0093 266 238 279 263
person 0.0082 397 214 438 263
person 0.0082 479 179 504 245
person 0.0075 210 277 276 401
person 0.0074 257 227 291 292
person 0.0073 171 274 241 362
person 0.0068 453 164 499 304
person 0.0067 267 260 298 316
person 0.0066 399 222 419 240
person 0.0057 433 221 497 282
person 0.0054 407 143 417 158
person 0.0053 491 189 500 234
person 0.0052 469 228 504 290
person 0.0049 304 272 322 301
person 0.0048 292 269 313 285
person 0.0048 277 261 292 278
person 0.0046 391 216 423 300
person 0.0044 471 188 501 268
person 0.0041 93 60 301 484
person 0.0039 178 276 227 413
person 0.0039 112 249 255 384
person 0.0037 203 281 230 332
person 0.0034 329 221 392 280
person 0.0033 198 275 217 301
person 0.0032 239 221 308 297
person 0.0031 485 214 501 302
person 0.0030 337 234 367 288
person 0.0030 346 219 397 323
person 0.0030 172 262 206 319
person 0.0029 336 229 443 286
person 0.0028 215 137 422 451
person 0.0028 348 246 369 272
person 0.0027 178 271 194 301
person 0.0026 334 163 344 183
person 0.0026 160 253 215 374
person 0.0025 476 191 499 212
person 0.0025 184 270 206 293
person 0.0024 210 270 223 309
person 0.0024 275 250 308 307
person 0.0023 202 284 216 310
person 0.0023 402 207 435 313
person 0.0022 494 218 499 283
person 0.0021 495 171 500 213
person 0.0021 330 223 381 324
person 0.0019 178 288 218 347
person 0.0019 38 196 361 353
person 0.0017 302 269 318 288
person 0.0017 420 218 476 319
person 0.0016 281 256 323 303
person 0.0016 174 273 184 289
person 0.0016 343 242 360 278
person 0.0016 285 262 299 278
person 0.0016 428 243 450 277
person 0.0016 496 201 500 278
person 0.0016 183 292 195 323
person 0.0015 284 268 302 286
person 0.0015 495 194 499 266
person 0.0014 445 229 488 274
person 0.0014 306 181 314 196
person 0.0013 266 239 299 301
person 0.0012 267 224 323 333
person 0.0012 195 64 521 318
person 0.0012 387 237 410 259
person 0.0012 487 143 502 241
person 0.0012 375 221 406 296
person 0.0012 272 272 291 307
person 0.0011 209 252 238 323
person 0.0011 383 232 396 253
person 0.0011 180 285 194 313
person 0.0010 493 252 501 285
person 0.0010 48 310 132 402
person 0.0010 191 208 333 373
car 0.0051 343 96 522 377
car 0.0037 258 240 534 450
car 0.0011 470 147 505 298
aeroplane 0.0034 298 98 519 415
aeroplane 0.0019 138 182 590 343
boat 0.3398 222 56 409 452
boat 0.3127 298 98 519 415
boat 0.2038 143 173 499 351
boat 0.2007 238 77 346 108
boat 0.0747 30 199 335 353
boat 0.0385 258 240 534 450
boat 0.0354 -23 160 220 449
boat 0.0211 82 75 281 508
boat 0.0200 176 209 616 378
boat 0.0179 331 196 530 318
boat 0.0156 409 135 419 159
boat 0.0061 81 120 582 274
boat 0.0050 151 50 301 302
boat 0.0033 -88 242 261 337
boat 0.0027 407 143 417 158
boat 0.0025 313 174 549 270
boat 0.0021 237 215 394 336
boat 0.0020 -45 252 173 441
boat 0.0011 473 81 506 275
bird 0.0080 334 163 344 183
bird 0.0012 410 142 418 158
bird 0.0010 424 229 443 248
dog 0.0018 421 230 455 310
dog 0.0013 424 229 443 248
bottle 0.0081 285 262 299 278
bottle 0.0071 182 303 193 330
bottle 0.0063 307 258 318 277
bottle 0.0050 183 292 195 323
bottle 0.0037 302 269 318 288
bottle 0.0028 277 261 292 278
bottle 0.0024 82 75 281 508
bottle 0.0023 284 268 302 286
bottle 0.0022 274 268 292 288
bottle 0.0018 181 310 193 340
bottle 0.0017 208 285 221 312
bottle 0.0017 424 227 438 249
bottle 0.0017 306 244 320 277
bottle 0.0016 292 269 313 285
bottle 0.0013 152 320 164 339
bottle 0.0013 154 327 167 340
bottle 0.0011 187 294 202 322
bottle 0.0011 222 56 409 452
chair 0.9654 211 283 278 404
chair 0.9598 273 261 337 376
chair 0.8604 375 248 420 328
chair 0.8265 322 252 373 359
chair 0.7639 141 90 325 254
chair 0.7255 189 261 294 427
chair 0.5664 254 238 355 397
chair 0.5061 48 310 132 402
chair 0.4320 65 276 190 421
chair 0.4008 149 338 223 390
chair 0.3619 339 234 381 307
chair 0.3193 73 315 166 399
chair 0.2499 330 222 392 319
chair 0.0766 337 234 367 288
chair 0.0508 -21 306 160 408
chair 0.0427 241 287 269 350
chair 0.0399 343 242 360 278
chair 0.0398 362 235 393 250
chair 0.0352 362 247 392 307
chair 0.0339 60 326 104 384
chair 0.0334 267 260 298 316
chair 0.0303 -17 347 141 388
chair 0.0263 421 230 455 310
chair 0.0234 272 272 291 307
chair 0.0230 348 246 369 272
chair 0.0204 294 229 369 291
chair 0.0203 348 235 372 263
chair 0.0180 296 205 411 337
chair 0.0179 289 261 314 277
chair 0.0162 183 292 195 323
chair 0.0152 307 283 342 354
chair 0.0148 110 280 250 415
chair 0.0137 280 238 392 378
chair 0.0123 292 269 313 285
chair 0.0118 193 269 243 415
chair 0.0114 208 285 221 312
chair 0.0111 182 262 225 335
chair 0.0103 247 296 264 340
chair 0.0101 366 229 431 310
chair 0.0096 202 284 216 310
chair 0.0094 284 268 302 286
chair 0.0091 333 210 457 337
chair 0.0086 171 247 234 348
chair 0.0082 381 262 414 276
chair 0.0082 274 268 292 288
chair 0.0077 366 257 389 278
chair 0.0076 215 263 271 329
chair 0.0074 285 262 299 278
chair 0.0073 150 287 214 408
chair 0.0070 224 291 266 378
chair 0.0070 -21 337 66 391
chair 0.0068 198 275 217 301
chair 0.0067 182 303 193 330
chair 0.0067 370 256 386 301
chair 0.0064 187 294 202 322
chair 0.0062 185 306 209 328
chair 0.0057 342 271 360 303
chair 0.0055 168 133 417 455
chair 0.0055 239 236 286 378
chair 0.0054 420 218 476 319
chair 0.0053 348 255 372 280
chair 0.0052 107 98 289 496
chair 0.0049 202 277 234 393
chair 0.0049 134 298 201 357
chair 0.0049 391 197 442 335
chair 0.0049 352 232 392 289
chair 0.0047 219 298 255 355
chair 0.0044 254 252 333 321
chair 0.0044 210 111 296 217
chair 0.0044 195 323 214 348
chair 0.0042 334 256 366 320
chair 0.0042 255 297 270 340
chair 0.0041 281 268 325 345
chair 0.0039 382 268 414 287
chair 0.0037 342 229 378 272
chair 0.0037 88 324 130 386
chair 0.0032 314 283 328 311
chair 0.0032 277 261 292 278
chair 0.0032 257 267 295 348
chair 0.0032 40 211 355 372
chair 0.0032 342 243 361 260
chair 0.0031 174 132 252 178
chair 0.0030 356 250 388 268
chair 0.0029 112 363 144 380
chair 0.0029 285 273 320 299
chair 0.0028 431 225 497 288
chair 0.0027 180 285 194 313
chair 0.0027 360 255 380 281
chair 0.0027 191 305 221 387
chair 0.0027 220 279 286 358
chair 0.0027 283 272 301 301
chair 0.0026 358 240 383 257
chair 0.0025 225 310 247 342
chair 0.0024 302 269 318 288
chair 0.0024 155 225 287 357
chair 0.0023 268 275 286 302
chair 0.0023 304 272 322 301
chair 0.0023 335 220 403 280
chair 0.0022 200 289 216 323
chair 0.0022 330 267 354 290
sofa 0.0020 48 310 132 402
pottedplant 0.0041 82 75 281 508
diningtable 0.3011 110 281 255 389
diningtable 0.1020 278 254 366 309
diningtable 0.0804 116 309 242 365
diningtable 0.0647 255 223 375 363
diningtable 0.0273 25 210 339 371
diningtable 0.0258 315 258 370 355
diningtable 0.0153 170 288 244 363
diningtable 0.0134 361 238 393 255
diningtable 0.0128 82 75 281 508
diningtable 0.0126 255 250 331 306
diningtable 0.0123 360 251 395 267
diningtable 0.0114 337 227 402 292
diningtable 0.0104 359 235 394 306
diningtable 0.0104 278 255 343 374
diningtable 0.0103 292 269 313 285
diningtable 0.0081 194 319 216 337
diningtable 0.0076 274 268 292 288
diningtable 0.0067 185 306 209 328
diningtable 0.0063 134 298 201 357
diningtable 0.0060 150 63 501 323
diningtable 0.0059 366 257 389 278
diningtable 0.0057 -17 347 141 388
diningtable 0.0055 186 315 208 335
diningtable 0.0054 150 287 214 408
diningtable 0.0051 294 229 369 291
diningtable 0.0049 284 268 302 286
diningtable 0.0049 52 266 222 423
diningtable 0.0045 254 230 333 286
diningtable 0.0044 321 191 472 320
diningtable 0.0038 343 217 435 284
diningtable 0.0037 289 261 314 277
diningtable 0.0035 420 218 476 319
diningtable 0.0034 177 297 217 356
diningtable 0.0031 277 261 292 278
diningtable 0.0028 302 269 318 288
diningtable 0.0028 312 279 331 297
diningtable 0.0028 301 259 344 317
diningtable 0.0027 315 280 348 298
diningtable 0.0025 244 201 299 374
diningtable 0.0025 217 83 418 380
diningtable 0.0024 158 258 281 409
diningtable 0.0023 285 262 299 278
diningtable 0.0022 181 256 232 404
diningtable 0.0019 314 283 328 311
diningtable 0.0018 106 232 301 444
diningtable 0.0018 130 320 228 392
diningtable 0.0016 313 266 351 329
diningtable 0.0016 320 285 343 308
diningtable 0.0016 306 268 338 290
diningtable 0.0015 48 310 132 402
diningtable 0.0014 373 221 422 331
diningtable 0.0014 266 245 299 315
diningtable 0.0013 325 289 355 306
diningtable 0.0013 304 272 322 301
diningtable 0.0012 154 327 167 340
diningtable 0.0010 195 323 214 348
diningtable 0.0010 390 200 510 337
diningtable 0.0010 285 273 320 299
diningtable 0.0010 258 240 534 450
tvmonitor 0.0018 258 240 534 450
