person 0.9966 180 322 216 393
person 0.9733 146 320 187 393
person 0.7640 328 327 359 391
person 0.7406 146 216 173 309
person 0.6441 135 305 196 407
person 0.1459 136 321 169 391
person 0.1124 319 314 379 403
person 0.1059 169 309 224 406
person 0.0743 25 336 39 363
person 0.0723 116 352 135 382
person 0.0513 149 231 168 270
person 0.0408 342 327 377 390
person 0.0364 255 237 265 262
person 0.0205 353 338 387 386
person 0.0194 318 203 344 275
person 0.0145 334 337 349 376
person 0.0137 37 38 459 344
person 0.0124 237 202 268 275
person 0.0108 192 179 315 294
person 0.0086 359 348 382 383
person 0.0076 117 364 136 379
person 0.0068 324 353 337 379
person 0.0061 349 340 366 367
person 0.0051 156 338 164 354
person 0.0049 64 358 100 379
person 0.0047 342 339 360 370
person 0.0042 151 254 166 299
person 0.0039 107 343 138 387
person 0.0036 167 259 188 295
person 0.0033 93 350 110 384
person 0.0033 154 233 167 251
person 0.0030 320 322 348 393
person 0.0029 338 346 358 382
person 0.0026 171 257 184 281
person 0.0024 158 349 176 381
person 0.0022 153 339 164 371
person 0.0021 362 218 372 238
person 0.0019 241 241 251 261
person 0.0018 161 336 173 357
person 0.0016 146 236 157 265
person 0.0014 62 154 437 380
person 0.0014 161 339 175 372
person 0.0014 334 335 345 361
person 0.0014 -6 226 22 310
person 0.0013 324 213 341 251
person 0.0012 170 343 181 382
person 0.0012 48 347 114 386
person 0.0011 279 243 288 261
person 0.0011 162 228 174 251
person 0.0011 162 252 171 286
person 0.0011 194 340 202 355
person 0.0010 217 221 234 252
bicycle 0.0050 147 244 173 308
bicycle 0.0022 151 254 166 299
bicycle 0.0011 117 364 136 379
car 0.8657 -41 342 130 388
car 0.2665 389 331 540 394
car 0.0163 -31 357 119 383
car 0.0076 -35 303 133 408
car 0.0062 62 363 102 379
car 0.0032 48 347 114 386
car 0.0028 313 323 560 401
car 0.0013 487 348 501 383
car 0.0012 -3 364 26 380
car 0.0012 20 366 65 376
bird 0.0011 200 166 206 176
horse 0.0109 192 179 315 294
horse 0.0025 146 217 172 315
cow 0.0017 192 179 315 294
