person 0.9843 376 18 480 218
person 0.9810 133 29 221 239
person 0.9597 141 21 190 104
person 0.9232 288 32 396 202
person 0.9025 243 29 330 212
person 0.7962 434 0 479 156
person 0.4118 85 44 198 230
person 0.3173 417 25 457 80
person 0.3127 490 16 502 154
person 0.2624 407 15 465 90
person 0.2215 -2 35 13 71
person 0.2182 291 30 312 59
person 0.1614 93 -46 233 316
person 0.1393 203 31 221 61
person 0.1156 12 20 40 74
person 0.1154 17 29 35 60
person 0.1119 56 22 88 71
person 0.1097 435 33 455 63
person 0.0698 -5 26 18 80
person 0.0589 64 27 82 63
person 0.0458 140 58 181 126
person 0.0425 195 24 223 80
person 0.0361 261 40 302 107
person 0.0347 251 28 306 134
person 0.0267 478 -6 504 168
person 0.0264 152 67 177 97
person 0.0264 110 42 175 193
person 0.0263 284 22 317 65
person 0.0245 310 24 336 102
person 0.0220 253 30 268 53
person 0.0216 55 31 73 61
person 0.0179 386 58 430 125
person 0.0175 94 37 236 162
person 0.0170 495 25 500 82
person 0.0168 493 42 500 87
person 0.0164 261 -21 402 297
person 0.0158 275 27 296 58
person 0.0158 389 26 443 132
person 0.0154 108 68 170 134
person 0.0135 118 89 143 114
person 0.0122 316 27 333 59
person 0.0121 367 -2 499 133
person 0.0118 200 33 218 71
person 0.0118 283 27 306 59
person 0.0115 427 35 450 67
person 0.0111 221 -36 353 293
person 0.0110 228 68 264 120
person 0.0099 42 13 102 79
person 0.0094 435 26 478 88
person 0.0089 497 29 499 157
person 0.0086 155 34 175 58
person 0.0079 6 16 58 131
person 0.0076 70 32 86 70
person 0.0075 0 45 8 79
person 0.0072 424 14 488 99
person 0.0070 136 80 159 109
person 0.0067 0 40 22 69
person 0.0064 -15 21 45 84
person 0.0060 130 76 164 126
person 0.0056 235 16 347 145
person 0.0055 263 15 325 72
person 0.0052 214 56 277 132
person 0.0050 19 38 41 68
person 0.0048 495 4 501 218
person 0.0047 348 -61 483 321
person 0.0047 101 -3 230 126
person 0.0046 124 58 189 146
person 0.0045 168 41 181 69
person 0.0038 430 22 463 102
person 0.0034 -3 24 15 122
person 0.0033 240 21 285 139
person 0.0033 54 26 74 48
person 0.0033 98 40 121 66
person 0.0033 70 26 88 47
person 0.0032 315 38 330 71
person 0.0031 285 46 345 185
person 0.0031 3 53 23 71
person 0.0031 126 81 151 109
person 0.0031 486 -70 502 303
person 0.0029 95 31 112 60
person 0.0028 114 80 150 122
person 0.0027 268 21 301 66
person 0.0027 293 4 340 117
person 0.0024 99 33 119 58
person 0.0023 249 15 277 91
person 0.0023 130 53 202 114
person 0.0022 -27 11 90 142
person 0.0022 255 62 293 122
person 0.0021 447 34 465 59
person 0.0020 -6 37 29 113
person 0.0020 204 -75 535 227
person 0.0019 14 53 35 71
person 0.0019 246 47 280 121
person 0.0018 309 15 338 62
person 0.0018 108 41 127 66
person 0.0017 24 49 65 113
person 0.0017 490 -3 502 96
person 0.0017 239 9 311 80
person 0.0016 1 12 64 81
person 0.0016 216 67 239 85
bicycle 0.0086 497 58 500 145
bicycle 0.0058 70 66 246 268
bicycle 0.0051 493 34 502 168
bicycle 0.0014 344 40 498 263
bicycle 0.0011 362 10 499 152
bicycle 0.0010 152 84 215 231
bicycle 0.0010 243 58 321 222
car 0.0497 130 4 225 83
car 0.0207 446 41 510 104
car 0.0134 213 -98 529 200
car 0.0105 495 27 501 64
car 0.0079 124 16 216 56
car 0.0077 491 31 502 151
car 0.0069 493 42 500 87
car 0.0050 490 7 502 103
car 0.0038 460 61 490 88
car 0.0037 246 33 267 55
car 0.0037 478 -6 504 168
car 0.0032 456 49 496 97
car 0.0031 497 58 500 145
car 0.0031 182 35 288 73
car 0.0029 496 17 500 54
car 0.0025 199 32 219 59
car 0.0016 411 -6 524 126
car 0.0014 496 33 499 133
car 0.0014 138 13 195 101
car 0.0013 185 79 212 105
car 0.0013 170 58 263 112
car 0.0013 115 -8 243 120
motorbike 0.9883 253 38 417 267
motorbike 0.9874 277 73 392 223
motorbike 0.9858 366 36 483 235
motorbike 0.9692 240 48 330 219
motorbike 0.9585 88 74 198 240
motorbike 0.6413 88 5 229 314
motorbike 0.0250 491 31 502 151
motorbike 0.0221 152 84 215 231
motorbike 0.0141 221 -36 353 293
motorbike 0.0123 386 58 430 125
motorbike 0.0120 446 41 510 104
motorbike 0.0105 362 10 499 152
motorbike 0.0098 348 -61 483 321
motorbike 0.0079 93 107 153 234
motorbike 0.0074 497 58 500 145
motorbike 0.0052 120 60 238 256
motorbike 0.0039 389 26 443 132
motorbike 0.0031 458 69 478 93
motorbike 0.0021 389 81 472 221
motorbike 0.0019 456 49 496 97
motorbike 0.0018 493 45 500 101
motorbike 0.0017 496 33 499 133
motorbike 0.0017 97 124 137 211
motorbike 0.0017 478 -6 504 168
motorbike 0.0015 495 4 501 218
motorbike 0.0015 56 22 88 71
bus 0.0383 213 -98 529 200
bus 0.0065 130 4 225 83
bus 0.0027 443 -28 510 112
bus 0.0015 -30 -89 225 193
bus 0.0011 147 -3 591 115
