person 0.9994 22 72 316 353
person 0.6510 185 35 216 105
person 0.1709 300 0 404 126
person 0.1300 312 20 390 96
person 0.1240 130 62 152 95
person 0.1199 -2 14 19 340
person 0.0588 -5 -144 28 384
person 0.0444 313 12 371 150
person 0.0261 167 -2 245 246
person 0.0226 178 41 231 200
person 0.0173 124 55 156 100
person 0.0081 411 69 449 126
person 0.0076 -4 -55 28 180
person 0.0067 -1 111 9 292
person 0.0066 267 26 409 171
person 0.0065 194 42 243 231
person 0.0062 345 15 490 201
person 0.0055 182 16 225 149
person 0.0047 322 29 357 103
person 0.0039 145 8 175 68
person 0.0038 191 49 207 84
person 0.0038 0 15 5 330
person 0.0037 103 34 159 139
person 0.0036 378 40 460 188
person 0.0023 217 78 239 173
person 0.0021 -5 -14 28 53
person 0.0020 330 64 351 93
person 0.0020 348 44 371 70
person 0.0018 91 -40 265 265
person 0.0018 79 -25 123 88
person 0.0017 134 0 205 75
person 0.0017 91 -19 116 77
person 0.0017 306 42 379 109
person 0.0016 474 192 504 434
person 0.0016 346 104 407 162
person 0.0013 334 35 349 61
person 0.0013 196 47 211 87
person 0.0013 138 30 271 174
person 0.0012 328 27 372 86
person 0.0012 -9 -148 56 390
person 0.0011 85 23 245 134
person 0.0011 170 34 204 249
person 0.0011 183 76 213 136
person 0.0011 398 55 459 140
person 0.0010 220 93 235 138
person 0.0010 288 61 346 178
person 0.0010 200 -48 279 253
bicycle 0.0324 313 54 388 156
bicycle 0.0187 297 24 407 167
bicycle 0.0137 347 71 378 138
bicycle 0.0019 345 15 490 201
bicycle 0.0018 293 66 369 144
car 0.2885 -5 -14 28 53
car 0.0146 309 -14 473 91
car 0.0051 -15 -26 44 65
car 0.0047 246 -26 388 79
car 0.0038 0 -10 7 48
car 0.0027 139 44 269 195
car 0.0025 110 -28 289 83
car 0.0017 178 41 231 200
car 0.0015 -2 -2 28 20
car 0.0013 272 -8 369 63
car 0.0012 218 -63 433 142
car 0.0012 4 7 21 44
car 0.0012 -5 -56 29 151
car 0.0011 165 33 246 245
motorbike 0.0038 322 38 385 153
motorbike 0.0025 297 24 407 167
motorbike 0.0011 442 118 511 426
boat 0.0042 51 98 360 342
boat 0.0041 309 -14 473 91
boat 0.0019 134 2 220 73
boat 0.0017 110 -28 289 83
boat 0.0010 404 16 529 59
bird 0.0010 411 69 449 126
cat 0.0017 346 104 407 162
dog 0.0443 346 104 407 162
dog 0.0105 356 113 396 152
dog 0.0039 60 184 421 359
dog 0.0019 269 185 369 398
dog 0.0017 308 96 415 169
dog 0.0013 134 48 349 474
horse 0.0257 165 33 246 245
horse 0.0060 -2 14 19 340
horse 0.0042 178 41 231 200
horse 0.0022 61 67 346 324
horse 0.0014 139 44 269 195
cow 0.0034 168 30 264 244
cow 0.0032 61 67 346 324
cow 0.0026 60 184 421 359
cow 0.0013 178 41 231 200
bottle 0.0059 242 315 278 356
bottle 0.0041 226 299 285 369
bottle 0.0032 102 239 253 432
bottle 0.0028 418 68 449 125
bottle 0.0010 425 72 443 119
bottle 0.0010 177 275 299 396
chair 0.9786 348 11 489 215
chair 0.6970 378 40 460 188
chair 0.0919 318 18 387 149
chair 0.0301 267 26 409 171
chair 0.0197 324 40 395 112
chair 0.0162 346 53 381 141
chair 0.0135 288 61 346 178
chair 0.0125 266 38 362 244
chair 0.0091 347 52 386 102
chair 0.0070 242 126 390 229
chair 0.0058 474 243 505 415
chair 0.0049 61 67 346 324
chair 0.0039 178 41 231 200
chair 0.0029 269 144 352 220
chair 0.0024 268 71 341 134
chair 0.0024 486 248 502 406
chair 0.0023 348 71 376 98
chair 0.0020 442 118 511 426
chair 0.0020 324 73 358 139
chair 0.0020 303 77 340 131
chair 0.0019 114 -32 255 89
chair 0.0018 330 64 351 93
chair 0.0016 405 -36 530 85
chair 0.0016 299 89 328 120
chair 0.0014 307 57 365 183
chair 0.0014 346 62 378 89
chair 0.0013 310 91 333 119
chair 0.0013 158 159 221 256
chair 0.0013 323 49 358 103
chair 0.0012 283 80 322 126
chair 0.0010 471 112 505 433
sofa 0.0010 345 15 490 201
pottedplant 0.0025 309 -14 473 91
pottedplant 0.0012 405 -36 530 85
diningtable 0.0079 60 184 421 359
diningtable 0.0030 264 46 406 189
diningtable 0.0018 242 126 390 229
diningtable 0.0013 226 149 362 285
diningtable 0.0011 322 38 385 153
