person 0.0156 477 197 491 222
person 0.0127 491 200 500 218
person 0.0099 336 192 362 215
person 0.0077 351 194 365 212
person 0.0052 328 199 356 218
person 0.0030 324 200 339 216
person 0.0027 83 227 98 249
person 0.0022 473 201 484 219
person 0.0010 95 196 106 206
car 0.3554 380 172 524 258
car 0.0217 491 200 500 218
car 0.0215 311 181 385 228
car 0.0108 477 197 491 222
car 0.0090 328 199 356 218
car 0.0078 270 202 299 218
car 0.0061 1 202 25 218
car 0.0061 336 192 362 215
car 0.0037 474 207 492 234
car 0.0024 267 190 396 226
car 0.0014 471 175 506 228
car 0.0011 284 202 319 215
car 0.0010 30 48 445 258
motorbike 0.0016 477 197 491 222
motorbike 0.0016 491 200 500 218
aeroplane 0.9979 28 53 419 254
aeroplane 0.9954 -120 73 567 234
aeroplane 0.1271 308 181 378 229
aeroplane 0.0358 270 202 299 218
aeroplane 0.0315 257 194 349 224
aeroplane 0.0239 380 172 524 258
aeroplane 0.0147 277 157 475 235
aeroplane 0.0132 -72 176 280 249
aeroplane 0.0115 1 202 25 218
aeroplane 0.0030 245 186 399 224
aeroplane 0.0024 284 202 319 215
aeroplane 0.0024 326 193 360 215
aeroplane 0.0018 -19 170 68 233
aeroplane 0.0016 -27 128 221 302
aeroplane 0.0016 133 87 439 308
bus 0.0123 380 172 524 258
bus 0.0015 277 157 475 235
boat 0.0061 277 157 475 235
boat 0.0016 382 175 515 252
boat 0.0012 311 181 385 228
