person 0.9979 48 22 553 294
person 0.9801 154 0 444 348
person 0.8883 -41 121 141 359
person 0.8286 -16 18 104 477
person 0.0022 371 -62 545 132
person 0.0013 -8 -48 112 167
bottle 0.0217 235 207 287 373
bottle 0.0197 204 189 246 357
bottle 0.0133 375 312 428 362
bottle 0.0084 416 279 527 408
bottle 0.0050 383 322 420 351
bottle 0.0032 161 158 273 391
bottle 0.0031 285 292 456 403
bottle 0.0020 252 150 307 211
bottle 0.0018 391 316 468 379
bottle 0.0018 367 302 434 383
bottle 0.0016 112 182 182 253
bottle 0.0013 206 133 241 211
bottle 0.0012 187 130 246 192
bottle 0.0010 448 333 507 392
chair 0.8949 52 -143 233 287
chair 0.4802 -8 -48 112 167
chair 0.3361 371 -62 545 132
chair 0.2582 -12 -130 129 254
chair 0.2443 178 -35 256 156
chair 0.0865 93 41 539 305
chair 0.0569 -25 7 301 191
chair 0.0371 214 -38 253 132
chair 0.0180 0 -20 289 56
chair 0.0130 406 -58 520 219
chair 0.0097 71 -39 221 197
chair 0.0065 -2 -44 51 162
chair 0.0044 46 -13 233 33
chair 0.0040 79 -25 135 155
chair 0.0027 166 176 269 413
chair 0.0024 431 -32 512 106
chair 0.0023 127 -57 283 144
chair 0.0020 403 -28 462 98
chair 0.0020 6 -38 283 116
chair 0.0014 71 -14 107 52
chair 0.0013 36 -26 96 84
chair 0.0013 -39 122 145 369
chair 0.0013 57 -24 158 176
chair 0.0012 -18 -33 189 84
chair 0.0011 149 130 333 470
chair 0.0010 43 -13 80 51
chair 0.0010 134 -31 235 185
chair 0.0010 21 13 118 77
sofa 0.0393 395 -61 522 220
sofa 0.0039 -39 122 145 369
sofa 0.0015 170 3 456 344
diningtable 0.0214 0 -20 289 56
diningtable 0.0128 393 -56 535 127
diningtable 0.0041 -46 163 308 356
diningtable 0.0032 6 -38 283 116
diningtable 0.0032 -35 8 308 147
diningtable 0.0022 53 -96 232 179
diningtable 0.0012 -16 18 104 477
diningtable 0.0011 396 -9 539 23
diningtable 0.0010 -39 122 145 369
