person 0.0791 236 124 329 197
person 0.0388 23 119 605 291
person 0.0240 217 111 375 205
person 0.0177 280 120 362 200
person 0.0071 292 132 329 188
person 0.0046 299 160 321 180
person 0.0044 166 141 227 200
person 0.0036 219 125 291 195
person 0.0028 177 150 215 191
person 0.0027 184 157 210 186
person 0.0022 245 138 283 183
person 0.0020 176 124 255 200
person 0.0018 251 147 275 177
person 0.0018 266 143 337 194
person 0.0018 80 100 211 213
person 0.0017 111 122 186 199
person 0.0014 212 140 236 165
person 0.0011 158 101 324 217
person 0.0011 300 148 321 177
car 0.8682 47 101 475 305
car 0.0026 -57 160 631 295
car 0.0017 -79 108 643 248
motorbike 0.0039 70 54 475 302
motorbike 0.0015 -40 125 607 282
aeroplane 0.0016 68 46 453 306
bus 0.0116 47 101 475 305
diningtable 0.1381 68 46 453 306
