person 0.3522 227 207 265 263
person 0.2368 219 195 280 277
person 0.0209 235 216 258 251
person 0.0186 292 227 325 317
person 0.0182 186 201 218 270
person 0.0144 15 157 405 392
person 0.0137 242 186 296 295
person 0.0072 173 181 225 291
person 0.0061 200 174 311 309
person 0.0056 137 198 169 273
person 0.0054 313 234 337 314
person 0.0045 226 224 259 279
person 0.0034 319 248 335 278
person 0.0033 231 230 253 259
person 0.0031 261 212 296 279
person 0.0028 250 202 283 271
person 0.0024 299 242 318 284
person 0.0021 142 227 163 263
person 0.0018 231 239 252 268
person 0.0017 270 216 286 251
person 0.0016 194 213 210 258
person 0.0015 309 246 324 279
person 0.0015 175 214 209 275
person 0.0014 183 226 202 261
person 0.0013 257 227 276 262
person 0.0012 290 190 336 409
person 0.0012 195 212 228 275
person 0.0011 203 217 220 254
person 0.0010 110 211 179 278
car 0.8360 326 202 381 434
car 0.0842 319 254 358 313
car 0.0329 309 237 382 330
car 0.0154 335 246 377 323
car 0.0084 325 277 351 308
car 0.0049 325 268 351 296
car 0.0028 327 263 359 288
car 0.0024 269 212 395 343
car 0.0021 291 216 334 332
car 0.0010 277 225 355 322
bus 0.9901 14 143 379 386
bus 0.0120 320 207 384 428
bus 0.0021 323 231 380 334
bus 0.0010 260 175 406 350
train 0.0399 10 138 410 384
boat 0.0048 12 102 382 337
bird 0.0028 349 155 368 174
