person 0.9953 63 74 139 236
person 0.9724 200 23 256 257
person 0.9554 39 51 167 259
person 0.3625 363 137 390 220
person 0.1252 280 91 318 139
person 0.1028 271 81 329 149
person 0.0859 369 150 385 190
person 0.0659 349 123 404 233
person 0.0176 271 70 328 240
person 0.0057 287 96 312 131
person 0.0047 317 109 440 253
person 0.0042 204 46 260 168
person 0.0031 366 147 381 178
person 0.0025 210 68 347 174
person 0.0017 118 -16 330 369
person 0.0016 400 158 411 183
person 0.0013 277 83 314 176
dog 0.0020 328 138 443 251
horse 0.9917 78 118 375 269
horse 0.9884 126 -39 351 427
horse 0.9874 66 104 139 275
horse 0.9650 242 -5 399 393
horse 0.9363 316 135 445 254
horse 0.8133 275 94 391 291
horse 0.4777 42 83 166 298
horse 0.0468 345 138 408 244
horse 0.0127 356 137 389 222
horse 0.0117 222 90 335 297
horse 0.0098 362 151 432 242
horse 0.0081 496 160 500 221
horse 0.0078 254 116 309 276
horse 0.0076 342 154 379 228
horse 0.0065 492 104 502 256
horse 0.0062 331 110 387 245
horse 0.0056 271 70 328 240
horse 0.0044 379 164 419 229
horse 0.0043 106 143 139 219
horse 0.0042 204 73 353 196
horse 0.0027 496 132 500 188
horse 0.0027 288 115 391 168
horse 0.0024 497 131 499 228
horse 0.0022 165 119 474 280
horse 0.0021 275 154 313 224
horse 0.0015 319 145 385 217
horse 0.0013 259 143 327 235
horse 0.0010 159 62 287 327
horse 0.0010 166 151 358 274
sheep 0.0052 328 138 443 251
sheep 0.0011 240 16 405 346
cow 0.0078 328 138 443 251
