person 0.2686 208 114 224 154
person 0.2163 185 120 204 152
person 0.0718 203 109 230 159
person 0.0597 180 119 212 158
person 0.0503 263 117 283 141
person 0.0255 196 125 214 156
person 0.0091 169 111 225 166
person 0.0073 79 101 85 112
person 0.0044 239 121 257 145
person 0.0035 23 29 605 227
person 0.0020 140 -6 481 266
person 0.0014 216 125 228 155
person 0.0012 207 116 222 135
person 0.0011 99 106 127 178
person 0.0011 259 117 274 143
person 0.0010 208 122 230 198
aeroplane 0.9994 49 4 469 253
aeroplane 0.0046 -18 24 593 178
aeroplane 0.0016 -80 81 521 236
aeroplane 0.0011 137 96 522 323
sheep 0.0013 23 29 605 227
cow 0.0011 140 -6 481 266
sofa 0.0025 23 29 605 227
sofa 0.0010 140 -6 481 266
diningtable 0.0067 44 24 469 287
