person 0.0126 11 35 361 358
person 0.0017 279 253 319 303
person 0.0017 292 253 311 271
person 0.0010 -86 192 367 344
person 0.0010 290 259 314 296
person 0.0010 294 273 311 297
car 0.3654 268 244 325 314
car 0.0433 360 254 385 269
car 0.0319 191 243 325 373
car 0.0187 281 250 319 294
car 0.0138 320 255 338 268
car 0.0096 290 259 314 296
car 0.0055 30 31 467 288
car 0.0038 331 254 349 268
car 0.0033 351 253 369 268
car 0.0031 282 262 305 296
car 0.0028 285 259 305 277
car 0.0018 292 253 311 271
car 0.0016 289 246 542 331
car 0.0014 343 251 358 268
motorbike 0.0018 191 243 325 373
motorbike 0.0014 30 31 467 288
aeroplane 0.9984 26 51 471 346
aeroplane 0.1186 311 132 515 400
aeroplane 0.0078 400 190 531 350
aeroplane 0.0070 289 246 542 331
aeroplane 0.0053 267 146 554 312
aeroplane 0.0011 439 204 511 338
aeroplane 0.0010 430 227 519 276
bus 0.0011 279 253 319 303
bus 0.0010 311 132 515 400
sheep 0.0013 51 59 492 333
cow 0.0010 -3 53 456 370
sofa 0.0019 30 31 467 288
diningtable 0.0028 50 66 496 365
