bird 0.0023 442 54 488 257
cat 0.0296 442 54 488 257
cat 0.0090 19 70 151 181
cat 0.0068 35 96 112 169
cat 0.0025 82 86 124 150
cat 0.0013 70 74 132 162
dog 0.0011 82 86 124 150
dog 0.0011 35 96 112 169
horse 0.0028 442 54 488 257
bottle 0.8529 220 135 244 216
bottle 0.0177 390 192 408 224
bottle 0.0162 442 54 488 257
bottle 0.0128 281 148 310 214
bottle 0.0079 385 183 413 236
bottle 0.0037 224 161 240 202
bottle 0.0025 217 179 234 202
bottle 0.0024 224 145 240 183
bottle 0.0024 221 156 236 190
bottle 0.0021 203 165 228 194
bottle 0.0020 443 167 480 222
chair 0.0034 473 184 504 437
pottedplant 0.0019 442 54 488 257
diningtable 0.0086 70 213 589 368
tvmonitor 0.9979 20 18 155 362
tvmonitor 0.9146 253 -14 430 257
tvmonitor 0.6987 1 102 175 282
tvmonitor 0.0040 144 -34 365 77
tvmonitor 0.0017 224 139 441 261
