person 0.0052 460 218 508 372
person 0.0027 371 81 523 424
person 0.0012 210 140 576 304
person 0.0010 461 102 508 483
bicycle 0.0016 -79 92 302 234
bird 0.0055 459 235 508 386
cat 0.0064 371 81 523 424
dog 0.9973 -75 108 324 243
dog 0.9945 74 136 604 299
dog 0.9872 -31 -29 284 374
dog 0.2300 371 81 523 424
dog 0.1752 179 -33 395 430
dog 0.0211 198 35 528 417
dog 0.0165 459 235 508 386
dog 0.0023 360 160 540 345
dog 0.0018 218 167 576 339
dog 0.0014 434 116 511 391
dog 0.0012 474 119 504 392
horse 0.0018 371 81 523 424
sheep 0.0062 371 81 523 424
cow 0.0014 371 81 523 424
sofa 0.0013 -50 -19 273 364
