person 0.9980 3 -45 180 419
person 0.9925 265 94 371 253
person 0.9917 117 -16 279 376
person 0.9480 303 62 447 279
person 0.3259 323 92 427 241
person 0.2531 245 28 404 330
person 0.1017 -51 112 240 269
person 0.0805 113 65 262 267
person 0.0318 -5 135 29 301
person 0.0144 -4 55 22 339
person 0.0090 14 64 159 301
person 0.0086 355 108 475 245
person 0.0059 -3 176 18 245
person 0.0039 379 133 453 208
person 0.0036 402 124 455 238
person 0.0031 0 191 9 226
person 0.0023 -8 179 32 247
person 0.0019 488 128 502 236
person 0.0017 476 83 505 275
person 0.0016 -9 -22 31 455
person 0.0015 -8 198 32 277
person 0.0015 486 190 500 214
person 0.0013 25 118 396 259
person 0.0012 387 156 407 186
person 0.0011 382 148 412 195
person 0.0011 -1 111 9 272
bottle 0.0258 387 156 407 186
bottle 0.0223 419 180 448 229
bottle 0.0131 420 136 450 210
bottle 0.0120 382 148 412 195
bottle 0.0100 424 148 445 173
bottle 0.0071 423 188 444 219
bottle 0.0068 276 146 292 179
bottle 0.0050 315 26 474 324
bottle 0.0048 490 203 500 238
bottle 0.0046 381 155 401 178
bottle 0.0043 381 134 451 198
bottle 0.0042 91 173 125 227
bottle 0.0041 278 161 291 181
bottle 0.0028 486 190 500 214
bottle 0.0028 489 198 499 225
bottle 0.0028 458 187 491 240
bottle 0.0025 245 28 404 330
bottle 0.0023 482 178 503 246
bottle 0.0015 392 173 407 189
bottle 0.0013 311 264 352 312
bottle 0.0012 381 162 416 222
bottle 0.0012 402 124 455 238
bottle 0.0010 301 254 362 321
bottle 0.0010 380 195 411 261
bottle 0.0010 418 152 439 170
bottle 0.0010 494 147 500 180
chair 0.2893 238 152 305 249
chair 0.0685 -8 179 32 247
chair 0.0597 230 141 256 242
chair 0.0501 -8 198 32 277
chair 0.0272 221 129 331 263
chair 0.0206 0 191 9 226
chair 0.0127 321 156 345 224
chair 0.0122 -6 151 31 319
chair 0.0080 247 140 379 252
chair 0.0069 -3 176 18 245
chair 0.0065 -2 187 27 221
chair 0.0061 355 108 475 245
chair 0.0051 379 133 453 208
chair 0.0049 269 148 326 241
chair 0.0047 386 151 465 230
chair 0.0041 115 60 272 293
chair 0.0038 381 155 401 178
chair 0.0035 245 28 404 330
chair 0.0035 245 169 289 235
chair 0.0030 303 62 447 279
chair 0.0030 268 172 295 192
chair 0.0027 326 172 339 212
chair 0.0027 235 158 310 206
chair 0.0026 388 152 407 181
chair 0.0024 425 144 526 223
chair 0.0023 16 225 33 262
chair 0.0022 229 135 286 205
chair 0.0021 0 191 5 250
chair 0.0021 67 186 486 361
chair 0.0020 409 281 518 414
chair 0.0019 266 166 299 234
chair 0.0018 1 212 25 245
chair 0.0018 10 176 35 250
chair 0.0014 10 212 38 267
chair 0.0014 494 147 500 180
chair 0.0014 149 217 168 244
chair 0.0013 234 144 273 186
chair 0.0013 150 208 206 256
chair 0.0012 486 190 500 214
chair 0.0012 175 125 231 235
chair 0.0012 -2 191 17 287
chair 0.0012 240 173 272 188
sofa 0.0068 5 216 432 367
sofa 0.0021 415 117 529 250
pottedplant 0.0264 279 203 402 343
pottedplant 0.0115 244 234 320 325
pottedplant 0.0106 327 218 382 322
pottedplant 0.0072 244 159 413 428
pottedplant 0.0052 338 241 380 300
pottedplant 0.0021 72 113 493 405
pottedplant 0.0015 225 131 302 198
pottedplant 0.0012 297 240 368 321
diningtable 0.8801 31 210 466 369
diningtable 0.0204 425 144 526 223
diningtable 0.0167 -12 108 509 415
diningtable 0.0076 246 145 302 246
diningtable 0.0057 221 129 331 263
diningtable 0.0045 235 158 310 206
diningtable 0.0014 271 35 467 319
diningtable 0.0013 209 106 520 341
diningtable 0.0012 229 87 376 273
diningtable 0.0011 496 148 500 196
diningtable 0.0011 -8 198 32 277
diningtable 0.0011 409 281 518 414
diningtable 0.0010 -26 3 278 373
tvmonitor 0.0030 412 128 531 260
