person 0.0071 93 169 104 180
person 0.0061 284 202 299 220
person 0.0050 298 194 307 212
person 0.0017 74 168 106 200
person 0.0014 267 199 279 220
person 0.0013 238 167 253 184
person 0.0011 88 171 109 196
person 0.0010 0 168 4 200
person 0.0010 262 197 271 219
person 0.0010 286 194 297 212
car 0.8762 52 189 75 206
car 0.8447 134 171 147 181
car 0.7137 152 169 162 177
car 0.4321 143 170 153 179
car 0.4012 190 169 199 177
car 0.3405 163 168 172 175
car 0.2091 184 167 193 174
car 0.2031 123 170 135 178
car 0.1950 173 167 181 174
car 0.1639 74 168 106 200
car 0.1387 88 171 109 196
car 0.1266 284 202 299 220
car 0.1072 63 161 118 208
car 0.0781 110 169 131 180
car 0.0637 -1 182 5 199
car 0.0411 194 163 199 169
car 0.0391 185 164 190 169
car 0.0313 124 174 137 183
car 0.0305 106 173 132 186
car 0.0247 255 170 273 183
car 0.0221 0 168 4 200
car 0.0155 163 162 169 168
car 0.0132 141 173 153 183
car 0.0125 176 164 180 169
car 0.0106 494 270 501 291
car 0.0106 59 169 82 182
car 0.0099 93 169 104 180
car 0.0094 158 162 163 168
car 0.0092 191 174 201 183
car 0.0076 105 169 119 180
car 0.0067 229 166 244 182
car 0.0065 246 168 260 183
car 0.0064 202 168 208 174
car 0.0064 453 279 480 300
car 0.0060 275 200 298 220
car 0.0058 488 255 496 275
car 0.0052 223 168 232 178
car 0.0052 39 164 454 380
car 0.0051 238 167 253 184
car 0.0033 439 260 514 317
car 0.0033 20 180 34 190
car 0.0033 202 162 206 168
car 0.0027 57 170 69 181
car 0.0026 8 140 241 217
car 0.0025 428 277 446 292
car 0.0025 104 175 118 188
car 0.0019 267 199 279 220
car 0.0018 75 161 182 188
car 0.0018 467 277 479 296
car 0.0017 325 295 361 321
car 0.0014 -19 145 382 204
car 0.0013 210 168 216 174
car 0.0013 89 169 100 178
car 0.0012 0 157 3 192
car 0.0012 449 280 467 298
car 0.0012 46 176 82 209
car 0.0012 252 187 314 231
car 0.0012 0 184 3 216
car 0.0011 145 164 151 169
car 0.0011 113 157 242 185
car 0.0010 277 195 293 210
car 0.0010 151 174 163 184
car 0.0010 473 272 496 289
motorbike 0.0069 284 202 299 220
motorbike 0.0028 52 189 75 206
bus 0.0840 63 161 118 208
bus 0.0456 74 168 106 200
bus 0.0095 88 171 109 196
bus 0.0031 93 169 104 180
bus 0.0021 110 169 131 180
bus 0.0016 62 156 159 189
boat 0.0056 92 172 580 358
cow 0.0026 254 170 272 190
cow 0.0010 246 172 259 187
