person 0.0600 221 156 232 172
person 0.0305 239 157 251 172
person 0.0135 229 157 240 174
person 0.0132 270 158 278 172
person 0.0062 281 158 288 172
person 0.0056 249 159 257 172
person 0.0050 271 162 277 175
person 0.0035 298 158 307 172
person 0.0032 289 158 297 172
person 0.0030 308 158 318 171
person 0.0030 262 158 269 172
person 0.0029 148 103 385 228
person 0.0022 296 140 304 146
person 0.0015 216 158 222 171
person 0.0014 282 141 290 148
person 0.0012 290 141 297 147
person 0.0011 242 163 249 173
person 0.0010 263 164 269 174
person 0.0010 290 163 295 176
bus 0.4320 160 103 386 238
train 0.8561 160 103 386 238
train 0.0011 186 66 546 268
boat 0.0044 160 103 386 238
