person 0.0040 304 29 555 324
person 0.0016 -20 -153 185 306
bird 0.0737 -23 -59 129 197
bird 0.0015 -20 -153 185 306
bird 0.0011 271 19 558 282
cat 0.0061 -23 -59 129 197
cat 0.0025 -20 -153 185 306
dog 0.0446 -14 -157 140 301
dog 0.0077 42 18 489 249
dog 0.0063 -60 4 237 162
dog 0.0040 271 19 558 282
horse 0.0280 -14 -157 140 301
horse 0.0040 271 19 558 282
horse 0.0028 -60 4 237 162
horse 0.0019 42 18 489 249
sheep 0.9806 52 14 500 234
sheep 0.7727 271 19 558 282
sheep 0.7646 -14 -157 140 301
sheep 0.0403 133 -28 428 321
sheep 0.0327 -60 4 237 162
sheep 0.0085 79 -67 425 154
sheep 0.0013 347 -163 517 363
sheep 0.0013 325 81 540 352
sheep 0.0013 -50 15 478 141
sheep 0.0010 48 -104 304 231
sheep 0.0010 272 -32 440 87
cow 0.4822 298 18 558 288
cow 0.1946 -14 -157 140 301
cow 0.1404 32 12 494 236
cow 0.0223 -60 4 237 162
cow 0.0034 133 -28 428 321
diningtable 0.0066 50 17 383 362
diningtable 0.0041 -16 126 456 329
