person 0.0070 153 256 191 315
person 0.0047 -87 265 411 443
person 0.0026 141 243 204 327
person 0.0020 364 269 378 372
person 0.0011 106 269 145 312
car 0.9999 -144 265 523 441
car 0.9965 10 247 371 465
car 0.0135 364 273 378 356
car 0.0022 -6 275 25 347
bird 0.0051 269 176 283 194
pottedplant 0.0385 -22 181 122 363
pottedplant 0.0128 252 266 323 325
pottedplant 0.0109 -6 275 25 347
pottedplant 0.0019 -1 286 17 316
pottedplant 0.0018 23 209 95 340
pottedplant 0.0014 266 271 306 319
pottedplant 0.0010 218 250 367 343
