person 0.9806 281 162 302 191
person 0.8978 333 142 363 197
person 0.7962 262 164 280 190
person 0.2981 339 151 358 188
person 0.0823 257 99 331 183
person 0.0676 78 129 86 150
person 0.0571 269 112 299 170
person 0.0494 327 126 335 140
person 0.0476 477 127 495 159
person 0.0452 260 121 271 149
person 0.0404 260 129 269 147
person 0.0389 78 127 83 142
person 0.0374 285 110 320 170
person 0.0316 276 125 293 161
person 0.0303 238 75 347 196
person 0.0289 33 130 38 141
person 0.0280 284 126 300 158
person 0.0249 482 128 489 137
person 0.0234 339 153 349 172
person 0.0234 52 133 74 153
person 0.0232 466 132 483 152
person 0.0200 470 128 480 140
person 0.0200 184 127 194 142
person 0.0183 255 156 288 202
person 0.0182 284 139 302 162
person 0.0178 292 141 312 161
person 0.0159 319 137 382 204
person 0.0157 275 114 293 147
person 0.0150 460 134 476 150
person 0.0134 471 120 499 165
person 0.0131 334 127 349 139
person 0.0127 207 130 220 141
person 0.0123 294 117 310 143
person 0.0121 206 134 225 144
person 0.0112 293 125 313 160
person 0.0107 285 119 301 143
person 0.0101 272 159 311 198
person 0.0100 241 122 252 143
person 0.0100 495 126 498 139
person 0.0098 214 135 236 144
person 0.0093 282 113 305 136
person 0.0091 337 157 350 181
person 0.0077 62 135 78 151
person 0.0076 171 131 184 139
person 0.0072 462 129 473 140
person 0.0071 265 118 278 145
person 0.0064 188 127 198 143
person 0.0062 204 128 214 139
person 0.0059 155 112 434 202
person 0.0059 279 169 294 188
person 0.0058 174 89 390 180
person 0.0057 181 133 194 143
person 0.0055 304 146 318 160
person 0.0052 476 141 497 157
person 0.0049 144 134 154 147
person 0.0048 491 122 498 160
person 0.0036 302 124 316 159
person 0.0035 422 131 434 140
person 0.0033 251 129 338 173
person 0.0033 220 131 232 140
person 0.0033 149 134 163 150
person 0.0031 146 131 153 138
person 0.0030 236 159 350 199
person 0.0029 53 133 59 149
person 0.0029 84 134 93 150
person 0.0024 405 130 417 151
person 0.0024 203 133 216 145
person 0.0024 107 137 119 150
person 0.0022 57 130 63 139
person 0.0021 270 141 283 163
person 0.0020 275 102 311 147
person 0.0018 465 141 484 154
person 0.0018 314 166 323 181
person 0.0018 162 131 178 138
person 0.0017 268 130 280 151
person 0.0017 409 132 421 147
person 0.0017 275 125 308 172
person 0.0016 446 137 465 148
person 0.0016 85 127 90 140
person 0.0016 304 118 316 146
person 0.0015 320 127 329 139
person 0.0015 167 134 189 142
person 0.0014 218 136 250 144
person 0.0014 436 138 458 147
person 0.0014 273 151 315 164
person 0.0013 451 115 515 169
person 0.0012 233 135 254 145
person 0.0012 340 154 354 173
person 0.0012 22 43 487 228
person 0.0011 460 142 477 154
person 0.0010 429 131 446 139
person 0.0010 152 130 164 138
person 0.0010 71 130 77 138
person 0.0010 106 141 119 154
person 0.0010 258 107 292 158
person 0.0010 333 129 365 138
bicycle 0.0013 251 129 338 173
car 0.0040 70 147 499 211
car 0.0015 477 127 495 159
boat 0.8374 72 151 515 210
boat 0.0817 238 75 347 196
boat 0.0773 251 129 338 173
boat 0.0653 206 134 225 144
boat 0.0529 260 86 326 185
boat 0.0479 177 128 293 148
boat 0.0438 300 120 418 144
boat 0.0289 135 89 442 232
boat 0.0167 377 128 516 157
boat 0.0128 214 135 236 144
boat 0.0110 253 146 335 169
boat 0.0105 346 113 548 192
boat 0.0096 167 134 189 142
boat 0.0091 178 11 466 254
boat 0.0087 218 136 250 144
boat 0.0084 171 131 184 139
boat 0.0074 170 116 300 154
boat 0.0073 174 89 390 180
boat 0.0066 181 133 194 143
boat 0.0064 333 129 365 138
boat 0.0056 334 127 349 139
boat 0.0054 273 151 315 164
boat 0.0052 421 136 453 144
boat 0.0049 356 128 387 138
boat 0.0047 184 127 194 142
boat 0.0044 429 131 446 139
boat 0.0044 422 131 434 140
boat 0.0038 233 135 254 145
boat 0.0036 207 130 220 141
boat 0.0032 436 138 458 147
boat 0.0031 419 135 438 143
boat 0.0031 203 133 216 145
boat 0.0029 327 126 335 140
boat 0.0026 284 103 417 148
boat 0.0026 436 131 455 138
boat 0.0022 188 127 198 143
boat 0.0022 339 130 380 137
boat 0.0021 197 102 594 167
boat 0.0019 75 117 89 131
boat 0.0019 52 133 74 153
boat 0.0017 162 131 178 138
boat 0.0016 -9 110 413 161
boat 0.0016 68 118 457 195
boat 0.0014 311 117 484 145
boat 0.0013 410 129 427 139
boat 0.0013 30 133 207 157
boat 0.0012 204 128 214 139
boat 0.0012 78 127 83 142
boat 0.0012 477 127 495 159
boat 0.0012 446 137 465 148
boat 0.0011 241 122 252 143
boat 0.0011 449 131 463 138
boat 0.0010 476 141 497 157
boat 0.0010 117 123 239 147
boat 0.0010 460 134 476 150
boat 0.0010 84 118 92 129
bird 0.0493 46 -3 72 14
bird 0.0045 314 166 323 181
bird 0.0019 122 145 132 153
bird 0.0017 261 159 275 188
bird 0.0015 181 84 187 90
bird 0.0014 -36 -10 104 25
bird 0.0011 339 153 349 172
bird 0.0010 16 -8 88 21
dog 0.0053 333 142 363 197
dog 0.0046 52 133 74 153
dog 0.0029 339 151 358 188
dog 0.0019 261 159 275 188
horse 0.0160 257 99 331 183
horse 0.0047 52 133 74 153
horse 0.0015 251 129 338 173
bottle 0.0010 261 159 275 188
chair 0.0150 52 133 74 153
chair 0.0020 78 129 86 150
chair 0.0017 62 135 78 151
pottedplant 0.0018 52 133 74 153
diningtable 0.0016 52 133 74 153
