person 0.9699 92 5 363 496
person 0.0377 4 71 456 339
person 0.0287 -19 6 278 511
person 0.0265 35 -9 366 290
person 0.0098 320 -39 389 168
person 0.0026 365 66 385 456
person 0.0019 356 -44 387 174
person 0.0019 324 -73 389 513
person 0.0014 12 45 32 77
person 0.0010 -18 12 267 237
boat 0.0020 23 0 306 436
dog 0.9908 9 33 308 519
dog 0.0181 -69 74 391 341
dog 0.0015 88 -12 371 446
sheep 0.0010 9 33 308 519
cow 0.0013 -8 32 268 527
bottle 0.0012 356 -44 387 174
chair 0.0213 46 -1 353 360
chair 0.0179 13 117 304 522
chair 0.0101 -36 53 425 295
sofa 0.1534 20 43 347 504
sofa 0.0138 81 -2 373 362
sofa 0.0057 -36 53 425 295
diningtable 0.0035 81 -2 373 362
