person 0.0019 36 11 340 358
bicycle 0.0011 32 2 386 306
cat 0.9974 52 15 365 358
cat 0.0769 -71 49 491 243
cat 0.0062 -58 99 417 331
chair 0.0225 63 12 413 357
chair 0.0041 289 -57 529 129
chair 0.0016 93 -49 556 117
chair 0.0011 268 -11 565 82
sofa 0.0142 58 45 364 365
pottedplant 0.0059 58 45 364 365
diningtable 0.1086 39 222 457 354
diningtable 0.0419 50 62 439 357
diningtable 0.0219 -74 133 568 467
diningtable 0.0052 -74 -53 581 112
diningtable 0.0019 -96 183 515 343
diningtable 0.0011 18 -16 478 156
diningtable 0.0010 -11 2 301 363
tvmonitor 0.0078 -17 -106 144 381
tvmonitor 0.0013 32 2 386 306
