person 0.9804 21 51 296 513
person 0.3910 -43 43 389 246
person 0.0653 -53 134 375 439
person 0.0151 -68 103 411 309
person 0.0120 126 60 192 181
person 0.0091 107 42 214 200
person 0.0072 26 -69 207 402
person 0.0014 97 -3 186 292
bicycle 0.0037 11 110 172 370
bicycle 0.0030 8 52 280 507
bird 0.0635 275 0 349 52
bird 0.0018 307 11 335 40
cat 0.0020 8 52 280 507
chair 0.0400 19 159 183 323
chair 0.0155 97 60 382 281
chair 0.0111 58 -3 326 513
chair 0.0048 53 188 108 317
chair 0.0044 -32 172 204 410
chair 0.0023 -68 103 411 309
chair 0.0015 118 -51 342 235
chair 0.0014 26 41 206 389
chair 0.0013 -18 156 105 400
chair 0.0012 -14 74 124 492
chair 0.0012 249 0 328 290
chair 0.0011 -65 202 390 462
chair 0.0010 110 159 162 289
pottedplant 0.0018 8 52 280 507
diningtable 0.0637 23 136 298 506
diningtable 0.0295 -74 235 393 482
diningtable 0.0027 -101 351 417 507
diningtable 0.0015 18 75 174 369
