person 0.9994 209 95 283 446
person 0.9992 10 67 90 330
person 0.9967 147 111 245 447
person 0.9935 -7 51 30 352
person 0.6023 140 85 197 433
person 0.1526 176 46 230 154
person 0.0994 151 129 203 297
person 0.0419 212 6 346 160
person 0.0356 233 29 290 140
person 0.0181 189 57 226 116
person 0.0148 147 30 259 170
person 0.0133 134 30 494 323
person 0.0123 165 130 231 261
person 0.0093 265 24 326 142
person 0.0085 100 166 307 367
person 0.0059 135 110 264 281
person 0.0058 196 68 220 102
person 0.0049 141 212 182 409
person 0.0047 141 100 159 135
person 0.0040 272 70 333 137
person 0.0037 234 42 276 112
person 0.0031 -6 86 26 233
person 0.0031 -3 131 22 336
person 0.0028 153 158 196 226
person 0.0027 0 120 10 281
person 0.0021 211 32 271 164
person 0.0019 483 36 503 118
person 0.0018 181 70 218 137
person 0.0017 356 46 425 141
person 0.0015 283 80 324 128
person 0.0014 189 29 246 144
person 0.0012 368 58 410 129
person 0.0011 173 150 215 210
person 0.0011 3 85 45 312
person 0.0010 494 58 500 113
person 0.0010 243 64 282 130
bus 0.9995 141 -19 484 297
bus 0.3807 34 25 605 259
bus 0.0118 152 103 595 279
boat 0.0626 26 61 138 86
boat 0.0333 14 48 150 90
boat 0.0245 -40 23 176 107
boat 0.0063 22 69 61 80
boat 0.0040 -22 53 68 83
boat 0.0028 -8 63 95 84
boat 0.0021 1 64 27 73
boat 0.0019 0 62 6 73
boat 0.0017 54 70 107 79
boat 0.0013 23 63 46 76
boat 0.0013 8 62 36 74
boat 0.0010 98 27 149 138
bottle 0.0028 71 163 80 177
