person 0.9983 115 71 481 365
person 0.9919 100 -138 272 368
person 0.8345 59 36 308 207
person 0.7341 293 -62 521 299
person 0.0536 231 64 579 216
person 0.0230 147 5 261 236
person 0.0138 259 21 492 168
person 0.0041 159 -11 495 233
person 0.0020 151 -88 344 367
person 0.0016 327 8 461 233
person 0.0013 324 36 389 159
bottle 0.0028 345 114 356 133
chair 0.1836 175 74 205 120
chair 0.0768 112 -117 285 351
chair 0.0709 166 63 227 131
chair 0.0665 243 67 278 91
chair 0.0641 165 12 269 231
chair 0.0415 231 64 579 216
chair 0.0367 292 -78 526 352
chair 0.0237 219 53 290 115
chair 0.0234 157 -38 344 277
chair 0.0225 156 95 285 216
chair 0.0180 147 40 287 165
chair 0.0176 269 32 410 167
chair 0.0111 287 53 369 123
chair 0.0070 50 94 595 307
chair 0.0069 173 43 231 195
chair 0.0069 181 84 207 108
chair 0.0062 461 81 507 307
chair 0.0049 183 67 255 212
chair 0.0044 188 92 208 117
chair 0.0043 155 73 256 278
chair 0.0041 312 36 514 150
chair 0.0040 75 54 334 219
chair 0.0035 238 61 277 107
chair 0.0034 434 14 513 267
chair 0.0029 226 57 263 112
chair 0.0027 216 38 268 161
chair 0.0024 465 31 506 204
chair 0.0022 224 65 321 103
chair 0.0020 162 82 204 272
chair 0.0014 234 64 256 87
chair 0.0013 180 88 197 117
chair 0.0010 191 69 507 371
sofa 0.6926 231 64 579 216
sofa 0.4980 292 -78 526 352
sofa 0.0534 159 -11 495 233
sofa 0.0459 50 94 595 307
sofa 0.0247 112 -117 285 351
sofa 0.0222 269 32 410 167
sofa 0.0154 191 69 507 371
sofa 0.0133 460 70 508 286
sofa 0.0131 157 -38 344 277
sofa 0.0054 434 14 513 267
sofa 0.0031 62 37 341 206
sofa 0.0026 165 12 269 231
sofa 0.0023 299 44 363 156
sofa 0.0015 465 31 506 204
sofa 0.0014 366 20 535 174
diningtable 0.0054 98 112 484 392
diningtable 0.0045 98 -118 275 386
diningtable 0.0013 157 58 256 134
diningtable 0.0012 461 81 507 307
diningtable 0.0012 303 84 342 132
