person 0.9993 225 125 281 376
person 0.9988 1 136 63 398
person 0.9981 177 127 234 373
person 0.9980 95 121 156 410
person 0.0265 486 155 503 245
person 0.0173 481 65 503 479
person 0.0095 437 114 510 432
person 0.0083 -1 174 24 412
person 0.0064 491 120 501 320
person 0.0061 -3 221 16 335
person 0.0046 492 175 501 225
person 0.0043 101 176 151 335
person 0.0032 234 194 277 351
person 0.0031 -1 197 6 436
person 0.0026 133 225 176 315
person 0.0019 -4 235 26 304
person 0.0016 478 87 504 309
person 0.0015 -1 234 10 359
person 0.0014 200 158 239 308
person 0.0012 213 239 243 302
person 0.0012 467 3 505 469
person 0.0011 2 204 28 274
car 0.0035 -4 228 20 310
dog 0.0015 -1 234 10 359
dog 0.0013 133 225 176 315
dog 0.0013 -1 201 7 413
pottedplant 0.0144 437 114 510 432
pottedplant 0.0031 213 241 243 313
pottedplant 0.0025 330 169 547 361
pottedplant 0.0021 481 65 503 479
pottedplant 0.0020 199 57 541 319
pottedplant 0.0015 219 261 235 296
pottedplant 0.0013 -4 228 20 310
