person 0.0604 12 109 446 336
person 0.0368 4 130 20 157
person 0.0220 389 77 412 95
person 0.0115 149 127 223 201
person 0.0084 0 129 13 155
person 0.0061 225 140 288 205
person 0.0055 -2 119 27 168
person 0.0048 0 122 8 150
person 0.0044 6 137 23 164
person 0.0043 238 150 277 195
person 0.0036 208 145 242 194
person 0.0036 215 150 237 180
person 0.0029 243 133 323 209
person 0.0029 -135 141 587 299
person 0.0028 0 131 8 175
person 0.0027 178 137 214 189
person 0.0024 177 127 253 204
person 0.0020 0 136 3 188
person 0.0013 -2 102 15 204
person 0.0013 198 121 360 220
person 0.0012 306 77 322 103
person 0.0012 380 78 395 96
person 0.0011 184 146 207 177
person 0.0010 -6 92 47 262
person 0.0010 105 107 263 220
car 0.9519 -7 87 38 271
car 0.9168 31 120 477 322
car 0.0071 4 130 20 157
car 0.0071 0 129 13 155
car 0.0061 -143 131 645 266
car 0.0057 -8 116 33 212
car 0.0047 -28 128 191 215
car 0.0035 -2 119 27 168
car 0.0027 0 122 8 150
car 0.0015 471 161 504 352
car 0.0013 -2 82 8 263
car 0.0011 -2 102 15 204
car 0.0010 -6 193 30 245
motorbike 0.0037 64 90 483 309
bus 0.0029 64 90 483 309
bus 0.0016 -7 88 39 291
pottedplant 0.0023 389 77 412 95
pottedplant 0.0014 203 71 227 99
diningtable 0.0021 35 144 469 355
