person 0.0051 166 160 193 181
person 0.0045 490 106 500 128
person 0.0032 9 139 448 278
person 0.0024 129 132 209 196
person 0.0013 496 105 499 161
car 0.9997 -9 133 489 273
car 0.9927 84 99 172 148
car 0.5277 154 106 177 144
car 0.4630 52 -3 429 398
car 0.3591 134 86 242 156
car 0.2756 490 106 500 128
car 0.1816 470 106 501 129
car 0.1016 252 92 408 141
car 0.0878 256 103 349 140
car 0.0747 443 113 465 130
car 0.0712 468 112 488 130
car 0.0658 426 102 504 141
car 0.0605 141 111 159 136
car 0.0579 251 90 318 143
car 0.0527 398 96 423 109
car 0.0484 381 88 478 144
car 0.0461 458 91 512 141
car 0.0425 132 100 186 149
car 0.0411 270 102 292 131
car 0.0378 320 93 420 139
car 0.0270 264 96 299 138
car 0.0253 195 89 315 144
car 0.0228 287 112 318 132
car 0.0221 438 107 460 128
car 0.0191 176 83 253 150
car 0.0186 347 73 551 155
car 0.0148 211 92 241 142
car 0.0128 217 101 235 133
car 0.0123 187 96 202 113
car 0.0119 492 89 500 123
car 0.0108 131 79 348 157
car 0.0077 345 107 378 127
car 0.0074 197 97 215 115
car 0.0067 101 116 122 137
car 0.0062 182 96 197 114
car 0.0058 162 95 193 151
car 0.0056 398 91 433 108
car 0.0039 157 87 235 126
car 0.0037 269 108 284 133
car 0.0037 483 87 503 142
car 0.0035 253 82 495 146
car 0.0030 297 114 325 131
car 0.0030 409 97 444 112
car 0.0027 127 112 153 136
car 0.0026 211 101 221 129
car 0.0026 384 87 452 121
car 0.0023 198 103 215 125
car 0.0023 189 90 224 144
car 0.0023 216 96 235 116
car 0.0023 446 111 484 132
car 0.0022 403 104 435 128
car 0.0021 283 105 303 127
car 0.0021 91 113 109 134
car 0.0019 226 103 238 125
car 0.0019 160 105 177 127
car 0.0019 196 108 217 137
car 0.0018 159 117 175 143
car 0.0018 270 100 296 117
car 0.0018 169 100 181 148
car 0.0017 325 109 432 134
car 0.0017 0 106 4 141
car 0.0016 346 92 450 117
car 0.0016 368 106 391 126
car 0.0015 204 88 229 145
car 0.0015 311 115 331 131
car 0.0015 131 100 167 136
car 0.0015 472 95 503 120
car 0.0014 351 114 385 128
car 0.0012 439 100 472 148
car 0.0011 152 104 164 127
car 0.0011 370 101 406 112
car 0.0011 341 106 361 128
car 0.0011 432 93 464 139
car 0.0010 370 117 406 128
car 0.0010 181 85 210 148
car 0.0010 190 101 204 126
car 0.0010 375 104 400 126
car 0.0010 201 94 308 123
car 0.0010 37 92 126 142
car 0.0010 99 106 136 142
