person 0.9840 308 95 337 175
person 0.0688 315 106 334 145
person 0.0146 323 117 334 147
person 0.0118 32 33 40 49
person 0.0112 298 88 342 192
person 0.0074 336 60 347 80
person 0.0031 0 28 5 50
person 0.0027 326 62 340 77
person 0.0020 317 121 330 143
person 0.0018 318 109 331 126
person 0.0016 -1 48 5 65
person 0.0014 314 129 329 157
person 0.0013 361 162 413 246
person 0.0010 0 34 5 58
car 0.0267 122 38 155 51
car 0.0047 0 28 5 50
car 0.0041 139 41 156 51
car 0.0033 101 32 175 59
car 0.0020 407 43 432 55
train 0.0017 -39 -13 244 138
boat 0.8821 274 -22 406 225
boat 0.6103 -30 165 442 386
boat 0.1572 -103 18 311 108
boat 0.0410 -39 -13 244 138
boat 0.0235 351 25 549 109
boat 0.0200 351 58 545 92
boat 0.0134 226 -7 453 178
boat 0.0075 225 117 443 192
boat 0.0015 -1 48 5 65
bird 0.9738 355 149 422 255
bird 0.3635 362 167 412 236
bird 0.0036 335 253 348 273
bottle 0.0050 117 239 147 320
bottle 0.0044 245 236 278 325
pottedplant 0.0071 -30 165 442 386
pottedplant 0.0012 245 236 278 325
