person 0.0019 -20 -58 327 114
person 0.0011 214 305 546 495
car 0.0071 60 316 432 390
car 0.0022 61 263 405 466
bird 0.9848 95 113 278 482
bird 0.0693 118 202 256 389
bird 0.0108 -20 210 405 373
bird 0.0067 -20 -58 327 114
bird 0.0060 74 -40 299 92
bird 0.0060 311 -110 488 213
cat 0.0069 80 119 269 481
dog 0.0013 -20 -58 327 114
chair 0.0084 57 121 422 383
pottedplant 0.1681 198 145 505 335
pottedplant 0.1086 311 -110 488 213
pottedplant 0.0699 247 -26 453 449
pottedplant 0.0134 97 107 437 388
pottedplant 0.0056 281 89 446 279
pottedplant 0.0051 173 57 373 449
pottedplant 0.0042 -30 341 212 588
pottedplant 0.0035 200 64 512 281
pottedplant 0.0024 -36 158 518 347
pottedplant 0.0017 318 68 437 412
pottedplant 0.0013 350 194 456 396
pottedplant 0.0010 256 86 385 355
diningtable 0.0263 -57 254 448 475
