person 0.0056 -4 16 286 532
car 0.0036 7 -37 328 481
boat 0.0087 7 -37 328 481
bird 0.0273 -17 320 277 489
bird 0.0174 32 148 223 655
cat 0.0033 7 -37 328 481
dog 0.9066 10 -6 326 513
dog 0.0018 -17 320 277 489
horse 0.0097 -17 320 277 489
horse 0.0076 7 -37 328 481
horse 0.0058 32 148 223 655
sheep 0.0115 7 -37 328 481
sheep 0.0060 -17 320 277 489
sheep 0.0021 32 148 223 655
cow 0.2090 21 1 316 543
cow 0.0167 -17 320 277 489
cow 0.0023 32 148 223 655
chair 0.0027 -6 7 290 497
sofa 0.0707 7 -37 328 481
pottedplant 0.0010 -33 -116 144 214
diningtable 0.0033 -6 7 290 497
