person 0.9995 5 86 314 394
person 0.9940 223 34 565 370
person 0.9852 -1 47 107 349
person 0.3344 200 217 236 269
person 0.0504 469 -106 503 424
person 0.0479 474 -32 504 271
person 0.0208 204 230 232 263
person 0.0115 -17 -57 134 454
person 0.0077 193 203 255 281
person 0.0057 200 138 265 246
person 0.0038 482 -39 502 433
person 0.0037 444 -142 509 460
person 0.0026 163 176 330 321
person 0.0025 438 -71 511 232
person 0.0021 184 121 292 264
person 0.0020 355 -137 519 262
person 0.0017 173 -105 349 388
chair 0.0093 474 -32 504 271
chair 0.0069 469 -106 503 424
chair 0.0042 482 -39 502 433
chair 0.0038 -1 58 121 361
chair 0.0018 159 172 347 324
sofa 0.0028 474 -32 504 271
sofa 0.0020 355 -137 519 262
sofa 0.0015 469 -106 503 424
sofa 0.0011 159 172 347 324
diningtable 0.0017 159 167 351 316
tvmonitor 0.0050 127 41 401 240
tvmonitor 0.0013 159 172 347 324
tvmonitor 0.0012 173 -92 352 328
