person 0.2332 242 202 249 213
person 0.1999 230 197 239 213
person 0.1958 279 203 286 213
person 0.1924 269 203 276 214
person 0.1901 239 198 247 212
person 0.1580 251 203 257 214
person 0.1407 262 203 268 214
person 0.1224 315 198 326 221
person 0.1089 176 195 186 212
person 0.0726 288 204 296 214
person 0.0456 261 200 268 210
person 0.0411 321 207 340 221
person 0.0357 225 198 233 212
person 0.0332 252 200 258 210
person 0.0299 270 200 276 211
person 0.0194 251 178 261 192
person 0.0170 309 200 321 218
person 0.0162 256 177 268 192
person 0.0131 263 212 269 223
person 0.0088 298 205 305 215
person 0.0069 268 213 273 223
person 0.0057 244 162 252 182
person 0.0051 253 213 259 224
person 0.0043 181 201 192 217
person 0.0042 290 199 297 211
person 0.0026 282 189 360 234
person 0.0019 332 209 344 219
person 0.0019 313 211 330 222
person 0.0018 249 156 259 169
person 0.0017 301 213 323 223
person 0.0015 258 183 268 194
person 0.0013 297 214 310 223
person 0.0012 243 157 251 173
person 0.0011 307 188 335 231
person 0.0011 297 198 304 212
person 0.0010 370 164 391 181
person 0.0010 201 197 211 207
boat 0.9973 106 9 395 230
boat 0.8844 340 153 433 196
boat 0.0233 146 -74 355 363
boat 0.0108 399 176 413 183
boat 0.0045 377 167 400 180
boat 0.0040 386 174 414 184
boat 0.0039 370 164 391 181
boat 0.0039 365 175 375 183
boat 0.0033 371 176 405 183
boat 0.0028 364 167 377 182
boat 0.0024 496 175 500 189
boat 0.0022 282 189 360 234
boat 0.0020 306 137 474 212
boat 0.0020 365 175 394 185
boat 0.0020 386 170 410 181
boat 0.0015 51 77 450 271
boat 0.0013 496 164 500 182
boat 0.0012 400 172 412 181
bird 0.0010 400 216 411 222
