person 0.5986 307 193 317 245
person 0.3395 313 193 324 245
person 0.3200 323 190 335 245
person 0.0960 201 181 216 215
person 0.0845 310 184 329 246
person 0.0769 299 200 307 240
person 0.0684 304 187 320 250
person 0.0448 297 185 312 257
person 0.0340 189 213 205 235
person 0.0293 235 173 255 187
person 0.0249 181 191 191 213
person 0.0200 198 210 212 233
person 0.0163 174 193 186 213
person 0.0086 143 217 156 238
person 0.0085 316 194 324 213
person 0.0082 226 172 245 188
person 0.0079 326 194 334 212
person 0.0072 244 171 261 188
person 0.0063 247 198 261 220
person 0.0062 281 197 291 227
person 0.0049 190 191 203 214
person 0.0043 207 209 224 231
person 0.0039 77 170 108 237
person 0.0038 27 181 55 240
person 0.0038 278 202 289 241
person 0.0035 34 193 51 232
person 0.0034 310 214 317 239
person 0.0031 169 201 189 215
person 0.0027 180 213 197 233
person 0.0024 219 171 235 188
person 0.0022 315 216 323 237
person 0.0021 302 193 317 213
person 0.0019 148 196 182 214
person 0.0016 150 217 163 239
person 0.0016 219 195 233 210
person 0.0015 1 177 31 244
person 0.0015 83 190 101 231
person 0.0014 206 188 219 212
person 0.0013 158 210 176 232
person 0.0013 215 144 236 166
person 0.0012 -52 141 219 358
person 0.0011 142 194 155 214
person 0.0011 89 192 108 228
person 0.0011 128 172 307 270
person 0.0011 216 203 236 216
person 0.0011 249 140 265 168
person 0.0011 258 188 269 218
person 0.0011 286 204 297 232
person 0.0011 27 191 44 234
person 0.0010 176 202 196 213
person 0.0010 239 203 253 216
person 0.0010 233 144 253 165
bicycle 0.0075 307 193 317 245
bicycle 0.0070 310 214 317 239
bicycle 0.0041 300 205 307 250
bicycle 0.0038 315 216 323 237
bicycle 0.0036 313 193 324 245
bicycle 0.0027 277 208 288 246
car 0.9985 134 168 260 307
car 0.9984 122 183 198 311
car 0.8563 165 181 233 293
car 0.6705 188 173 258 285
car 0.5540 144 198 185 217
car 0.3526 203 191 247 268
car 0.2817 135 192 197 225
car 0.1529 278 202 289 241
car 0.1126 297 199 307 225
car 0.0938 85 161 216 335
car 0.0571 281 197 291 227
car 0.0380 286 200 300 225
car 0.0357 306 196 315 229
car 0.0309 169 201 189 215
car 0.0251 273 189 292 251
car 0.0167 -52 141 219 358
car 0.0164 302 193 317 213
car 0.0102 142 194 155 214
car 0.0086 216 192 288 265
car 0.0084 176 202 196 213
car 0.0071 301 182 322 245
car 0.0046 174 193 186 213
car 0.0042 271 200 282 245
car 0.0031 280 191 290 216
car 0.0031 187 203 206 213
car 0.0027 274 179 348 245
car 0.0024 277 186 307 239
car 0.0022 168 193 248 249
car 0.0018 263 167 288 257
car 0.0017 315 192 325 233
car 0.0016 471 87 506 267
car 0.0014 286 194 296 213
car 0.0014 181 191 191 213
car 0.0013 316 194 324 213
car 0.0013 132 184 203 251
car 0.0012 75 118 356 331
car 0.0012 66 178 300 263
car 0.0012 207 209 224 231
car 0.0011 194 204 218 214
bus 0.9986 -50 125 185 344
bus 0.9974 188 101 293 282
bus 0.8256 174 25 308 354
bus 0.0773 -16 -41 149 492
bus 0.0203 187 140 211 224
bus 0.0155 170 119 220 241
bus 0.0095 471 87 506 267
bus 0.0070 302 193 317 213
bus 0.0032 278 165 291 206
bus 0.0030 277 155 294 227
bus 0.0021 108 118 333 267
bus 0.0011 293 172 316 234
bus 0.0010 263 167 288 257
bus 0.0010 186 175 253 271
bus 0.0010 291 151 312 215
train 0.0025 471 87 506 267
train 0.0016 335 103 544 341
train 0.0016 -56 72 191 327
boat 0.0011 -56 72 191 327
