person 0.0316 440 88 510 349
person 0.0058 471 45 503 351
person 0.0053 -5 -13 20 69
person 0.0038 -4 -54 22 179
person 0.0014 488 94 503 214
person 0.0011 266 101 320 208
person 0.0011 248 172 274 194
bird 0.0058 67 328 96 355
bottle 0.0010 67 328 96 355
chair 0.5838 438 120 509 382
chair 0.0011 -1 211 8 442
chair 0.0011 416 162 451 388
chair 0.0011 462 120 506 313
chair 0.0010 205 89 436 446
sofa 0.6096 439 116 509 365
sofa 0.0033 462 120 506 313
sofa 0.0021 406 132 535 303
diningtable 0.0054 -42 240 473 439
