person 0.9100 336 30 381 106
person 0.8386 279 15 361 117
person 0.7814 330 11 407 123
person 0.5256 323 27 360 102
person 0.3871 356 28 398 105
person 0.1739 362 14 451 123
person 0.0697 -2 92 20 340
person 0.0614 375 28 419 106
person 0.0547 374 32 407 83
person 0.0521 258 5 404 123
person 0.0308 -1 36 7 81
person 0.0302 342 38 362 75
person 0.0276 5 53 19 77
person 0.0263 265 39 302 98
person 0.0182 297 29 347 102
person 0.0177 -3 -22 33 375
person 0.0169 489 50 502 198
person 0.0160 -2 147 11 294
person 0.0142 334 33 367 83
person 0.0133 65 88 97 116
person 0.0109 257 18 289 96
person 0.0108 199 26 236 67
person 0.0107 184 18 248 77
person 0.0102 -3 24 12 110
person 0.0101 330 40 351 74
person 0.0096 223 74 372 196
person 0.0084 253 27 315 110
person 0.0083 -10 6 62 346
person 0.0074 324 38 342 73
person 0.0072 -44 45 166 256
person 0.0062 -14 4 61 166
person 0.0056 48 81 112 127
person 0.0049 229 13 298 101
person 0.0047 388 43 409 72
person 0.0045 495 32 500 82
person 0.0044 127 13 208 81
person 0.0044 274 28 311 89
person 0.0042 359 39 382 73
person 0.0041 398 44 414 70
person 0.0040 51 114 86 141
person 0.0039 282 42 302 72
person 0.0039 370 40 390 75
person 0.0038 -1 68 6 316
person 0.0035 348 39 369 73
person 0.0033 185 0 332 118
person 0.0032 246 36 283 98
person 0.0031 263 92 342 173
person 0.0031 -6 -2 28 168
person 0.0030 82 94 96 114
person 0.0029 262 32 283 61
person 0.0027 225 44 247 69
person 0.0027 375 40 405 59
person 0.0025 212 20 275 92
person 0.0025 213 86 295 165
person 0.0025 189 102 262 165
person 0.0023 65 -106 426 247
person 0.0023 477 11 503 228
person 0.0022 359 103 419 163
person 0.0021 312 41 333 68
person 0.0021 71 81 480 347
person 0.0021 489 17 502 118
person 0.0018 220 25 254 73
person 0.0017 343 42 356 90
person 0.0017 397 39 421 59
person 0.0017 391 31 424 84
person 0.0016 151 -9 291 104
person 0.0016 0 10 3 88
person 0.0015 493 78 500 131
person 0.0015 437 32 452 50
person 0.0015 272 47 293 87
person 0.0015 -5 40 28 94
person 0.0014 275 43 293 72
person 0.0013 345 38 393 56
person 0.0013 320 8 551 130
person 0.0013 495 68 499 160
person 0.0013 496 38 499 114
person 0.0013 -5 184 26 360
person 0.0012 365 -4 459 206
person 0.0012 224 32 246 64
person 0.0012 -1 195 14 324
person 0.0011 492 30 500 275
person 0.0011 430 31 447 50
person 0.0011 269 -4 362 199
person 0.0010 244 41 260 76
person 0.0010 178 23 216 71
person 0.0010 341 40 361 59
person 0.0010 255 19 330 78
person 0.0010 250 87 310 182
bicycle 0.0086 -5 142 23 363
bicycle 0.0079 -7 219 28 319
bicycle 0.0039 -1 168 10 310
bicycle 0.0011 0 219 6 278
car 0.9928 33 75 453 359
car 0.8156 -21 -60 143 373
car 0.2867 -44 45 166 256
car 0.2787 362 -98 514 312
car 0.2487 351 2 547 151
car 0.0702 489 50 502 198
car 0.0492 477 11 503 228
car 0.0488 387 16 521 220
car 0.0344 -29 22 88 171
car 0.0246 413 65 520 111
car 0.0168 -6 -2 28 168
car 0.0121 493 78 500 131
car 0.0099 -2 92 20 340
car 0.0089 440 44 511 199
car 0.0088 488 22 502 132
car 0.0079 -2 19 12 135
car 0.0073 -12 1 66 281
car 0.0069 -1 36 7 81
car 0.0046 320 44 550 195
car 0.0043 496 44 499 128
car 0.0039 495 68 499 160
car 0.0029 51 114 86 141
car 0.0027 -64 115 258 323
car 0.0027 25 17 461 200
car 0.0027 495 39 500 95
car 0.0026 36 97 122 131
car 0.0025 36 101 106 149
car 0.0024 -5 -35 22 275
car 0.0024 1 40 137 164
car 0.0021 497 55 499 192
car 0.0019 -5 184 26 360
car 0.0018 327 32 413 60
car 0.0017 -147 104 578 273
car 0.0015 -120 179 462 346
car 0.0014 0 37 5 114
car 0.0014 314 6 432 124
car 0.0014 -2 156 11 304
car 0.0013 48 81 112 127
car 0.0013 495 28 500 72
car 0.0013 492 30 500 275
car 0.0011 -1 54 10 174
car 0.0011 -4 238 20 318
car 0.0010 24 -77 323 279
motorbike 0.0226 -5 142 23 363
motorbike 0.0095 -7 219 28 319
motorbike 0.0029 34 120 455 385
motorbike 0.0021 -1 195 14 324
bus 0.1708 5 13 423 200
bus 0.0807 48 -13 448 323
bus 0.0256 364 -72 518 225
bus 0.0046 18 -117 334 278
bus 0.0023 356 0 544 136
diningtable 0.0041 34 120 455 385
