person 0.9991 402 -7 515 358
person 0.2234 353 75 535 279
person 0.0188 0 101 4 149
person 0.0055 -2 86 10 182
person 0.0049 0 98 6 135
person 0.0048 478 -3 504 322
person 0.0046 89 62 464 364
person 0.0030 412 106 424 129
person 0.0028 4 106 23 127
person 0.0023 -2 82 5 124
person 0.0022 0 127 6 160
person 0.0019 444 44 508 113
person 0.0017 348 -62 527 423
person 0.0012 13 106 28 126
bicycle 0.3074 402 122 512 317
bicycle 0.0194 383 59 519 384
bicycle 0.0084 21 117 64 239
bicycle 0.0029 406 155 459 309
car 0.6715 286 15 459 333
car 0.5917 38 83 416 363
car 0.1987 414 24 512 361
car 0.1559 353 75 535 279
car 0.1192 314 80 442 264
car 0.0916 348 -62 527 423
car 0.0525 332 103 426 133
car 0.0303 369 139 544 327
car 0.0188 -96 89 541 302
car 0.0175 469 106 503 328
car 0.0155 347 108 394 127
car 0.0127 0 101 4 149
car 0.0082 62 50 512 230
car 0.0074 0 98 6 135
car 0.0062 26 126 63 199
car 0.0051 4 106 23 127
car 0.0046 233 105 585 262
car 0.0039 485 126 501 238
car 0.0026 0 127 6 160
car 0.0025 -2 74 11 176
car 0.0023 476 5 504 275
car 0.0023 373 115 405 128
car 0.0020 20 122 84 186
car 0.0019 101 139 374 216
car 0.0019 155 76 399 197
car 0.0019 377 110 401 125
car 0.0016 37 141 63 163
car 0.0015 445 145 507 319
car 0.0014 495 143 500 203
car 0.0014 482 62 503 148
car 0.0012 490 45 502 205
motorbike 0.0156 402 122 512 317
motorbike 0.0032 21 117 64 239
motorbike 0.0016 383 59 519 384
bus 0.0036 416 -10 512 340
bus 0.0032 56 44 416 357
bus 0.0024 82 51 481 188
bottle 0.0124 419 174 435 215
chair 0.0081 402 122 512 317
diningtable 0.0020 36 121 437 381
