person 0.3158 77 120 100 154
person 0.0064 75 126 92 154
person 0.0039 27 47 431 309
person 0.0010 61 107 118 164
bicycle 0.0028 75 126 92 154
car 0.9265 40 38 467 291
car 0.0307 77 120 100 154
car 0.0234 42 98 179 163
car 0.0106 -87 79 595 236
car 0.0039 19 72 192 177
car 0.0019 -2 107 10 124
car 0.0014 61 107 118 164
motorbike 0.0027 77 120 100 154
motorbike 0.0015 27 47 431 309
bus 0.0072 19 40 436 285
train 0.0045 19 40 436 285
pottedplant 0.0030 46 93 177 163
pottedplant 0.0018 77 120 100 154
diningtable 0.0206 42 75 450 354
