person 0.9942 122 90 217 423
person 0.9831 185 68 244 322
person 0.0166 91 11 250 479
person 0.0119 58 145 278 352
person 0.0046 182 174 199 201
person 0.0028 175 162 207 229
person 0.0026 170 118 219 284
person 0.0010 -6 220 270 419
person 0.0010 207 191 275 285
bicycle 0.0011 -22 179 371 417
car 0.0010 -22 179 371 417
bird 0.0042 20 266 34 277
dog 0.0013 20 266 34 277
horse 0.9930 -32 213 383 422
horse 0.3262 211 193 276 282
horse 0.2152 174 176 288 299
horse 0.0722 101 98 213 346
horse 0.0672 101 108 173 286
horse 0.0439 222 206 269 269
horse 0.0114 206 184 303 453
horse 0.0108 58 145 278 352
horse 0.0076 89 24 247 403
horse 0.0071 189 185 243 289
horse 0.0066 123 128 186 271
horse 0.0029 143 153 174 243
horse 0.0025 205 299 256 403
horse 0.0022 143 286 279 422
horse 0.0017 192 157 277 405
horse 0.0016 260 201 310 432
horse 0.0012 54 123 331 456
