person 0.9993 55 42 266 268
person 0.9990 298 79 493 309
person 0.7978 334 14 463 379
person 0.2871 463 -12 506 130
person 0.1037 81 -107 244 395
person 0.0211 487 -15 502 130
person 0.0081 483 -1 503 79
person 0.0032 424 0 480 127
person 0.0029 495 33 500 119
person 0.0029 493 5 500 69
person 0.0028 359 -21 504 145
person 0.0027 221 72 309 132
person 0.0026 428 41 465 114
person 0.0025 468 2 509 75
person 0.0015 117 -24 239 309
person 0.0013 450 23 482 111
person 0.0011 401 -5 464 128
bicycle 0.9968 97 66 227 339
bicycle 0.9938 339 108 455 402
bicycle 0.9595 83 -59 240 481
bicycle 0.6929 321 -6 476 531
bicycle 0.2842 39 92 263 278
bicycle 0.2577 293 159 501 352
bicycle 0.0025 270 83 494 303
car 0.0028 85 -79 238 485
car 0.0013 34 47 268 256
motorbike 0.0062 85 -79 238 485
bus 0.0100 34 47 268 256
bottle 0.0010 375 237 384 261
chair 0.0012 85 -79 238 485
diningtable 0.0010 39 92 263 278
