person 0.0051 -8 208 108 340
person 0.0033 1 122 186 497
person 0.0022 -14 221 181 404
person 0.0014 318 120 349 193
car 0.0010 193 275 293 325
bird 0.0062 348 252 377 302
cat 0.0019 3 148 84 249
dog 0.0044 -14 221 181 404
bottle 0.0011 318 132 348 193
bottle 0.0010 316 123 332 149
chair 0.3734 35 101 131 265
chair 0.0414 6 87 61 263
chair 0.0065 1 122 186 497
chair 0.0050 -14 67 101 283
chair 0.0039 -9 179 137 295
chair 0.0036 85 117 170 312
chair 0.0036 107 126 185 184
chair 0.0028 12 138 77 284
chair 0.0022 91 130 125 177
chair 0.0019 -6 21 134 374
chair 0.0015 68 201 172 297
chair 0.0012 -39 163 224 364
chair 0.0012 343 44 482 340
chair 0.0011 279 142 345 199
chair 0.0010 10 254 53 403
sofa 0.1213 1 122 186 497
sofa 0.0033 -39 163 224 364
sofa 0.0018 35 101 131 265
sofa 0.0015 6 87 61 263
pottedplant 0.0010 279 142 345 199
diningtable 0.0030 -2 222 509 368
diningtable 0.0023 137 213 379 456
tvmonitor 0.0452 6 87 61 263
tvmonitor 0.0157 279 142 345 199
tvmonitor 0.0129 318 132 348 193
tvmonitor 0.0105 277 120 364 210
tvmonitor 0.0056 261 106 404 220
tvmonitor 0.0030 319 123 382 189
tvmonitor 0.0025 267 133 300 188
tvmonitor 0.0022 324 144 342 186
tvmonitor 0.0010 239 119 312 207
