person 0.0019 -4 210 34 233
person 0.0012 287 221 302 239
person 0.0012 94 220 120 235
person 0.0012 276 213 290 226
person 0.0010 267 212 282 227
aeroplane 0.0093 -12 197 44 246
aeroplane 0.0033 -4 210 34 233
boat 0.9054 221 192 328 262
boat 0.5788 94 220 120 235
boat 0.4851 332 177 372 257
boat 0.2694 -12 197 44 246
boat 0.2465 407 215 434 239
boat 0.1903 -4 210 34 233
boat 0.1780 390 204 466 250
boat 0.1182 422 222 457 238
boat 0.1152 334 224 371 239
boat 0.1001 403 206 438 246
boat 0.0887 225 219 324 251
boat 0.0527 430 183 459 252
boat 0.0448 54 222 91 234
boat 0.0360 26 213 119 244
boat 0.0220 321 206 382 252
boat 0.0196 -16 166 153 265
boat 0.0154 97 213 117 233
boat 0.0096 187 233 207 241
boat 0.0086 34 192 111 248
boat 0.0072 423 229 454 239
boat 0.0071 56 170 93 251
boat 0.0070 195 232 217 241
boat 0.0068 -90 197 224 257
boat 0.0066 7 221 36 234
boat 0.0060 163 234 176 239
boat 0.0056 361 225 374 236
boat 0.0054 43 226 61 234
boat 0.0052 496 219 500 238
boat 0.0052 404 170 461 261
boat 0.0052 348 230 369 240
boat 0.0050 365 173 498 268
boat 0.0048 179 235 195 240
boat 0.0047 220 201 571 257
boat 0.0047 50 224 77 234
boat 0.0045 -6 154 36 275
boat 0.0043 285 165 424 272
boat 0.0041 165 234 189 241
boat 0.0040 421 206 458 247
boat 0.0039 9 212 32 230
boat 0.0037 89 209 126 246
boat 0.0034 407 230 431 239
boat 0.0033 1 217 8 237
boat 0.0033 257 234 286 242
boat 0.0031 171 187 358 268
boat 0.0028 415 231 438 239
boat 0.0027 209 233 224 241
boat 0.0027 425 162 474 263
boat 0.0026 238 235 250 242
boat 0.0026 495 209 499 230
boat 0.0023 497 228 500 247
boat 0.0023 0 209 10 232
boat 0.0023 287 221 302 239
boat 0.0022 439 200 453 241
boat 0.0022 230 14 330 294
boat 0.0021 66 211 91 230
boat 0.0020 326 119 379 273
boat 0.0019 132 36 381 232
boat 0.0019 97 230 119 239
boat 0.0018 329 208 448 250
boat 0.0017 286 228 303 244
boat 0.0017 312 222 405 248
boat 0.0016 64 210 139 246
boat 0.0016 295 224 303 237
boat 0.0016 383 221 489 248
boat 0.0015 64 202 417 261
boat 0.0014 191 219 205 243
boat 0.0014 197 218 213 244
boat 0.0013 335 231 351 241
boat 0.0013 216 234 232 241
boat 0.0012 250 232 277 243
boat 0.0011 442 157 499 269
boat 0.0010 225 235 247 242
boat 0.0010 77 164 133 258
boat 0.0010 293 227 306 244
boat 0.0010 184 205 196 216
