person 0.0046 -12 113 151 504
person 0.0014 1 194 137 423
bottle 0.1186 428 282 448 329
bottle 0.0655 411 275 431 322
bottle 0.0384 489 200 501 245
bottle 0.0194 477 201 494 243
bottle 0.0178 482 193 503 251
bottle 0.0145 463 201 482 242
bottle 0.0050 420 289 437 319
bottle 0.0010 487 266 502 367
bottle 0.0010 410 277 443 332
chair 0.4632 -12 113 151 504
chair 0.1223 24 243 485 372
chair 0.0820 72 124 436 496
chair 0.0607 1 194 137 423
chair 0.0131 2 203 46 423
chair 0.0051 5 243 40 314
chair 0.0038 -4 177 29 411
chair 0.0030 64 218 145 409
chair 0.0021 104 256 143 407
chair 0.0018 472 238 504 423
chair 0.0013 -40 289 177 408
chair 0.0013 83 252 230 416
chair 0.0013 -29 126 292 491
sofa 0.8408 72 124 436 496
sofa 0.8107 24 243 485 372
sofa 0.0124 -12 113 151 504
