person 0.9982 -57 25 355 294
person 0.0057 11 78 119 346
person 0.0039 126 293 249 412
person 0.0017 13 184 310 474
person 0.0016 445 251 509 375
person 0.0013 -7 115 143 272
bottle 0.9863 338 189 398 440
bottle 0.9772 407 171 469 416
bottle 0.9372 264 181 323 403
bottle 0.9056 297 187 354 436
bottle 0.5982 374 166 430 422
bottle 0.3667 97 140 128 224
bottle 0.2256 382 182 430 330
bottle 0.0860 445 251 509 375
bottle 0.0625 389 196 422 283
bottle 0.0417 340 235 374 302
bottle 0.0410 12 207 34 290
bottle 0.0335 456 255 512 319
bottle 0.0258 310 213 345 280
bottle 0.0239 337 213 377 338
bottle 0.0206 295 289 354 399
bottle 0.0186 327 230 355 308
bottle 0.0174 353 212 391 270
bottle 0.0173 339 177 376 265
bottle 0.0140 424 212 455 285
bottle 0.0107 412 195 460 318
bottle 0.0100 374 216 405 302
bottle 0.0092 351 207 396 343
bottle 0.0092 272 201 320 321
bottle 0.0070 312 191 353 325
bottle 0.0066 442 276 512 338
bottle 0.0063 116 142 138 222
bottle 0.0056 364 199 396 261
bottle 0.0051 303 256 322 298
bottle 0.0047 342 202 401 280
bottle 0.0042 19 -13 305 332
bottle 0.0042 371 215 389 249
bottle 0.0039 358 232 386 265
bottle 0.0037 405 196 431 282
bottle 0.0031 411 214 440 284
bottle 0.0031 356 230 389 308
bottle 0.0027 332 248 351 286
bottle 0.0026 484 260 503 336
bottle 0.0025 94 157 110 191
bottle 0.0025 91 163 106 200
bottle 0.0024 340 281 400 403
bottle 0.0023 274 139 334 210
bottle 0.0022 90 147 115 216
bottle 0.0022 111 152 125 191
bottle 0.0022 335 247 363 326
bottle 0.0021 301 246 325 326
bottle 0.0021 440 248 472 308
bottle 0.0021 343 250 362 287
bottle 0.0020 103 155 117 188
bottle 0.0019 102 173 121 212
bottle 0.0018 331 218 366 282
bottle 0.0017 126 293 249 412
bottle 0.0017 365 203 434 293
bottle 0.0017 320 227 384 311
bottle 0.0016 -55 135 384 310
bottle 0.0016 369 174 499 331
bottle 0.0016 120 175 137 209
bottle 0.0015 449 204 490 346
bottle 0.0014 495 262 500 314
bottle 0.0013 21 300 52 357
bottle 0.0012 346 243 370 277
bottle 0.0012 255 285 386 411
bottle 0.0011 470 272 501 301
bottle 0.0011 337 280 350 317
bottle 0.0011 448 250 482 325
bottle 0.0011 380 214 397 264
bottle 0.0011 0 215 29 285
bottle 0.0011 138 304 211 385
bottle 0.0010 265 153 299 211
bottle 0.0010 262 247 309 371
bottle 0.0010 338 236 361 263
bottle 0.0010 400 309 469 378
chair 0.0011 -47 60 363 290
chair 0.0011 7 42 159 410
pottedplant 0.0016 374 166 430 422
diningtable 0.0108 365 288 541 419
diningtable 0.0011 -47 60 363 290
diningtable 0.0011 7 42 159 410
