person 0.7238 152 184 502 404
person 0.0029 121 28 557 197
person 0.0015 27 90 270 193
person 0.0010 24 157 403 400
bicycle 0.0309 95 -12 570 146
bird 0.0020 167 143 229 177
cat 0.9260 115 8 564 174
cat 0.0975 185 -99 485 287
cat 0.0025 353 -36 483 230
cat 0.0015 229 93 366 220
cat 0.0015 152 184 502 404
dog 0.0502 121 28 557 197
dog 0.0036 185 -99 485 287
dog 0.0029 229 93 366 220
dog 0.0016 152 184 502 404
chair 0.0933 431 -52 510 216
chair 0.0198 292 69 424 210
chair 0.0054 137 9 561 170
chair 0.0050 374 -59 488 224
chair 0.0045 -2 50 55 196
chair 0.0041 356 -163 519 330
chair 0.0041 468 -45 505 208
chair 0.0024 446 -28 508 110
chair 0.0021 27 90 270 193
chair 0.0013 205 -102 503 286
chair 0.0013 345 89 406 189
chair 0.0010 345 106 380 174
sofa 0.0027 138 28 563 199
sofa 0.0023 32 153 465 323
sofa 0.0021 27 90 270 193
pottedplant 0.1205 95 -12 570 146
pottedplant 0.0223 309 -36 444 92
pottedplant 0.0184 315 -107 497 211
pottedplant 0.0116 321 -54 430 216
pottedplant 0.0071 205 -102 503 286
pottedplant 0.0040 328 -18 415 74
pottedplant 0.0032 119 -82 369 127
pottedplant 0.0018 356 -163 519 330
tvmonitor 0.0017 -15 95 67 187
tvmonitor 0.0016 -2 50 55 196
