person 0.0248 31 160 50 190
person 0.0085 21 129 89 248
person 0.0069 23 140 101 207
person 0.0036 26 152 58 194
person 0.0033 46 153 80 174
person 0.0032 33 152 48 176
person 0.0026 84 147 116 164
person 0.0023 47 161 79 184
person 0.0023 -4 118 114 259
person 0.0021 47 147 76 163
person 0.0016 100 154 119 168
person 0.0015 206 167 213 175
person 0.0015 73 163 87 185
person 0.0015 321 149 355 166
person 0.0010 264 158 269 163
person 0.0010 42 161 60 185
person 0.0010 282 148 309 163
car 0.0065 30 145 77 163
car 0.0040 18 137 89 173
car 0.0032 -4 118 114 259
car 0.0020 23 140 101 207
car 0.0015 -44 89 538 199
aeroplane 0.0021 -44 89 538 199
train 0.0016 -44 89 538 199
boat 0.6133 280 111 310 174
boat 0.4487 282 148 309 163
boat 0.4035 313 154 362 169
boat 0.3790 134 112 162 175
boat 0.3650 23 140 101 207
boat 0.3367 43 144 139 182
boat 0.2917 350 106 374 178
boat 0.2857 467 139 509 188
boat 0.2452 418 153 441 169
boat 0.2426 360 149 378 164
boat 0.2320 304 148 325 160
boat 0.2104 138 149 157 164
boat 0.2020 351 150 373 163
boat 0.1959 324 92 351 182
boat 0.1843 321 149 355 166
boat 0.1588 421 149 451 166
boat 0.1413 18 137 89 173
boat 0.1288 -4 118 114 259
boat 0.1284 411 150 424 159
boat 0.1245 371 149 382 161
boat 0.1212 307 147 369 176
boat 0.1032 157 149 180 162
boat 0.0983 226 150 241 156
boat 0.0912 30 145 77 163
boat 0.0909 149 150 167 163
boat 0.0843 360 154 374 167
boat 0.0732 140 123 156 166
boat 0.0678 201 162 207 167
boat 0.0593 84 147 116 164
boat 0.0558 435 154 458 169
boat 0.0551 -44 89 538 199
boat 0.0532 21 129 89 248
boat 0.0519 453 146 475 164
boat 0.0518 288 155 311 167
boat 0.0423 206 167 213 175
boat 0.0414 203 151 212 157
boat 0.0390 470 149 505 178
boat 0.0388 8 49 158 207
boat 0.0387 306 131 322 160
boat 0.0364 171 149 185 160
boat 0.0329 354 125 369 164
boat 0.0327 59 56 118 195
boat 0.0316 177 150 194 159
boat 0.0297 -67 129 435 173
boat 0.0257 392 151 407 162
boat 0.0255 95 148 124 164
boat 0.0243 -4 125 171 202
boat 0.0234 80 156 120 170
boat 0.0220 128 121 507 180
boat 0.0197 78 136 161 175
boat 0.0196 370 132 386 159
boat 0.0192 429 133 525 194
boat 0.0190 298 117 328 170
boat 0.0186 222 151 234 156
boat 0.0185 286 128 304 162
boat 0.0181 405 134 469 179
boat 0.0173 189 151 204 157
boat 0.0164 209 152 217 157
boat 0.0163 319 136 357 174
boat 0.0162 402 152 415 160
boat 0.0153 487 149 502 179
boat 0.0153 141 154 155 166
boat 0.0142 465 110 507 227
boat 0.0139 264 158 269 163
boat 0.0122 448 152 481 171
boat 0.0116 364 113 389 174
boat 0.0105 362 129 377 162
boat 0.0102 267 112 336 178
boat 0.0099 467 153 509 210
boat 0.0097 344 150 359 161
boat 0.0093 491 141 500 171
boat 0.0092 31 160 50 190
boat 0.0089 55 148 88 162
boat 0.0085 10 164 101 220
boat 0.0084 390 155 406 166
boat 0.0077 169 139 184 154
boat 0.0071 10 125 133 170
boat 0.0071 417 140 498 186
boat 0.0071 417 142 455 182
boat 0.0069 133 149 150 162
boat 0.0068 447 131 482 177
boat 0.0068 100 154 119 168
boat 0.0063 235 150 253 155
boat 0.0062 39 61 99 195
boat 0.0062 446 155 467 170
boat 0.0062 492 180 501 204
boat 0.0059 382 151 397 159
boat 0.0058 491 166 500 204
boat 0.0053 473 145 498 167
boat 0.0050 470 161 504 183
boat 0.0048 149 133 166 158
boat 0.0047 331 133 349 160
boat 0.0046 158 138 179 156
boat 0.0043 -4 55 439 282
boat 0.0043 117 136 200 173
boat 0.0042 197 159 203 163
boat 0.0040 113 110 184 179
boat 0.0040 134 129 149 159
boat 0.0039 81 164 118 181
boat 0.0038 480 121 504 190
bird 0.0336 206 167 213 175
bird 0.0243 201 162 207 167
bird 0.0076 264 158 269 163
bird 0.0018 244 182 250 187
bird 0.0010 0 14 6 31
bird 0.0010 424 223 524 262
chair 0.0260 25 130 96 275
chair 0.0047 0 113 120 292
diningtable 0.0023 -21 67 520 270
