person 0.9992 128 -76 301 458
person 0.9666 442 1 508 201
person 0.8105 144 0 190 115
person 0.8067 75 118 352 279
person 0.7073 211 9 294 110
person 0.2839 245 33 325 99
person 0.2682 142 53 298 313
person 0.2544 81 17 160 113
person 0.1426 202 24 231 89
person 0.1328 155 24 221 114
person 0.1324 176 35 213 100
person 0.1092 231 35 257 58
person 0.0984 93 39 109 71
person 0.0746 35 14 67 66
person 0.0703 95 32 129 83
person 0.0665 185 41 207 73
person 0.0628 223 26 266 91
person 0.0623 413 -4 427 18
person 0.0580 -3 11 16 102
person 0.0576 47 14 75 68
person 0.0494 53 20 71 59
person 0.0446 -8 19 31 96
person 0.0360 102 37 122 65
person 0.0343 83 26 117 106
person 0.0339 41 19 60 56
person 0.0305 102 -6 226 126
person 0.0282 223 10 365 114
person 0.0255 208 30 227 70
person 0.0229 160 11 189 83
person 0.0208 -2 34 15 138
person 0.0203 -8 48 31 128
person 0.0200 260 62 289 84
person 0.0191 272 45 313 90
person 0.0184 488 20 502 132
person 0.0153 291 54 375 92
person 0.0136 44 26 81 90
person 0.0136 491 5 501 186
person 0.0133 166 21 184 55
person 0.0131 0 45 4 107
person 0.0108 187 36 206 62
person 0.0107 26 25 62 89
person 0.0107 470 8 506 158
person 0.0101 -1 23 8 69
person 0.0101 -15 -57 511 141
person 0.0096 60 40 78 72
person 0.0086 57 21 192 131
person 0.0085 172 45 239 103
person 0.0082 23 5 84 73
person 0.0080 54 32 88 101
person 0.0080 -3 5 51 117
person 0.0078 25 25 98 108
person 0.0077 204 60 226 90
person 0.0065 36 29 54 63
person 0.0060 129 41 206 109
person 0.0059 -6 -51 280 186
person 0.0057 44 23 60 40
person 0.0056 -5 -33 29 127
person 0.0056 254 27 296 85
person 0.0055 271 39 356 96
person 0.0049 179 49 200 83
person 0.0048 493 35 500 100
person 0.0047 161 23 179 51
person 0.0044 108 44 130 67
person 0.0042 404 8 538 192
person 0.0042 279 54 309 84
person 0.0041 195 61 218 90
person 0.0041 493 28 501 67
person 0.0038 156 33 198 103
person 0.0038 382 52 440 187
person 0.0038 97 34 180 102
person 0.0035 1 69 8 125
person 0.0034 0 10 8 46
person 0.0034 54 22 69 39
person 0.0033 83 45 101 70
person 0.0032 74 50 110 102
person 0.0032 232 54 315 92
person 0.0032 43 39 117 113
person 0.0032 10 19 75 99
person 0.0031 138 3 307 117
person 0.0031 185 58 207 91
person 0.0031 180 27 213 75
person 0.0030 195 41 214 73
person 0.0030 143 25 179 91
person 0.0028 496 59 499 131
person 0.0027 301 54 339 72
person 0.0027 248 55 278 82
person 0.0027 241 64 272 83
person 0.0026 197 53 231 95
person 0.0025 4 49 27 83
person 0.0024 -25 -9 89 135
person 0.0021 60 20 76 56
person 0.0021 466 31 508 101
person 0.0021 266 54 299 83
person 0.0020 355 -22 507 266
person 0.0019 487 -14 502 92
person 0.0019 -23 -84 148 209
person 0.0018 82 63 161 106
person 0.0018 -21 41 89 110
person 0.0017 55 17 82 76
person 0.0016 119 50 140 69
bicycle 0.9924 26 156 393 303
bicycle 0.9822 50 72 368 428
bicycle 0.5385 -8 62 31 133
bicycle 0.0488 43 39 117 113
bicycle 0.0488 66 50 225 153
bicycle 0.0259 -2 23 174 128
bicycle 0.0241 90 69 274 171
bicycle 0.0126 0 84 9 125
bicycle 0.0099 14 30 92 103
bicycle 0.0093 78 38 163 113
bicycle 0.0081 -2 34 15 138
bicycle 0.0078 -23 -84 148 209
bicycle 0.0075 84 65 173 106
bicycle 0.0065 107 82 188 167
bicycle 0.0058 74 50 110 102
bicycle 0.0058 -6 -51 280 186
bicycle 0.0042 76 65 202 127
bicycle 0.0030 0 56 5 116
bicycle 0.0030 -5 -8 30 136
bicycle 0.0027 0 87 24 121
bicycle 0.0020 -31 8 95 151
bicycle 0.0020 53 49 92 102
bicycle 0.0016 -15 29 44 102
bicycle 0.0015 0 93 6 132
bicycle 0.0015 -18 48 60 144
bicycle 0.0011 162 75 195 133
bicycle 0.0011 73 62 368 149
bicycle 0.0011 138 71 238 139
bicycle 0.0011 112 25 251 131
bicycle 0.0010 122 91 154 157
bicycle 0.0010 44 34 83 96
bicycle 0.0010 71 60 93 94
car 0.0014 -4 57 21 135
motorbike 0.0386 -8 62 31 133
motorbike 0.0123 24 26 190 126
motorbike 0.0035 43 39 117 113
motorbike 0.0016 78 38 163 113
motorbike 0.0015 -5 -8 30 136
motorbike 0.0013 -2 34 15 138
motorbike 0.0011 0 84 9 125
bottle 0.0214 400 93 420 114
bottle 0.0154 403 86 417 106
bottle 0.0117 453 84 465 111
bottle 0.0039 412 93 442 113
bottle 0.0031 427 103 444 113
bottle 0.0029 409 86 428 108
bottle 0.0016 406 98 430 113
bottle 0.0013 393 79 425 130
bottle 0.0012 423 107 450 117
chair 0.1813 360 51 432 181
chair 0.1516 340 34 455 199
chair 0.0425 416 46 472 106
chair 0.0245 143 -63 324 440
chair 0.0191 443 39 505 191
chair 0.0124 396 65 478 131
chair 0.0123 87 111 385 274
chair 0.0117 416 55 484 183
chair 0.0106 243 14 323 103
chair 0.0105 427 58 461 91
chair 0.0080 404 2 510 203
chair 0.0079 261 34 290 66
chair 0.0070 19 33 51 86
chair 0.0070 440 -22 511 107
chair 0.0066 209 23 284 105
chair 0.0059 488 20 502 132
chair 0.0057 356 79 437 146
chair 0.0051 494 45 500 107
chair 0.0050 180 151 251 193
chair 0.0043 -1 30 69 102
chair 0.0043 -8 62 31 133
chair 0.0042 417 78 461 90
chair 0.0042 355 -22 507 266
chair 0.0041 9 49 34 80
chair 0.0041 24 40 45 77
chair 0.0037 493 28 501 67
chair 0.0036 246 22 306 80
chair 0.0035 358 71 423 120
chair 0.0032 43 39 117 113
chair 0.0027 346 50 515 155
chair 0.0026 462 73 507 205
chair 0.0024 471 44 500 68
chair 0.0022 411 85 441 113
chair 0.0022 371 82 409 103
chair 0.0021 466 31 508 101
chair 0.0021 9 43 96 110
chair 0.0020 81 17 160 113
chair 0.0020 496 79 500 151
chair 0.0017 453 84 465 111
chair 0.0017 491 18 501 192
chair 0.0016 -6 35 32 95
chair 0.0015 386 69 472 102
chair 0.0014 455 95 474 110
chair 0.0012 433 77 456 91
chair 0.0011 406 47 464 154
chair 0.0010 496 59 499 131
diningtable 0.1482 350 40 511 206
diningtable 0.0041 449 1 515 74
diningtable 0.0023 195 165 240 179
diningtable 0.0021 440 -22 511 107
diningtable 0.0015 460 19 511 35
diningtable 0.0013 443 39 505 191
diningtable 0.0012 464 31 507 47
diningtable 0.0012 180 151 251 193
diningtable 0.0011 429 -5 524 44
diningtable 0.0011 493 28 501 67
diningtable 0.0010 416 55 484 183
diningtable 0.0010 466 14 508 26
tvmonitor 0.0022 411 85 441 113
tvmonitor 0.0015 396 65 478 131
