person 0.0201 471 -157 503 398
person 0.0109 462 124 506 267
person 0.0086 66 90 484 374
person 0.0048 485 -135 502 340
person 0.0021 312 94 391 152
person 0.0013 442 -152 510 392
bird 0.0030 284 153 303 191
bird 0.0011 277 151 309 198
dog 0.0011 462 124 506 267
bottle 0.0059 336 16 353 59
bottle 0.0021 4 90 448 368
bottle 0.0020 324 17 340 61
bottle 0.0018 318 13 346 66
bottle 0.0016 325 49 370 109
bottle 0.0014 284 162 343 225
bottle 0.0011 332 10 365 65
bottle 0.0010 172 84 210 240
chair 0.9482 -13 0 79 228
chair 0.5969 -11 132 60 411
chair 0.0969 285 53 429 186
chair 0.0898 314 64 353 152
chair 0.0513 312 94 391 152
chair 0.0291 304 -54 449 287
chair 0.0132 -5 128 30 417
chair 0.0130 161 108 232 148
chair 0.0116 308 54 373 160
chair 0.0114 290 39 344 166
chair 0.0103 281 100 343 148
chair 0.0088 313 107 331 139
chair 0.0082 167 75 242 155
chair 0.0078 -4 177 17 284
chair 0.0076 -25 24 74 92
chair 0.0069 462 124 506 267
chair 0.0055 321 71 357 125
chair 0.0053 292 116 333 137
chair 0.0052 318 95 346 149
chair 0.0051 246 -2 386 164
chair 0.0048 321 102 338 143
chair 0.0044 316 77 342 100
chair 0.0040 470 112 504 357
chair 0.0040 309 87 338 146
chair 0.0038 138 16 261 187
chair 0.0035 -4 -16 21 254
chair 0.0033 328 80 351 113
chair 0.0031 279 33 348 98
chair 0.0025 -1 46 7 261
chair 0.0024 345 113 375 138
chair 0.0023 333 110 354 138
chair 0.0021 29 0 72 207
chair 0.0019 30 219 95 280
chair 0.0019 339 32 448 240
chair 0.0019 325 29 377 135
chair 0.0017 -15 91 102 382
chair 0.0017 374 113 437 195
chair 0.0016 190 113 220 141
chair 0.0015 441 27 509 404
chair 0.0013 312 62 348 114
chair 0.0013 449 166 515 255
chair 0.0013 -3 -109 31 466
chair 0.0013 -20 255 63 362
chair 0.0013 277 -26 328 86
chair 0.0011 186 -81 368 301
chair 0.0011 198 -32 328 88
chair 0.0011 297 47 328 71
chair 0.0011 450 143 506 324
chair 0.0011 -1 163 8 336
chair 0.0011 -3 264 14 353
chair 0.0011 -31 233 92 426
chair 0.0011 -14 175 50 231
chair 0.0011 284 78 359 156
chair 0.0010 155 32 216 166
chair 0.0010 -2 136 9 268
chair 0.0010 -10 195 138 463
sofa 0.0013 -14 -12 79 227
pottedplant 0.0478 157 -91 350 317
pottedplant 0.0290 114 40 389 194
pottedplant 0.0062 216 63 307 255
pottedplant 0.0054 182 133 294 270
pottedplant 0.0053 254 172 318 256
pottedplant 0.0039 210 147 275 255
pottedplant 0.0017 214 -22 340 259
pottedplant 0.0015 288 -29 418 106
pottedplant 0.0012 45 22 467 375
diningtable 0.9953 40 84 464 385
diningtable 0.0592 -12 118 65 397
diningtable 0.0110 -14 -12 79 227
diningtable 0.0087 -25 24 74 92
diningtable 0.0066 304 -54 449 287
diningtable 0.0051 -5 125 27 388
diningtable 0.0021 -33 8 91 120
diningtable 0.0014 -14 175 50 231
diningtable 0.0014 -4 177 17 284
diningtable 0.0013 243 17 424 117
tvmonitor 0.3406 353 -32 481 96
tvmonitor 0.0050 169 -23 261 59
tvmonitor 0.0022 -23 -28 92 79
