person 0.9992 39 82 306 319
person 0.0320 -78 322 449 492
person 0.0058 -36 136 350 357
person 0.0014 -12 243 152 623
motorbike 0.0112 -78 322 449 492
motorbike 0.0027 1 226 364 508
motorbike 0.0015 90 320 280 589
cat 0.0014 21 72 307 302
bottle 0.9243 228 147 296 437
bottle 0.6678 42 167 68 241
bottle 0.2613 138 238 167 308
bottle 0.2555 88 231 129 372
bottle 0.0658 51 162 79 235
bottle 0.0168 231 157 265 199
bottle 0.0167 74 453 190 521
bottle 0.0150 90 320 280 589
bottle 0.0124 68 382 246 549
bottle 0.0118 47 181 63 229
bottle 0.0111 39 197 55 235
bottle 0.0077 35 193 62 256
bottle 0.0064 190 376 385 481
bottle 0.0058 142 326 328 454
bottle 0.0053 42 185 57 227
bottle 0.0052 -78 322 449 492
bottle 0.0051 98 250 132 316
bottle 0.0045 191 402 324 539
bottle 0.0035 127 343 189 482
bottle 0.0031 159 352 225 478
bottle 0.0029 79 213 152 429
bottle 0.0028 121 243 154 300
bottle 0.0028 -12 243 152 623
bottle 0.0027 106 337 215 529
bottle 0.0027 143 251 162 294
bottle 0.0021 85 257 106 348
bottle 0.0021 104 258 125 291
bottle 0.0021 229 115 264 200
bottle 0.0018 75 474 174 509
bottle 0.0016 129 124 145 170
bottle 0.0012 21 159 91 249
bottle 0.0011 51 207 327 598
bottle 0.0011 44 114 72 178
bottle 0.0010 194 370 262 451
bottle 0.0010 125 252 163 314
bottle 0.0010 133 340 249 491
chair 0.0059 231 140 298 424
pottedplant 0.0084 43 101 74 180
pottedplant 0.0042 -11 298 44 399
pottedplant 0.0015 64 180 142 247
pottedplant 0.0010 36 76 82 184
diningtable 0.0633 -78 322 449 492
diningtable 0.0300 1 226 364 508
diningtable 0.0081 -91 276 313 459
diningtable 0.0038 11 203 215 456
diningtable 0.0020 -49 309 204 488
diningtable 0.0019 8 129 341 362
