person 0.0069 38 220 448 369
person 0.0024 -4 214 20 286
person 0.0011 -147 230 641 362
car 0.0021 -181 244 541 365
car 0.0021 -58 223 427 441
bus 0.0010 11 226 413 367
boat 0.0070 11 226 413 367
boat 0.0055 -170 241 586 361
boat 0.0013 -4 148 423 457
bottle 0.0015 480 169 496 215
chair 0.9178 281 231 434 428
chair 0.8935 341 211 441 406
chair 0.8862 92 213 234 378
chair 0.8467 195 217 292 299
chair 0.8445 253 220 339 306
chair 0.7836 132 212 205 289
chair 0.7437 175 223 314 395
chair 0.7149 79 191 146 287
chair 0.5085 13 209 73 329
chair 0.4711 292 230 384 305
chair 0.4588 -29 277 90 417
chair 0.4111 34 215 145 356
chair 0.3335 334 227 429 314
chair 0.2894 108 195 173 288
chair 0.2648 238 227 294 294
chair 0.2510 168 227 241 286
chair 0.2510 -12 186 111 351
chair 0.1968 -29 330 85 394
chair 0.1900 -7 202 33 319
chair 0.1810 53 231 118 341
chair 0.1804 50 213 88 242
chair 0.1720 393 218 443 376
chair 0.1620 123 231 194 358
chair 0.1585 71 207 110 274
chair 0.1457 -5 307 32 363
chair 0.1437 94 205 139 274
chair 0.1429 -6 286 59 406
chair 0.1283 38 220 448 369
chair 0.1238 -3 207 18 313
chair 0.1082 -147 230 641 362
chair 0.1004 237 217 393 316
chair 0.0872 -14 298 47 372
chair 0.0787 41 204 101 253
chair 0.0777 227 219 364 402
chair 0.0773 110 154 400 444
chair 0.0520 29 205 114 277
chair 0.0510 57 190 191 292
chair 0.0504 124 210 166 275
chair 0.0478 169 228 232 360
chair 0.0321 262 211 334 377
chair 0.0303 78 218 104 244
chair 0.0269 -22 166 293 440
chair 0.0230 114 202 248 299
chair 0.0226 88 205 154 345
chair 0.0225 146 222 190 278
chair 0.0207 176 234 214 278
chair 0.0198 1 214 66 285
chair 0.0194 320 148 460 466
chair 0.0174 201 241 281 376
chair 0.0173 384 221 455 318
chair 0.0168 -2 234 14 265
chair 0.0153 183 240 207 275
chair 0.0147 203 241 226 277
chair 0.0137 252 238 288 284
chair 0.0128 -3 230 15 251
chair 0.0111 11 222 51 278
chair 0.0102 0 256 6 300
chair 0.0093 39 192 99 317
chair 0.0080 -7 217 28 283
chair 0.0057 0 239 9 277
chair 0.0056 -21 113 157 414
chair 0.0053 -36 196 170 282
chair 0.0048 77 234 102 264
chair 0.0042 300 220 369 369
chair 0.0041 55 219 126 277
chair 0.0040 418 223 436 375
chair 0.0039 333 246 370 294
chair 0.0038 46 203 83 277
chair 0.0037 -43 246 137 383
chair 0.0033 15 239 53 316
chair 0.0032 38 216 67 325
chair 0.0030 115 209 142 272
chair 0.0029 150 205 212 349
chair 0.0029 0 299 6 373
chair 0.0028 -8 231 33 397
chair 0.0028 213 228 258 287
chair 0.0027 250 250 313 371
chair 0.0027 8 223 35 313
chair 0.0026 29 160 476 312
chair 0.0026 96 217 128 243
chair 0.0026 398 247 436 307
chair 0.0025 383 238 456 283
chair 0.0025 317 255 398 404
chair 0.0025 384 247 433 406
chair 0.0024 47 232 75 325
chair 0.0023 53 207 151 256
chair 0.0023 141 234 260 376
chair 0.0022 74 219 94 242
chair 0.0021 0 214 7 251
chair 0.0021 329 344 409 389
chair 0.0021 55 244 88 267
chair 0.0021 237 223 514 295
chair 0.0020 -1 283 14 407
chair 0.0020 113 210 178 254
chair 0.0019 99 260 139 332
chair 0.0018 -18 219 86 265
chair 0.0017 130 245 152 267
chair 0.0017 3 313 25 358
chair 0.0017 134 235 158 266
chair 0.0016 0 262 4 311
sofa 0.0051 -29 277 90 417
sofa 0.0023 -29 330 85 394
sofa 0.0013 -32 206 235 448
diningtable 0.3150 -38 233 439 440
diningtable 0.1593 -181 244 541 365
diningtable 0.1454 27 202 179 352
diningtable 0.0999 272 228 466 429
diningtable 0.0933 168 151 484 462
diningtable 0.0897 94 203 262 385
diningtable 0.0546 -21 190 125 328
diningtable 0.0406 182 225 371 366
diningtable 0.0397 -20 219 126 261
diningtable 0.0359 -3 207 18 313
diningtable 0.0325 29 205 114 277
diningtable 0.0236 -2 234 14 265
diningtable 0.0216 -26 130 223 405
diningtable 0.0169 14 190 196 287
diningtable 0.0153 237 223 514 295
diningtable 0.0114 343 230 438 417
diningtable 0.0113 -3 230 15 251
diningtable 0.0105 0 239 9 277
diningtable 0.0099 0 203 431 353
diningtable 0.0095 317 217 443 322
diningtable 0.0088 76 158 494 309
diningtable 0.0083 32 236 188 298
diningtable 0.0076 169 228 232 360
diningtable 0.0066 108 195 173 288
diningtable 0.0061 174 186 462 250
diningtable 0.0053 207 194 420 227
diningtable 0.0052 -7 217 28 283
diningtable 0.0052 233 217 365 307
diningtable 0.0050 -43 246 137 383
diningtable 0.0050 -5 210 90 289
diningtable 0.0049 -7 202 33 319
diningtable 0.0045 105 240 251 312
diningtable 0.0032 2 205 58 318
diningtable 0.0030 41 204 101 253
diningtable 0.0029 209 255 360 319
diningtable 0.0029 168 227 241 286
diningtable 0.0024 50 213 88 242
diningtable 0.0024 -16 211 48 287
diningtable 0.0022 65 206 194 258
diningtable 0.0022 292 230 384 305
diningtable 0.0022 0 235 5 304
diningtable 0.0021 57 193 147 286
diningtable 0.0018 78 218 104 244
diningtable 0.0014 78 228 143 348
diningtable 0.0013 112 252 243 290
diningtable 0.0011 180 211 305 304
diningtable 0.0011 80 204 145 261
diningtable 0.0011 246 229 419 358
diningtable 0.0011 103 304 451 403
diningtable 0.0010 -29 330 85 394
diningtable 0.0010 392 219 439 398
tvmonitor 0.9952 120 58 220 176
tvmonitor 0.0599 263 -4 464 282
tvmonitor 0.0260 141 72 207 162
tvmonitor 0.0046 338 57 460 222
tvmonitor 0.0031 252 45 393 236
tvmonitor 0.0020 -58 223 427 441
tvmonitor 0.0017 198 82 231 110
