person 0.9976 141 149 459 332
person 0.9976 35 21 218 339
person 0.9423 -34 112 173 349
person 0.9092 64 -91 187 448
person 0.5635 19 -4 142 438
person 0.1906 223 -36 412 502
person 0.0921 -11 111 64 438
person 0.0702 133 5 184 154
person 0.0259 125 29 318 321
person 0.0119 -6 -31 37 540
person 0.0081 -7 154 35 433
person 0.0062 -4 67 29 326
person 0.0055 138 22 180 111
person 0.0037 207 71 242 125
person 0.0030 -12 178 137 474
person 0.0027 248 20 267 55
person 0.0026 -2 239 52 417
person 0.0023 330 -25 412 182
person 0.0017 215 80 234 111
person 0.0016 470 -6 503 209
person 0.0015 241 57 250 78
person 0.0013 455 6 495 193
person 0.0012 132 -15 190 256
person 0.0012 194 61 253 135
person 0.0011 -6 14 90 382
bottle 0.2242 4 84 28 160
bottle 0.0493 -1 94 5 136
bottle 0.0291 18 96 32 132
bottle 0.0126 7 95 22 135
bottle 0.0096 9 89 35 147
bottle 0.0095 -3 82 12 167
bottle 0.0063 36 95 45 116
bottle 0.0063 16 100 29 146
bottle 0.0053 0 104 7 146
bottle 0.0035 148 65 188 285
bottle 0.0030 20 100 30 117
bottle 0.0017 0 79 2 137
bottle 0.0017 9 97 21 118
bottle 0.0013 147 141 172 168
bottle 0.0011 64 95 80 116
bottle 0.0011 142 133 177 176
bottle 0.0011 64 -91 187 448
bottle 0.0010 64 100 83 127
chair 0.7639 361 160 412 393
chair 0.2064 161 191 329 371
chair 0.1772 -16 86 142 521
chair 0.1339 -12 160 62 426
chair 0.0963 152 99 280 431
chair 0.0586 -2 239 52 417
chair 0.0561 277 119 447 479
chair 0.0435 -34 145 168 367
chair 0.0358 355 117 520 494
chair 0.0191 27 228 53 287
chair 0.0172 300 167 416 385
chair 0.0169 149 181 263 342
chair 0.0149 157 152 419 451
chair 0.0118 238 288 544 416
chair 0.0095 0 218 126 411
chair 0.0055 -3 112 48 319
chair 0.0038 -7 80 39 466
chair 0.0035 -10 33 94 440
chair 0.0034 12 278 52 339
chair 0.0026 -3 89 25 380
chair 0.0012 70 240 574 366
sofa 0.0596 -16 86 142 521
sofa 0.0338 -12 160 62 426
sofa 0.0113 -34 145 168 367
sofa 0.0030 355 117 520 494
sofa 0.0029 -7 80 39 466
sofa 0.0023 0 218 126 411
sofa 0.0015 -2 239 52 417
sofa 0.0015 161 191 329 371
sofa 0.0013 238 288 544 416
diningtable 0.3196 145 218 346 462
diningtable 0.0598 56 210 509 466
diningtable 0.0193 45 218 235 452
diningtable 0.0095 244 274 517 429
diningtable 0.0039 277 119 447 479
diningtable 0.0034 80 103 351 506
diningtable 0.0030 355 117 520 494
diningtable 0.0030 -18 228 438 369
diningtable 0.0029 -5 58 28 300
diningtable 0.0012 -8 136 30 188
diningtable 0.0012 -12 178 137 474
