person 0.0653 29 196 40 217
person 0.0393 82 157 97 171
person 0.0270 102 156 123 172
person 0.0238 21 200 29 216
person 0.0180 5 180 20 218
person 0.0160 32 197 48 217
person 0.0152 8 198 18 217
person 0.0106 -3 173 28 223
person 0.0097 -1 198 11 215
person 0.0084 396 183 422 211
person 0.0055 78 157 91 170
person 0.0048 421 181 437 204
person 0.0038 18 186 31 216
person 0.0035 93 157 108 170
person 0.0020 407 185 423 209
person 0.0012 390 183 408 210
person 0.0012 83 161 95 173
person 0.0010 436 180 455 204
person 0.0010 17 177 50 223
car 0.0714 443 178 476 207
car 0.0566 -1 198 11 215
car 0.0308 396 183 422 211
car 0.0233 483 185 502 207
car 0.0170 412 191 446 210
car 0.0134 429 166 487 217
car 0.0103 469 163 509 214
car 0.0085 366 188 391 211
car 0.0059 61 56 486 231
car 0.0056 467 180 486 203
car 0.0054 27 192 43 214
car 0.0043 379 177 457 216
car 0.0039 32 197 48 217
car 0.0030 475 176 501 206
car 0.0027 436 180 455 204
car 0.0020 -7 174 23 223
car 0.0011 5 180 20 218
car 0.0010 21 200 29 216
car 0.0010 427 181 445 202
car 0.0010 421 181 437 204
aeroplane 0.9996 53 68 465 240
aeroplane 0.0616 -3 173 28 223
aeroplane 0.0270 -15 164 45 234
aeroplane 0.0180 -1 188 13 215
aeroplane 0.0125 37 -11 467 335
aeroplane 0.0084 -33 141 88 248
aeroplane 0.0064 5 180 20 218
aeroplane 0.0029 0 180 13 204
aeroplane 0.0011 412 89 528 224
aeroplane 0.0010 477 165 505 214
bus 0.0087 482 176 502 208
bus 0.0065 477 165 505 214
bus 0.0031 467 148 509 216
bus 0.0016 -1 198 11 215
bus 0.0016 467 104 505 242
bus 0.0013 441 173 479 210
bus 0.0012 409 102 532 246
boat 0.0015 -7 174 23 223
bird 0.0015 -3 173 28 223
