person 0.9870 37 78 405 418
person 0.8589 -31 234 260 402
person 0.7967 288 163 390 584
person 0.7832 9 55 219 584
person 0.1898 180 241 412 488
person 0.0121 8 233 455 428
person 0.0106 211 69 378 575
person 0.0089 314 193 383 362
person 0.0055 282 168 404 381
person 0.0037 349 183 376 379
person 0.0031 -63 131 284 377
person 0.0010 349 214 379 298
bottle 0.0095 131 420 303 536
bottle 0.0091 160 446 241 522
bottle 0.0035 87 395 260 540
bottle 0.0012 198 435 281 522
chair 0.0012 17 295 149 457
chair 0.0011 168 223 344 566
sofa 0.4803 107 252 436 475
sofa 0.0711 11 206 356 517
sofa 0.0675 -68 291 383 607
sofa 0.0242 168 223 344 566
sofa 0.0199 -107 317 463 488
sofa 0.0123 51 131 406 442
sofa 0.0094 -119 239 490 404
sofa 0.0079 287 153 389 566
sofa 0.0071 211 69 378 575
sofa 0.0033 151 298 360 482
sofa 0.0024 299 198 378 356
sofa 0.0022 -31 234 260 402
sofa 0.0016 282 168 404 381
sofa 0.0010 9 55 219 584
pottedplant 0.0012 -8 230 32 359
diningtable 0.1315 -68 291 383 607
diningtable 0.0270 -123 373 440 505
diningtable 0.0043 -23 350 172 583
diningtable 0.0020 97 365 364 570
