person 0.8428 402 127 450 405
person 0.4635 376 137 423 402
person 0.0513 492 155 502 287
person 0.0246 475 126 503 337
person 0.0233 409 156 451 316
person 0.0201 382 188 436 318
person 0.0142 497 188 500 272
person 0.0121 496 179 500 242
person 0.0032 424 194 449 267
person 0.0020 410 179 446 245
person 0.0015 486 213 502 304
person 0.0014 459 181 472 209
person 0.0010 496 170 500 216
bicycle 0.0014 19 179 155 332
bicycle 0.0013 28 222 111 312
car 0.0049 497 188 500 272
car 0.0034 496 179 500 242
car 0.0027 492 154 502 305
