person 0.9999 103 32 331 244
person 0.3957 131 -150 296 409
person 0.0137 208 285 275 351
person 0.0030 140 -6 269 278
bicycle 0.9992 64 136 405 285
bicycle 0.9836 109 -10 362 437
bicycle 0.1178 100 43 367 273
bicycle 0.0041 217 182 538 329
bicycle 0.0018 271 39 491 477
bicycle 0.0010 70 102 373 209
car 0.0119 -2 0 68 27
car 0.0039 10 5 54 23
car 0.0026 79 13 100 24
car 0.0014 68 11 96 25
train 0.0012 -17 -65 111 299
boat 0.0012 69 150 401 302
boat 0.0011 217 182 538 329
cat 0.0013 271 39 491 477
dog 0.9985 291 24 497 494
dog 0.9615 253 184 539 329
dog 0.0045 102 25 372 431
dog 0.0021 69 150 401 302
