person 0.9956 345 11 537 282
person 0.9881 77 6 196 302
person 0.3657 58 -116 223 429
person 0.0236 412 -24 466 97
person 0.0233 69 192 401 366
person 0.0214 30 60 249 247
person 0.0203 118 126 289 261
person 0.0189 -14 76 79 317
person 0.0122 -32 110 120 248
person 0.0119 -3 32 24 288
person 0.0071 397 48 516 347
person 0.0055 4 -30 53 118
person 0.0047 421 243 511 416
person 0.0039 -8 136 30 208
person 0.0037 180 160 264 247
person 0.0036 388 -37 514 240
person 0.0036 6 -7 45 67
person 0.0034 147 131 232 216
person 0.0030 -1 116 14 228
person 0.0026 -2 -90 19 255
person 0.0021 22 152 84 218
person 0.0018 81 49 568 198
person 0.0017 483 14 502 417
person 0.0017 394 -52 535 126
person 0.0015 114 85 590 264
person 0.0015 -6 -63 33 381
person 0.0014 425 98 510 450
person 0.0010 -1 76 8 213
bird 0.0016 -32 110 120 248
cat 0.0016 -32 110 120 248
cat 0.0014 58 209 391 365
cat 0.0014 71 4 192 288
dog 0.0956 65 195 383 363
dog 0.0068 421 243 511 416
dog 0.0053 103 58 342 526
dog 0.0017 121 104 283 258
dog 0.0014 147 131 232 216
dog 0.0013 71 4 192 288
bottle 0.0012 22 152 84 218
bottle 0.0012 0 115 4 174
chair 0.5781 58 209 391 365
chair 0.0567 103 58 342 526
chair 0.0094 102 68 602 242
chair 0.0089 81 48 194 299
chair 0.0030 345 34 540 322
chair 0.0015 58 -116 223 429
chair 0.0015 180 160 264 247
chair 0.0015 149 -50 497 277
chair 0.0012 -26 178 87 324
sofa 0.9888 83 66 566 243
sofa 0.1119 149 -50 497 277
sofa 0.0617 70 208 401 368
sofa 0.0270 345 34 540 322
sofa 0.0076 84 125 568 305
sofa 0.0054 230 27 483 349
sofa 0.0034 103 58 342 526
sofa 0.0013 58 -116 223 429
sofa 0.0011 81 48 194 299
pottedplant 0.0511 -13 98 77 334
pottedplant 0.0111 -7 147 58 285
pottedplant 0.0093 -5 98 30 335
pottedplant 0.0076 -26 124 111 270
pottedplant 0.0034 -22 29 120 414
pottedplant 0.0016 -10 13 40 382
pottedplant 0.0014 -9 159 55 229
pottedplant 0.0013 -22 184 119 324
diningtable 0.4803 -92 217 340 365
diningtable 0.0374 -34 94 281 511
diningtable 0.0023 -87 134 296 338
diningtable 0.0013 103 58 342 526
