person 0.9893 -22 84 304 306
person 0.0283 -19 118 103 392
person 0.0057 159 118 291 272
person 0.0048 -24 26 139 480
person 0.0042 -5 129 31 301
person 0.0039 188 132 247 256
person 0.0022 190 146 226 232
person 0.0010 -57 161 266 330
boat 0.0328 132 40 545 212
boat 0.0015 201 8 471 325
dog 0.0013 -21 148 110 391
horse 0.0129 -25 98 133 462
horse 0.0047 -5 157 34 305
horse 0.0046 -14 136 79 373
horse 0.0044 -49 239 144 376
cow 0.0014 -21 148 110 391
cow 0.0010 -49 239 144 376
chair 0.3510 34 22 223 475
chair 0.1119 -8 156 269 325
chair 0.0528 132 40 545 212
chair 0.0035 -25 98 133 462
chair 0.0021 192 -73 481 249
chair 0.0014 74 110 210 390
chair 0.0010 -5 157 34 305
sofa 0.0025 132 40 545 212
pottedplant 0.0010 266 143 400 288
diningtable 0.0015 131 19 546 184
