person 0.6400 81 85 238 266
person 0.3538 114 121 175 235
person 0.3469 148 110 205 238
person 0.0805 342 15 382 114
person 0.0089 366 161 398 209
person 0.0052 445 155 478 315
person 0.0039 321 -5 364 128
person 0.0037 362 -7 392 104
person 0.0033 272 188 288 208
person 0.0029 50 -22 250 386
person 0.0025 324 17 357 100
person 0.0021 388 160 423 210
person 0.0015 372 171 392 207
person 0.0015 329 -19 385 121
person 0.0012 322 25 344 109
person 0.0012 299 -25 413 147
bottle 0.9119 443 147 477 316
bottle 0.2088 407 219 441 298
bottle 0.1779 462 96 488 211
bottle 0.1731 470 92 505 226
bottle 0.0633 481 99 503 209
bottle 0.0323 426 185 454 276
bottle 0.0270 27 207 64 280
bottle 0.0184 474 142 504 205
bottle 0.0165 413 159 453 310
bottle 0.0097 471 110 504 181
bottle 0.0087 492 118 501 166
bottle 0.0043 470 110 483 157
bottle 0.0041 443 180 475 243
bottle 0.0039 451 103 484 186
bottle 0.0038 435 92 481 216
bottle 0.0034 494 122 500 184
bottle 0.0033 385 210 453 308
bottle 0.0026 450 201 478 297
bottle 0.0019 491 145 500 203
bottle 0.0018 413 138 477 210
bottle 0.0014 465 107 487 167
bottle 0.0011 393 229 426 291
bottle 0.0011 478 124 494 161
pottedplant 0.0044 481 99 503 209
pottedplant 0.0036 470 92 505 226
pottedplant 0.0031 447 89 488 218
diningtable 0.0031 58 191 423 333
tvmonitor 0.9930 63 -20 261 386
tvmonitor 0.9867 206 -3 367 376
tvmonitor 0.2085 0 109 330 259
tvmonitor 0.0424 225 85 356 300
tvmonitor 0.0412 -7 -45 33 141
tvmonitor 0.0128 -13 0 132 303
tvmonitor 0.0083 333 159 457 297
tvmonitor 0.0081 81 85 238 266
tvmonitor 0.0054 466 193 508 322
tvmonitor 0.0010 -9 227 30 275
tvmonitor 0.0010 445 155 478 315
