person 0.9958 -47 57 401 306
person 0.8540 392 121 517 388
person 0.7966 372 171 454 368
person 0.3554 362 18 522 488
person 0.1452 -11 41 71 232
person 0.0167 377 225 435 358
person 0.0084 479 116 505 391
person 0.0050 489 211 502 358
person 0.0029 493 111 501 364
person 0.0026 438 211 510 369
person 0.0021 386 167 443 308
person 0.0012 456 92 511 413
bicycle 0.0023 36 23 318 360
car 0.0015 44 15 362 339
train 0.0038 36 23 318 360
cat 0.0022 -11 41 71 232
bottle 0.0019 -11 41 71 232
chair 0.0037 -23 282 71 350
chair 0.0021 -55 81 348 313
chair 0.0015 -25 268 71 323
sofa 0.0017 47 38 355 345
tvmonitor 0.0014 -11 41 71 232
tvmonitor 0.0011 36 23 318 360
