person 0.0420 237 119 295 181
person 0.0286 253 130 289 170
person 0.0252 -5 127 463 250
person 0.0154 182 116 251 190
person 0.0122 188 129 226 178
person 0.0104 204 137 224 164
person 0.0086 247 130 266 170
person 0.0054 174 148 197 169
person 0.0021 24 14 429 363
person 0.0021 145 153 169 173
person 0.0020 208 127 244 179
person 0.0018 154 121 222 185
person 0.0014 168 133 205 175
person 0.0013 266 123 339 174
person 0.0011 216 137 237 166
car 0.9969 48 -11 431 377
car 0.9878 5 128 477 238
motorbike 0.0026 34 0 442 375
cow 0.0032 5 128 477 238
cow 0.0025 34 0 442 375
