person 0.9942 344 9 538 371
person 0.0020 392 -103 513 494
person 0.0010 390 159 518 430
person 0.0010 284 65 429 280
bottle 0.0036 318 6 332 45
chair 0.0078 341 48 539 372
chair 0.0050 200 299 437 408
chair 0.0030 428 165 511 425
chair 0.0017 23 -23 250 445
chair 0.0017 -4 198 23 424
chair 0.0015 477 137 503 451
chair 0.0012 244 216 415 459
sofa 0.0287 341 48 539 372
sofa 0.0023 428 165 511 425
diningtable 0.0024 -67 230 421 367
tvmonitor 0.4031 23 -23 250 445
tvmonitor 0.1318 -33 142 295 286
tvmonitor 0.0428 97 87 235 318
tvmonitor 0.0290 289 74 396 240
tvmonitor 0.0043 272 3 411 310
tvmonitor 0.0011 374 59 418 216
