person 0.0011 119 56 274 328
car 0.0061 490 70 501 79
bird 0.9747 399 197 532 401
bird 0.2236 426 224 512 373
bird 0.0051 119 56 274 328
bird 0.0023 413 284 521 361
bird 0.0021 75 124 316 221
bird 0.0017 424 78 430 88
bird 0.0013 490 70 501 79
bird 0.0013 460 92 473 117
bird 0.0010 67 59 76 66
cat 0.0015 75 124 316 221
cat 0.0010 119 56 274 328
dog 0.0094 90 122 282 220
dog 0.0073 119 56 274 328
dog 0.0023 193 72 217 88
dog 0.0010 300 78 339 115
horse 0.0092 119 56 274 328
horse 0.0031 90 122 282 220
horse 0.0019 191 72 216 91
sheep 0.9545 300 78 339 115
sheep 0.9442 191 72 216 91
sheep 0.8797 447 87 506 126
sheep 0.8338 456 94 497 119
sheep 0.6739 90 122 282 220
sheep 0.4233 119 56 274 328
sheep 0.2336 67 124 326 276
sheep 0.1583 287 70 344 123
sheep 0.1394 490 70 501 79
sheep 0.0744 460 92 473 117
sheep 0.0288 208 73 216 84
sheep 0.0187 309 89 334 112
sheep 0.0108 321 87 334 108
sheep 0.0062 496 84 500 104
sheep 0.0058 122 128 192 199
sheep 0.0057 449 78 457 91
sheep 0.0044 495 90 500 121
sheep 0.0038 67 59 76 66
sheep 0.0036 268 73 273 81
sheep 0.0028 120 145 271 200
sheep 0.0022 424 78 430 88
sheep 0.0022 316 81 331 94
sheep 0.0021 252 79 261 87
sheep 0.0021 378 77 384 88
sheep 0.0020 324 77 332 90
sheep 0.0018 297 74 303 83
sheep 0.0016 496 75 500 99
sheep 0.0015 184 65 224 100
sheep 0.0012 377 74 384 83
sheep 0.0011 424 75 430 81
sheep 0.0010 462 93 471 104
cow 0.7683 113 77 280 321
cow 0.2292 75 124 316 221
cow 0.0344 447 87 506 126
cow 0.0177 456 94 497 119
cow 0.0133 295 70 344 123
cow 0.0072 490 70 501 79
cow 0.0064 193 72 217 88
cow 0.0047 307 80 335 113
cow 0.0014 460 92 473 117
