person 0.9842 304 160 500 366
person 0.9562 337 85 475 435
person 0.1324 217 166 233 202
person 0.0533 210 161 238 208
person 0.0515 207 167 226 198
person 0.0454 200 162 230 216
person 0.0241 98 136 150 260
person 0.0177 90 163 112 185
person 0.0168 -2 175 15 285
person 0.0132 151 158 166 174
person 0.0112 -2 135 10 269
person 0.0104 0 160 6 203
person 0.0093 247 175 318 250
person 0.0093 -6 134 39 259
person 0.0087 118 131 161 263
person 0.0075 82 162 98 181
person 0.0064 -5 125 23 304
person 0.0062 21 162 43 183
person 0.0057 72 159 92 182
person 0.0055 165 166 191 179
person 0.0045 455 183 477 198
person 0.0043 222 177 290 248
person 0.0043 0 160 25 183
person 0.0041 264 185 302 240
person 0.0040 171 166 204 181
person 0.0035 438 182 456 198
person 0.0034 468 184 482 198
person 0.0032 0 161 9 185
person 0.0028 494 169 500 213
person 0.0028 246 168 281 183
person 0.0027 0 149 3 234
person 0.0026 259 167 286 181
person 0.0024 270 167 297 182
person 0.0023 147 162 170 177
person 0.0023 236 186 274 238
person 0.0022 224 174 240 195
person 0.0021 446 183 466 197
person 0.0020 167 169 189 189
person 0.0020 -14 144 59 202
person 0.0020 -3 111 15 396
person 0.0020 325 167 338 181
person 0.0020 334 172 368 190
person 0.0019 369 171 396 192
person 0.0018 137 142 348 248
person 0.0018 123 153 150 251
person 0.0016 -6 148 30 198
person 0.0016 193 172 222 192
person 0.0016 97 166 119 183
person 0.0015 253 198 276 221
person 0.0015 183 154 247 223
person 0.0015 155 165 182 175
person 0.0015 328 167 354 182
person 0.0015 110 169 130 192
person 0.0014 1 157 23 174
person 0.0014 242 198 267 224
person 0.0014 -1 163 7 354
person 0.0013 213 165 232 185
person 0.0013 270 196 296 223
person 0.0012 14 159 35 173
person 0.0011 173 172 203 188
person 0.0010 283 182 320 246
bicycle 0.0029 -2 140 12 284
car 0.9975 14 177 475 350
car 0.8907 38 131 253 265
car 0.8808 386 119 534 296
car 0.5888 -8 140 52 247
car 0.2766 156 161 237 209
car 0.1988 -26 125 80 262
car 0.1662 -3 167 14 275
car 0.1642 246 168 281 183
car 0.0836 63 159 102 211
car 0.0686 -5 125 23 304
car 0.0511 171 166 204 181
car 0.0431 429 141 510 277
car 0.0365 247 160 339 187
car 0.0365 210 166 296 196
car 0.0362 193 172 222 192
car 0.0359 275 166 311 181
car 0.0306 165 166 191 179
car 0.0301 369 171 396 192
car 0.0253 149 158 224 190
car 0.0246 -14 144 59 202
car 0.0241 270 167 297 182
car 0.0236 488 147 502 257
car 0.0232 107 155 522 200
car 0.0209 184 153 248 214
car 0.0209 241 172 274 186
car 0.0206 0 161 9 185
car 0.0199 61 149 199 211
car 0.0182 176 174 216 191
car 0.0179 259 167 286 181
car 0.0172 173 172 203 188
car 0.0164 207 167 226 198
car 0.0139 275 163 388 195
car 0.0131 303 167 340 184
car 0.0123 21 162 43 183
car 0.0119 323 150 417 211
car 0.0118 54 151 127 229
car 0.0110 174 178 217 201
car 0.0107 -16 136 148 245
car 0.0105 201 160 232 210
car 0.0091 314 158 388 205
car 0.0088 -2 138 10 247
car 0.0077 494 169 500 213
car 0.0073 0 160 6 203
car 0.0071 99 140 267 221
car 0.0069 -1 153 12 177
car 0.0069 204 168 361 193
car 0.0059 69 169 95 199
car 0.0055 496 165 499 256
car 0.0055 368 180 393 200
car 0.0050 118 155 218 206
car 0.0049 328 167 354 182
car 0.0044 1 176 6 267
car 0.0042 334 172 368 190
car 0.0040 97 123 555 259
car 0.0039 167 169 189 189
car 0.0037 363 160 401 204
car 0.0037 12 152 49 195
car 0.0036 155 165 182 175
car 0.0035 0 151 3 253
car 0.0033 196 177 219 203
car 0.0032 217 166 233 202
car 0.0030 215 167 529 357
car 0.0027 65 151 157 196
car 0.0026 -2 135 16 212
car 0.0026 196 167 218 182
car 0.0025 194 192 215 211
car 0.0025 1 157 23 174
car 0.0024 329 173 354 187
car 0.0023 224 174 240 195
car 0.0022 352 165 444 200
car 0.0020 -28 80 147 305
car 0.0020 15 144 112 221
car 0.0020 13 158 48 174
car 0.0020 -3 111 15 396
car 0.0019 0 148 3 275
car 0.0019 472 131 506 269
car 0.0018 154 145 216 248
car 0.0017 388 177 426 191
car 0.0017 140 151 460 236
car 0.0017 267 173 301 184
car 0.0016 348 174 368 192
car 0.0015 -6 148 30 198
car 0.0014 0 160 25 183
car 0.0013 83 157 119 206
car 0.0013 72 159 92 182
car 0.0011 173 152 299 198
car 0.0010 347 167 372 180
car 0.0010 -1 163 7 354
car 0.0010 14 159 35 173
motorbike 0.0029 -5 125 23 304
motorbike 0.0029 -2 140 12 284
motorbike 0.0014 -6 134 39 259
bus 0.0049 49 99 238 296
chair 0.0079 100 157 145 265
chair 0.0016 93 184 131 255
