person 0.9994 -17 73 418 361
person 0.4761 205 54 301 263
person 0.0492 144 90 366 354
person 0.0415 207 58 267 194
person 0.0099 178 -58 343 418
person 0.0036 434 94 508 415
person 0.0019 240 20 351 372
person 0.0018 337 25 537 353
car 0.0018 63 27 351 370
bus 0.0173 74 -7 490 379
train 0.0722 74 -7 490 379
train 0.0042 -12 74 416 328
bottle 0.1487 90 198 164 421
bottle 0.0062 99 281 163 405
bottle 0.0023 32 13 338 383
bottle 0.0017 62 247 188 422
chair 0.0063 -32 267 101 422
tvmonitor 0.0134 63 27 351 370
