person 0.8941 143 164 174 206
person 0.8587 124 163 157 205
person 0.7633 91 171 111 197
person 0.6670 111 168 131 198
person 0.3252 159 161 191 208
person 0.3219 106 159 139 203
person 0.3003 101 179 118 198
person 0.2870 163 168 179 197
person 0.2618 196 169 210 198
person 0.2214 119 164 138 198
person 0.1998 22 155 121 212
person 0.1989 167 179 186 204
person 0.0882 110 156 168 212
person 0.0557 15 178 37 199
person 0.0432 183 158 214 211
person 0.0339 128 156 189 213
person 0.0334 192 169 205 183
person 0.0210 -4 134 15 210
person 0.0205 -39 99 258 294
person 0.0186 -10 152 57 211
person 0.0185 169 167 187 181
person 0.0177 84 170 103 197
person 0.0159 -1 161 9 201
person 0.0153 15 220 33 241
person 0.0153 53 166 70 181
person 0.0148 147 150 208 218
person 0.0140 84 164 119 202
person 0.0132 197 168 208 184
person 0.0121 138 181 156 200
person 0.0119 -27 142 278 222
person 0.0111 7 161 42 203
person 0.0104 47 168 76 196
person 0.0080 178 167 194 179
person 0.0078 -4 157 31 206
person 0.0069 176 183 193 204
person 0.0067 0 129 5 198
person 0.0063 164 169 177 184
person 0.0062 6 167 25 201
person 0.0057 122 177 137 202
person 0.0057 190 175 206 206
person 0.0057 63 162 102 201
person 0.0053 68 164 92 183
person 0.0050 34 161 72 204
person 0.0050 29 181 55 199
person 0.0043 57 180 85 199
person 0.0041 168 158 205 211
person 0.0040 76 160 144 207
person 0.0032 129 167 146 183
person 0.0032 170 188 187 210
person 0.0027 43 164 66 183
person 0.0026 41 181 66 200
person 0.0026 240 136 269 151
person 0.0025 0 174 6 205
person 0.0024 0 169 85 209
person 0.0023 11 142 52 203
person 0.0022 -34 130 133 228
person 0.0016 50 181 74 198
person 0.0015 92 169 126 210
person 0.0014 0 208 5 249
person 0.0012 3 122 68 206
person 0.0011 60 164 85 182
person 0.0010 0 133 3 176
person 0.0010 178 166 196 198
person 0.0010 154 170 166 183
person 0.0010 16 162 33 187
boat 0.7809 -93 19 336 221
boat 0.7014 240 136 269 151
boat 0.2548 318 141 327 152
boat 0.1980 -36 90 280 301
boat 0.1035 237 107 272 162
boat 0.0119 321 142 338 153
boat 0.0107 294 151 304 157
boat 0.0099 245 123 264 152
boat 0.0084 253 140 267 150
boat 0.0070 325 147 338 153
boat 0.0067 -6 -78 103 283
boat 0.0063 240 140 256 149
boat 0.0048 221 124 288 161
boat 0.0045 -44 15 173 205
boat 0.0038 292 152 300 157
boat 0.0038 -15 -159 144 372
boat 0.0032 -135 168 354 260
boat 0.0029 -45 154 297 232
boat 0.0014 298 142 306 150
boat 0.0013 -5 -110 37 312
boat 0.0012 235 55 280 182
boat 0.0010 0 208 5 249
bird 0.0043 273 216 290 232
