person 0.9997 258 26 554 307
person 0.9957 74 105 407 319
person 0.9878 -26 141 244 322
person 0.8544 185 66 461 288
person 0.6550 16 -30 200 497
person 0.0291 236 74 320 318
person 0.0157 136 26 349 458
person 0.0125 226 -67 411 412
person 0.0122 127 30 233 398
person 0.0095 39 106 93 211
person 0.0091 250 138 307 292
person 0.0042 137 60 229 251
person 0.0034 235 94 292 256
person 0.0026 -13 113 102 391
person 0.0016 180 212 226 368
person 0.0016 208 138 509 334
person 0.0014 22 77 150 388
person 0.0010 258 49 371 341
car 0.0034 187 45 548 296
motorbike 0.0010 199 84 514 319
bus 0.0032 185 66 461 288
bus 0.0018 258 20 550 265
bottle 0.0062 346 125 379 193
bottle 0.0060 166 70 222 204
bottle 0.0030 357 93 424 154
bottle 0.0025 373 64 400 128
bottle 0.0024 353 137 371 161
bottle 0.0024 236 62 307 132
bottle 0.0017 353 65 387 209
bottle 0.0011 247 73 280 118
chair 0.0123 187 45 548 296
sofa 0.0147 187 45 548 296
diningtable 0.0018 199 84 514 319
