person 0.3175 461 133 492 229
person 0.0707 463 140 494 189
person 0.0258 464 112 504 247
person 0.0229 477 144 493 180
person 0.0175 468 155 483 186
person 0.0100 488 147 500 176
person 0.0083 490 182 500 207
person 0.0081 453 159 481 224
person 0.0077 491 159 499 185
person 0.0066 476 158 493 186
person 0.0060 455 129 514 199
person 0.0051 479 134 505 191
person 0.0041 461 170 476 214
person 0.0028 433 136 502 227
person 0.0027 156 209 181 234
person 0.0019 483 166 504 240
person 0.0013 472 153 498 228
person 0.0011 0 180 8 220
person 0.0011 476 171 493 191
person 0.0010 468 166 479 218
bicycle 0.0013 490 182 500 207
car 0.0964 -41 181 138 287
car 0.0199 -36 196 122 248
car 0.0174 -40 163 307 308
car 0.0139 7 211 231 248
car 0.0136 -46 203 333 264
car 0.0134 52 212 132 247
car 0.0134 13 204 108 242
car 0.0127 -97 188 232 256
car 0.0098 -9 178 55 299
car 0.0073 202 185 398 291
car 0.0069 -3 192 20 269
car 0.0065 0 213 13 247
car 0.0059 403 246 473 288
car 0.0037 0 203 11 237
car 0.0030 67 221 118 235
car 0.0028 112 198 205 243
car 0.0026 346 204 517 309
car 0.0025 38 215 84 232
car 0.0024 0 217 9 261
car 0.0021 357 214 440 264
car 0.0018 30 209 152 238
car 0.0017 420 255 458 280
car 0.0017 -27 128 158 345
car 0.0016 -34 210 101 266
car 0.0015 0 191 8 232
car 0.0010 400 239 511 294
car 0.0010 0 180 8 220
car 0.0010 6 207 281 299
bus 0.0053 -2 9 559 314
bus 0.0022 -4 112 452 250
train 0.9628 33 110 471 250
train 0.9357 -34 16 534 337
train 0.0069 -40 163 307 308
train 0.0044 312 26 501 277
train 0.0023 -39 122 137 231
train 0.0023 -37 49 164 266
train 0.0010 464 112 504 247
