person 0.9996 19 66 380 288
person 0.3622 -10 109 111 327
person 0.0288 -24 42 130 437
person 0.0079 -36 98 118 222
person 0.0024 -5 41 19 237
person 0.0021 -3 92 14 212
person 0.0016 -62 147 168 336
person 0.0014 -3 79 22 351
bottle 0.8061 458 211 507 369
bottle 0.3101 55 131 69 166
bottle 0.2201 76 129 89 169
bottle 0.1146 468 179 505 327
bottle 0.0913 49 134 61 164
bottle 0.0366 482 201 504 314
bottle 0.0153 64 136 76 165
bottle 0.0105 78 241 206 375
bottle 0.0069 304 159 333 223
bottle 0.0051 314 237 431 376
bottle 0.0040 491 220 499 276
bottle 0.0036 72 114 93 205
bottle 0.0032 48 126 77 173
bottle 0.0030 370 131 508 422
bottle 0.0023 417 207 531 379
bottle 0.0019 488 209 501 363
bottle 0.0014 80 137 95 165
bottle 0.0012 94 157 105 184
bottle 0.0012 486 180 503 277
bottle 0.0011 494 208 501 250
bottle 0.0011 460 54 507 452
bottle 0.0010 79 156 102 189
chair 0.8970 4 143 125 324
chair 0.6116 -24 42 130 437
chair 0.4354 -21 136 105 203
chair 0.3193 -36 98 118 222
chair 0.0627 78 140 158 188
chair 0.0519 -3 92 14 212
chair 0.0151 -7 82 23 226
chair 0.0149 118 108 182 171
chair 0.0146 -39 206 123 372
chair 0.0136 47 104 203 210
chair 0.0075 17 79 385 300
chair 0.0070 -53 149 177 244
chair 0.0053 134 117 175 160
chair 0.0050 -13 114 82 357
chair 0.0047 -4 129 22 378
chair 0.0039 -1 170 7 364
chair 0.0038 -24 258 87 365
chair 0.0035 267 104 467 385
chair 0.0029 0 108 6 157
chair 0.0029 283 170 301 306
chair 0.0026 -37 164 142 211
chair 0.0026 115 152 141 176
chair 0.0024 461 121 506 272
chair 0.0023 103 186 122 211
chair 0.0018 240 251 254 284
chair 0.0018 97 152 126 175
chair 0.0016 47 145 119 195
chair 0.0015 104 162 121 182
chair 0.0015 -2 237 11 355
chair 0.0015 -5 250 37 366
chair 0.0015 276 168 315 306
chair 0.0013 -17 56 87 258
chair 0.0013 -11 91 64 216
chair 0.0013 79 156 102 189
chair 0.0012 111 163 125 181
chair 0.0012 -94 119 230 205
chair 0.0011 0 102 4 179
chair 0.0011 70 158 91 186
chair 0.0010 -46 192 475 399
sofa 0.1284 -15 44 133 387
sofa 0.0661 -35 89 107 225
sofa 0.0093 -43 122 149 310
sofa 0.0055 -3 92 14 212
sofa 0.0044 -21 136 105 203
sofa 0.0044 -12 62 81 291
sofa 0.0035 -7 82 23 226
sofa 0.0031 47 104 203 210
pottedplant 0.0016 74 151 147 211
pottedplant 0.0010 -2 56 11 190
diningtable 0.6212 -32 192 540 400
diningtable 0.0743 -43 122 149 310
diningtable 0.0307 -24 42 130 437
diningtable 0.0246 -15 143 87 363
diningtable 0.0176 -53 120 224 203
diningtable 0.0148 57 136 164 189
diningtable 0.0135 142 253 411 369
diningtable 0.0132 74 151 147 211
diningtable 0.0083 29 122 179 227
diningtable 0.0079 -36 98 118 222
diningtable 0.0074 19 226 492 319
diningtable 0.0052 -3 79 22 351
diningtable 0.0051 -1 180 14 197
diningtable 0.0051 279 86 518 406
diningtable 0.0029 103 186 122 211
diningtable 0.0026 -4 178 27 198
diningtable 0.0022 104 180 120 199
diningtable 0.0021 370 131 508 422
diningtable 0.0019 -15 166 46 210
diningtable 0.0018 29 162 152 200
diningtable 0.0015 43 140 162 167
diningtable 0.0013 -38 161 125 214
diningtable 0.0012 -1 129 11 270
