person 0.9989 -9 178 302 370
person 0.1341 43 179 58 207
person 0.0618 40 37 246 507
person 0.0310 46 186 63 212
person 0.0072 65 75 146 473
person 0.0068 38 170 67 218
person 0.0026 53 194 63 208
person 0.0026 42 249 116 307
person 0.0022 41 180 53 202
person 0.0011 313 214 472 464
car 0.2765 288 123 472 421
car 0.0048 224 231 372 367
car 0.0047 264 189 493 354
car 0.0038 432 202 507 424
car 0.0027 175 161 397 442
car 0.0016 418 219 514 280
car 0.0014 490 235 500 265
car 0.0010 404 166 529 307
bus 0.0131 289 125 490 416
boat 0.0864 38 144 53 151
boat 0.0262 288 123 472 421
boat 0.0133 -7 215 330 366
boat 0.0106 44 144 54 150
boat 0.0077 -13 -88 69 332
boat 0.0058 38 179 464 371
boat 0.0040 175 161 397 442
boat 0.0031 43 179 58 207
boat 0.0020 45 147 53 152
boat 0.0012 224 231 372 367
boat 0.0012 67 143 345 482
boat 0.0011 88 146 99 155
boat 0.0011 -44 -5 150 309
boat 0.0011 38 170 67 218
boat 0.0010 46 186 63 212
dog 0.9955 290 246 492 432
bottle 0.0045 112 282 122 311
chair 0.4618 -7 215 330 366
chair 0.2794 202 263 251 405
chair 0.2481 71 110 266 513
chair 0.1828 123 239 284 425
chair 0.1147 95 210 195 416
chair 0.0630 432 202 507 424
chair 0.0600 -27 176 94 325
chair 0.0497 288 123 472 421
chair 0.0174 -5 190 60 311
chair 0.0144 218 234 379 379
chair 0.0134 -4 221 33 296
chair 0.0124 -16 168 118 423
chair 0.0051 84 73 116 389
chair 0.0035 78 309 101 385
chair 0.0034 47 240 56 284
chair 0.0031 340 194 479 355
chair 0.0030 28 118 116 323
chair 0.0027 -18 159 208 492
chair 0.0027 271 252 331 362
chair 0.0025 69 123 112 338
chair 0.0024 217 278 248 357
chair 0.0021 49 105 129 405
chair 0.0020 79 262 97 278
chair 0.0016 371 199 424 346
chair 0.0016 67 143 426 464
chair 0.0016 253 248 305 369
chair 0.0013 -4 147 28 330
chair 0.0013 23 278 227 413
chair 0.0013 153 225 204 359
chair 0.0013 145 154 255 400
chair 0.0012 260 307 364 343
chair 0.0012 -3 205 17 295
chair 0.0011 46 186 63 212
chair 0.0010 -60 172 185 372
chair 0.0010 42 161 101 313
chair 0.0010 228 283 245 329
chair 0.0010 42 249 117 293
sofa 0.0944 432 202 507 424
sofa 0.0022 289 125 490 416
sofa 0.0011 71 110 266 513
sofa 0.0010 -7 215 330 366
pottedplant 0.1892 290 155 471 238
pottedplant 0.0243 285 172 456 216
pottedplant 0.0178 409 187 430 202
pottedplant 0.0106 370 172 448 216
pottedplant 0.0039 288 123 472 421
pottedplant 0.0025 393 183 422 205
pottedplant 0.0020 386 183 409 204
pottedplant 0.0017 411 189 441 207
pottedplant 0.0010 367 184 392 204
diningtable 0.9310 -24 158 134 493
diningtable 0.1542 -16 232 118 422
diningtable 0.0119 -30 154 96 325
diningtable 0.0060 -48 234 152 358
diningtable 0.0025 42 121 241 498
diningtable 0.0024 -7 165 64 314
diningtable 0.0020 46 186 63 212
diningtable 0.0016 -32 213 323 363
diningtable 0.0013 289 125 490 416
diningtable 0.0010 436 244 510 418
diningtable 0.0010 -11 244 55 417
tvmonitor 0.0013 288 123 472 421
