person 0.9902 205 12 313 469
person 0.9844 400 131 514 377
person 0.9521 174 114 343 367
person 0.4692 356 46 517 494
person 0.0297 326 183 543 367
person 0.0279 419 -25 515 461
person 0.0143 414 54 526 197
person 0.0090 35 136 232 489
person 0.0048 83 137 96 168
person 0.0035 47 165 65 196
person 0.0026 35 140 51 166
person 0.0024 361 161 494 418
person 0.0024 279 234 343 402
person 0.0013 478 166 503 419
person 0.0011 36 147 52 176
person 0.0010 -2 329 17 398
person 0.0010 28 130 58 180
bicycle 0.0021 90 145 237 487
cat 0.0028 414 54 526 197
cat 0.0011 396 126 516 449
dog 0.0231 414 54 526 197
dog 0.0024 278 243 344 416
horse 0.0072 414 54 526 197
bottle 0.9702 449 265 484 409
bottle 0.6595 423 296 457 396
bottle 0.1219 103 239 114 277
bottle 0.1049 113 257 142 303
bottle 0.0979 429 261 470 409
bottle 0.0893 98 239 109 278
bottle 0.0635 472 264 504 408
bottle 0.0278 449 290 482 343
bottle 0.0256 481 302 503 391
bottle 0.0204 442 287 467 387
bottle 0.0195 390 324 421 393
bottle 0.0134 459 283 488 373
bottle 0.0127 428 299 449 332
bottle 0.0098 466 296 483 335
bottle 0.0090 454 295 476 334
bottle 0.0080 495 311 500 379
bottle 0.0078 492 289 500 325
bottle 0.0072 96 230 122 285
bottle 0.0072 429 286 464 330
bottle 0.0069 433 293 459 321
bottle 0.0063 448 299 467 334
bottle 0.0048 433 284 499 347
bottle 0.0046 419 278 476 338
bottle 0.0043 423 293 454 340
bottle 0.0040 109 248 125 274
bottle 0.0038 445 314 465 337
bottle 0.0036 372 318 405 391
bottle 0.0031 491 320 500 353
bottle 0.0028 374 246 530 420
bottle 0.0026 427 311 450 339
bottle 0.0026 479 290 504 346
bottle 0.0025 112 266 129 291
bottle 0.0023 53 274 64 303
bottle 0.0023 435 301 458 330
bottle 0.0022 437 316 457 335
bottle 0.0019 110 257 128 277
bottle 0.0017 447 325 460 367
bottle 0.0014 478 187 502 441
bottle 0.0014 483 304 501 333
bottle 0.0013 494 341 500 386
bottle 0.0013 399 322 438 388
bottle 0.0012 386 300 436 403
bottle 0.0012 430 292 465 363
bottle 0.0011 495 279 500 321
chair 0.8899 90 145 237 487
chair 0.8127 104 228 229 409
chair 0.3811 -29 300 100 406
chair 0.3129 356 163 470 418
chair 0.2455 178 91 388 376
chair 0.2008 346 72 519 516
chair 0.0702 -10 213 78 419
chair 0.0276 316 204 552 372
chair 0.0162 11 267 48 302
chair 0.0134 359 237 395 417
chair 0.0062 409 109 518 430
chair 0.0049 -15 141 142 485
chair 0.0045 95 214 169 297
chair 0.0039 44 328 136 396
chair 0.0039 18 295 270 408
chair 0.0038 -44 246 219 336
chair 0.0032 269 -88 373 523
chair 0.0030 -66 293 189 409
chair 0.0029 364 314 397 393
chair 0.0026 -6 225 54 371
chair 0.0023 -4 214 28 409
chair 0.0021 166 234 227 361
chair 0.0020 -29 232 165 393
chair 0.0020 155 196 352 464
chair 0.0017 40 262 100 307
chair 0.0016 6 257 57 313
chair 0.0015 -2 238 12 376
chair 0.0015 202 66 317 470
chair 0.0014 86 214 230 321
chair 0.0014 27 181 143 411
chair 0.0011 278 243 344 416
chair 0.0011 133 265 198 331
chair 0.0010 41 233 97 389
chair 0.0010 334 243 487 384
sofa 0.3683 -29 300 100 406
sofa 0.3438 346 72 519 516
sofa 0.1358 359 158 471 396
sofa 0.0449 326 183 543 367
sofa 0.0133 -10 213 78 419
sofa 0.0065 395 118 518 421
sofa 0.0037 184 127 370 371
sofa 0.0020 278 243 344 416
sofa 0.0014 238 74 413 375
sofa 0.0013 -66 293 189 409
sofa 0.0011 -4 214 28 409
diningtable 0.4574 -5 154 210 472
diningtable 0.0827 354 212 525 455
diningtable 0.0243 -44 246 219 336
diningtable 0.0146 345 286 556 414
diningtable 0.0106 -29 300 100 406
diningtable 0.0022 -54 238 308 370
diningtable 0.0014 90 145 237 487
diningtable 0.0013 312 329 557 396
diningtable 0.0010 -29 232 165 393
tvmonitor 0.0363 95 214 169 297
tvmonitor 0.0134 82 197 214 320
tvmonitor 0.0044 356 46 517 494
