person 0.9509 130 90 233 349
person 0.5081 160 122 184 194
person 0.2789 168 132 186 161
person 0.1196 215 125 227 150
person 0.1079 225 123 253 209
person 0.0911 222 124 234 151
person 0.0359 163 144 175 188
person 0.0334 235 138 246 159
person 0.0306 181 135 196 160
person 0.0238 115 10 252 415
person 0.0208 106 106 118 136
person 0.0171 194 132 204 165
person 0.0116 149 115 212 200
person 0.0111 -50 365 492 489
person 0.0103 222 126 232 141
person 0.0103 107 119 253 280
person 0.0064 108 77 137 145
person 0.0053 240 139 249 159
person 0.0049 114 91 129 130
person 0.0036 115 106 127 136
person 0.0035 100 109 113 134
person 0.0032 205 153 217 177
person 0.0029 111 97 121 128
person 0.0028 232 137 246 176
person 0.0024 240 135 250 181
person 0.0024 30 232 416 633
person 0.0020 213 136 225 155
person 0.0019 223 134 235 158
person 0.0018 195 126 205 154
person 0.0017 212 117 244 161
person 0.0015 179 142 201 170
person 0.0015 289 -44 399 99
person 0.0014 123 154 136 178
person 0.0014 173 126 205 174
person 0.0014 123 117 139 138
person 0.0014 116 89 132 110
person 0.0012 158 143 168 177
person 0.0012 314 -28 380 84
person 0.0012 231 129 241 153
person 0.0012 142 123 161 153
person 0.0011 28 165 63 230
person 0.0010 101 93 128 146
person 0.0010 116 115 131 140
bicycle 0.0505 131 157 245 385
bicycle 0.0462 111 50 252 460
bicycle 0.0047 28 165 63 230
bicycle 0.0037 163 144 175 188
bicycle 0.0010 163 166 178 188
car 0.0012 77 128 198 268
motorbike 0.9768 125 148 237 374
motorbike 0.1318 111 50 252 460
motorbike 0.0025 154 169 228 318
motorbike 0.0024 136 156 182 282
motorbike 0.0013 162 220 240 308
motorbike 0.0011 163 144 175 188
motorbike 0.0011 141 184 179 249
boat 0.0015 -64 449 179 520
boat 0.0013 -109 365 496 492
horse 0.0038 -50 365 492 489
horse 0.0038 149 115 212 200
horse 0.0034 161 119 193 194
cow 0.0011 -50 365 492 489
