person 0.0583 359 195 379 219
person 0.0210 310 176 434 265
person 0.0145 353 186 387 241
person 0.0052 351 196 374 217
person 0.0041 427 201 441 225
person 0.0036 369 195 388 217
person 0.0032 324 185 398 243
person 0.0012 369 182 406 247
person 0.0010 341 201 362 223
bicycle 0.0026 312 177 443 265
car 0.0020 301 165 448 274
motorbike 0.9450 301 165 448 274
motorbike 0.0044 329 181 412 249
chair 0.1814 107 175 168 294
chair 0.0029 61 162 191 308
chair 0.0014 12 211 113 276
chair 0.0013 -14 196 151 287
