person 0.1018 9 -9 430 285
person 0.0763 -4 39 25 353
person 0.0151 197 -21 379 357
person 0.0056 148 13 501 260
person 0.0023 133 -27 221 80
person 0.0022 -5 -155 28 430
person 0.0022 99 -20 333 355
person 0.0014 -1 91 44 342
person 0.0013 -1 -103 16 341
person 0.0010 362 -31 531 86
bicycle 0.9745 27 0 486 338
bicycle 0.0096 426 113 510 314
bicycle 0.0055 -4 130 32 332
bicycle 0.0049 334 38 539 285
bicycle 0.0046 414 50 525 193
bicycle 0.0030 -63 28 317 291
bicycle 0.0020 -6 90 57 336
bicycle 0.0018 94 52 409 271
bicycle 0.0010 125 -35 229 86
bicycle 0.0010 307 35 517 458
car 0.0062 35 -10 472 290
car 0.0020 362 -31 531 86
car 0.0017 -63 28 317 291
motorbike 0.0088 35 -10 472 290
motorbike 0.0024 414 50 525 193
motorbike 0.0022 334 38 539 285
motorbike 0.0013 22 110 496 352
aeroplane 0.0019 10 4 438 330
bus 0.0226 35 -10 472 290
train 0.0103 35 -10 472 290
boat 0.0092 35 -10 472 290
boat 0.0010 40 -61 125 185
dog 0.0044 -3 16 23 339
horse 0.0014 -3 -11 20 328
cow 0.0011 -3 16 23 339
bottle 0.0376 163 265 192 324
bottle 0.0205 174 261 202 326
bottle 0.0039 186 270 202 321
bottle 0.0022 197 -21 379 357
bottle 0.0022 417 89 519 180
bottle 0.0020 447 106 467 136
bottle 0.0018 62 -8 499 287
bottle 0.0015 438 97 474 167
bottle 0.0013 222 89 251 154
bottle 0.0013 204 89 245 156
bottle 0.0013 494 100 500 162
bottle 0.0011 150 254 219 335
chair 0.0597 45 -8 509 338
chair 0.0288 222 89 251 154
chair 0.0089 189 76 262 169
chair 0.0063 181 40 340 193
chair 0.0058 229 -6 322 285
chair 0.0051 204 89 245 156
chair 0.0049 -4 69 28 352
chair 0.0046 225 97 247 129
chair 0.0038 426 113 510 314
chair 0.0037 215 85 291 160
chair 0.0032 132 14 437 251
chair 0.0020 -63 28 317 291
chair 0.0019 236 77 274 133
chair 0.0014 250 49 311 187
chair 0.0012 334 38 539 285
chair 0.0011 111 70 261 172
sofa 0.0020 16 44 433 343
diningtable 0.0728 62 -8 499 287
diningtable 0.0191 22 110 496 352
diningtable 0.0023 -38 186 603 396
tvmonitor 0.0019 362 -31 531 86
