person 0.1067 400 246 418 277
person 0.0134 393 241 427 295
person 0.0066 393 252 405 270
person 0.0053 272 237 292 262
person 0.0043 377 232 439 307
person 0.0036 409 252 423 285
person 0.0032 136 106 490 477
person 0.0027 385 181 443 322
person 0.0026 16 262 30 280
person 0.0024 18 266 29 290
person 0.0024 88 229 534 351
person 0.0023 412 245 423 276
person 0.0023 -1 267 3 327
person 0.0018 0 241 2 336
person 0.0016 238 245 267 261
person 0.0013 5 260 24 280
person 0.0013 26 250 38 266
person 0.0012 491 184 502 335
person 0.0011 233 240 256 262
person 0.0011 0 252 6 287
person 0.0011 381 161 475 342
person 0.0010 391 253 409 280
car 0.9817 109 96 486 483
car 0.9607 73 230 524 348
car 0.9249 100 239 177 319
car 0.7364 48 230 153 331
car 0.5515 -40 217 126 347
car 0.1542 140 251 174 302
car 0.1173 109 249 155 309
car 0.0742 -1 267 3 327
car 0.0602 -2 240 9 337
car 0.0415 -5 231 33 346
car 0.0265 0 241 2 336
car 0.0106 160 257 171 298
car 0.0091 78 225 208 330
car 0.0063 157 243 178 315
car 0.0020 0 252 6 287
car 0.0017 147 259 171 285
car 0.0011 73 252 87 266
car 0.0011 128 242 185 303
bus 0.0031 28 226 159 335
bus 0.0013 -35 214 110 350
bus 0.0010 88 229 534 351
horse 0.0018 386 176 439 301
horse 0.0012 362 162 494 311
pottedplant 0.0245 392 109 526 279
pottedplant 0.0011 419 130 491 266
pottedplant 0.0010 59 242 71 263
