person 0.0020 -42 438 97 527
cat 0.9807 129 12 300 138
cat 0.0046 148 -38 293 210
cat 0.0016 222 120 263 247
bottle 0.0491 225 127 269 241
bottle 0.0127 226 287 267 380
bottle 0.0051 193 385 234 450
bottle 0.0021 240 390 275 440
bottle 0.0015 200 124 238 246
bottle 0.0013 197 138 223 237
bottle 0.0012 215 141 243 234
chair 0.8542 -30 294 230 500
chair 0.1461 -5 220 98 561
chair 0.1173 2 379 209 561
chair 0.0261 -42 438 97 527
chair 0.0115 3 210 34 548
chair 0.0074 18 133 187 680
chair 0.0036 -80 411 246 538
chair 0.0013 92 390 219 546
chair 0.0010 131 411 194 529
sofa 0.0055 2 379 209 561
sofa 0.0028 -42 438 97 527
pottedplant 0.0080 -6 182 45 306
diningtable 0.0231 2 379 209 561
diningtable 0.0177 -36 220 118 329
diningtable 0.0074 -7 209 96 548
diningtable 0.0030 0 223 51 560
