person 0.9994 73 -9 355 347
person 0.0303 -21 69 452 324
person 0.0021 60 219 69 242
person 0.0013 65 226 77 252
car 0.0034 53 19 370 367
bus 0.0013 45 -32 383 307
train 0.0186 45 -32 383 307
boat 0.0011 53 19 370 367
bottle 0.0031 45 -32 383 307
chair 0.0264 307 126 522 439
chair 0.0047 54 141 155 370
chair 0.0027 -14 67 140 468
chair 0.0016 62 23 422 368
chair 0.0012 -94 211 589 328
chair 0.0011 -12 95 507 453
sofa 0.1419 -12 95 507 453
sofa 0.0664 -94 211 589 328
sofa 0.0349 62 23 422 368
sofa 0.0085 307 126 522 439
sofa 0.0069 32 167 459 341
pottedplant 0.0015 45 -32 383 307
diningtable 0.0091 307 126 522 439
diningtable 0.0040 -12 95 507 453
tvmonitor 0.0079 45 -32 383 307
