car 0.0972 308 135 337 158
car 0.0408 281 123 345 168
car 0.0171 9 138 162 255
car 0.0142 292 131 317 161
car 0.0088 4 51 137 184
car 0.0056 33 75 69 156
car 0.0038 347 132 377 155
car 0.0033 367 132 392 154
car 0.0033 330 121 394 165
car 0.0024 43 87 123 161
car 0.0020 52 161 148 226
car 0.0020 248 164 431 311
car 0.0015 29 109 144 319
car 0.0013 257 91 419 187
car 0.0013 69 128 93 142
car 0.0011 60 60 114 176
aeroplane 0.0044 9 138 162 255
bus 0.0013 9 138 162 255
dog 0.9973 340 22 514 430
dog 0.9710 345 112 480 332
dog 0.0013 198 152 537 470
chair 0.0022 188 146 544 504
sofa 0.6997 198 152 537 470
sofa 0.3330 144 231 583 378
diningtable 0.0057 188 146 544 504
