person 0.9853 137 -55 264 250
person 0.9806 93 5 310 193
person 0.9334 113 -170 285 364
person 0.7414 242 -69 500 157
person 0.0561 111 -29 187 64
person 0.0239 -3 48 22 346
person 0.0141 -4 -97 31 378
person 0.0125 243 -41 356 168
person 0.0066 169 13 572 146
person 0.0050 218 -25 458 70
person 0.0041 63 37 378 262
person 0.0026 445 -48 508 359
person 0.0020 301 -37 524 100
person 0.0019 -11 -48 68 287
person 0.0016 211 -39 344 95
person 0.0015 255 17 544 299
person 0.0014 252 -13 308 144
person 0.0013 96 -120 400 276
person 0.0011 354 -31 473 126
person 0.0010 212 -48 313 180
bicycle 0.0082 85 -132 289 302
bicycle 0.0081 56 6 317 167
car 0.0012 56 6 317 167
motorbike 0.0051 56 6 317 167
motorbike 0.0031 85 -132 289 302
boat 0.0034 85 -132 289 302
boat 0.0021 50 13 326 182
cat 0.0050 -3 48 22 346
cat 0.0013 68 56 406 364
dog 0.9874 66 30 409 361
dog 0.0426 242 -28 359 196
dog 0.0162 -3 48 22 346
dog 0.0067 113 -170 285 364
dog 0.0043 80 18 421 197
dog 0.0030 252 -13 308 144
dog 0.0023 207 -96 363 297
dog 0.0018 264 65 523 298
dog 0.0016 235 -108 432 236
bottle 0.0213 491 -5 502 104
bottle 0.0089 111 -29 187 64
bottle 0.0077 460 -56 505 366
bottle 0.0067 494 15 501 81
bottle 0.0019 496 6 500 71
bottle 0.0010 476 -59 504 140
chair 0.0457 242 -69 500 157
chair 0.0135 264 65 523 298
chair 0.0078 85 -132 289 302
chair 0.0069 56 6 317 167
chair 0.0040 445 -48 508 359
chair 0.0023 -22 -111 150 337
chair 0.0015 169 13 572 146
chair 0.0011 111 -29 187 64
sofa 0.0065 242 -69 500 157
sofa 0.0029 445 -48 508 359
sofa 0.0028 264 65 523 298
sofa 0.0020 85 -132 289 302
sofa 0.0019 56 6 317 167
sofa 0.0012 118 -9 374 398
pottedplant 0.0388 446 -46 508 330
pottedplant 0.0019 449 3 507 194
diningtable 0.0667 264 65 523 298
diningtable 0.0110 113 -198 287 369
diningtable 0.0045 242 -69 500 157
diningtable 0.0025 56 6 317 167
