person 0.4622 77 210 87 246
person 0.1630 31 214 42 249
person 0.0960 58 216 68 242
person 0.0757 66 217 76 242
person 0.0703 88 215 97 244
person 0.0176 2 206 8 221
person 0.0147 0 209 11 231
person 0.0137 95 216 106 244
person 0.0128 31 209 40 234
person 0.0086 26 203 46 254
person 0.0063 -4 190 25 270
person 0.0056 132 150 147 180
person 0.0038 101 212 114 246
person 0.0038 49 217 59 242
person 0.0031 37 210 46 236
person 0.0029 34 225 44 247
person 0.0026 7 211 18 232
person 0.0023 59 106 496 272
person 0.0022 125 149 137 179
person 0.0018 70 205 95 251
person 0.0016 19 204 26 241
person 0.0015 30 188 52 257
person 0.0010 20 216 28 240
bicycle 0.0044 31 214 42 249
bicycle 0.0016 58 216 68 242
car 0.9133 -7 198 24 263
car 0.0240 -11 174 26 285
car 0.0110 95 216 106 244
car 0.0086 0 209 11 231
car 0.0064 88 215 97 244
car 0.0063 101 212 114 246
car 0.0051 77 210 87 246
car 0.0039 16 122 470 295
car 0.0036 31 214 42 249
car 0.0027 0 206 9 253
car 0.0026 66 217 76 242
car 0.0015 2 206 8 221
car 0.0014 44 205 119 252
car 0.0014 58 216 68 242
motorbike 0.0026 31 214 42 249
motorbike 0.0023 58 216 68 242
motorbike 0.0010 77 210 87 246
motorbike 0.0010 66 217 76 242
bus 0.9783 0 109 484 268
bus 0.0069 73 -9 415 382
bus 0.0011 -5 188 21 259
boat 0.0022 -5 56 487 260
