person 0.9971 0 -9 90 251
person 0.9670 257 -30 314 127
person 0.9008 98 -25 151 86
person 0.8962 33 -22 85 77
person 0.8289 71 5 323 505
person 0.7506 -6 24 25 239
person 0.6179 273 33 336 130
person 0.5929 -14 -18 47 41
person 0.5748 75 22 132 140
person 0.4400 55 -5 100 169
person 0.3463 312 42 340 124
person 0.3110 43 19 85 90
person 0.3030 294 46 330 119
person 0.2970 -22 1 367 191
person 0.2866 71 -3 118 111
person 0.2647 -16 38 370 303
person 0.1786 53 11 185 157
person 0.1544 -4 -9 37 32
person 0.1071 5 -37 115 90
person 0.0937 319 6 337 101
person 0.0704 86 -20 122 67
person 0.0553 283 74 311 105
person 0.0544 53 -21 117 53
person 0.0515 314 -17 339 152
person 0.0513 69 4 165 247
person 0.0443 77 -11 112 42
person 0.0434 -15 -109 278 218
person 0.0428 279 50 318 112
person 0.0356 79 20 111 102
person 0.0251 68 -43 175 102
person 0.0250 19 130 386 444
person 0.0232 21 12 95 97
person 0.0221 61 -11 95 41
person 0.0171 19 -2 53 10
person 0.0160 95 31 142 248
person 0.0136 129 -26 180 85
person 0.0132 2 15 39 203
person 0.0129 126 -13 162 45
person 0.0110 -3 69 24 187
person 0.0103 317 63 333 98
person 0.0103 -22 -10 74 26
person 0.0103 88 -2 119 16
person 0.0087 95 39 132 90
person 0.0079 99 -3 125 12
person 0.0077 80 -2 108 14
person 0.0077 134 24 170 85
person 0.0074 117 22 183 98
person 0.0070 27 34 63 89
person 0.0066 107 52 123 74
person 0.0064 71 -61 326 252
person 0.0062 82 -6 103 30
person 0.0058 98 138 134 214
person 0.0056 72 -1 98 12
person 0.0056 68 -10 138 25
person 0.0052 1 -3 33 14
person 0.0046 90 34 99 49
person 0.0045 111 -46 281 142
person 0.0043 16 -10 55 34
person 0.0042 69 19 99 127
person 0.0040 61 -1 88 9
person 0.0038 321 39 334 85
person 0.0037 29 -1 61 8
person 0.0036 296 59 315 88
person 0.0036 43 -1 82 212
person 0.0034 96 33 108 55
person 0.0031 69 62 125 220
person 0.0031 233 -39 350 136
person 0.0031 10 -1 43 9
person 0.0028 -1 -3 16 29
person 0.0028 75 -5 94 30
person 0.0028 81 57 120 123
person 0.0025 327 47 334 94
person 0.0025 110 0 136 10
person 0.0024 9 -8 102 18
person 0.0024 111 -24 168 111
person 0.0023 287 72 306 95
person 0.0023 1 23 76 102
person 0.0022 67 -30 137 74
person 0.0022 43 -18 153 123
person 0.0022 -61 -19 59 43
person 0.0022 38 44 51 65
person 0.0020 234 24 350 419
person 0.0020 -4 -1 20 11
person 0.0019 -112 -74 222 134
person 0.0019 101 45 183 118
person 0.0019 111 53 128 76
person 0.0019 112 -21 175 51
person 0.0019 117 -30 144 94
person 0.0018 87 22 102 49
person 0.0018 304 55 323 90
person 0.0017 291 56 306 89
person 0.0016 -5 -19 99 46
person 0.0016 286 -8 338 113
person 0.0016 -14 6 102 131
person 0.0015 142 -13 182 46
person 0.0015 133 -24 206 53
person 0.0015 63 141 125 195
person 0.0015 -86 -8 82 19
person 0.0015 89 40 135 118
person 0.0014 86 7 116 80
bicycle 0.0050 51 47 303 522
car 0.0057 283 5 344 77
car 0.0013 19 -2 53 10
motorbike 0.3065 66 46 331 527
motorbike 0.0376 17 175 395 473
diningtable 0.0033 51 47 303 522
