person 0.0569 493 316 501 358
person 0.0056 495 307 500 350
person 0.0045 489 304 502 384
person 0.0024 456 358 476 376
person 0.0021 478 333 492 357
person 0.0020 462 324 485 351
person 0.0017 492 346 500 383
person 0.0015 465 357 485 377
person 0.0014 439 308 507 369
person 0.0011 496 333 500 376
person 0.0010 61 295 76 323
bicycle 0.0044 435 310 500 367
bicycle 0.0012 451 326 483 350
bicycle 0.0010 493 323 500 364
bicycle 0.0010 394 321 520 366
car 0.9381 330 337 558 391
car 0.1181 -63 306 316 406
car 0.0145 435 310 500 367
car 0.0095 493 316 501 358
car 0.0054 126 341 306 388
car 0.0027 394 321 520 366
car 0.0018 451 326 483 350
car 0.0012 -21 273 228 434
car 0.0011 2 333 360 396
motorbike 0.0052 435 310 500 367
bus 0.0156 -63 306 316 406
bus 0.0015 -21 273 228 434
boat 0.0059 -39 274 297 436
