person 0.9959 73 14 431 187
person 0.9631 114 49 438 325
person 0.0785 -14 -8 108 288
person 0.0473 150 -116 357 321
person 0.0154 -12 -53 70 220
person 0.0083 -5 0 32 203
person 0.0075 -8 -25 42 306
person 0.0031 -10 28 58 169
person 0.0029 -29 -6 93 133
person 0.0018 -4 19 15 115
person 0.0016 273 70 396 360
bicycle 0.5875 121 171 386 367
bicycle 0.1398 160 53 330 534
bicycle 0.0575 181 112 305 440
bicycle 0.0218 108 97 453 341
bicycle 0.0017 243 146 402 461
bicycle 0.0017 138 242 304 420
bicycle 0.0012 283 163 393 384
motorbike 0.0144 103 170 465 366
dog 0.0022 241 -9 399 380
chair 0.0408 -9 20 57 291
chair 0.0235 71 5 479 165
chair 0.0111 -14 -8 108 288
chair 0.0087 -20 32 156 551
chair 0.0084 -5 96 33 296
chair 0.0074 -71 214 265 373
chair 0.0067 103 170 465 366
chair 0.0047 -6 -42 39 438
chair 0.0028 -2 57 23 370
chair 0.0019 150 -116 357 321
chair 0.0010 -5 19 33 219
diningtable 0.0359 -10 14 107 292
diningtable 0.0096 -8 50 50 268
diningtable 0.0026 -5 19 33 219
diningtable 0.0021 -25 -77 127 367
diningtable 0.0011 -71 214 265 373
tvmonitor 0.0031 315 122 437 344
tvmonitor 0.0010 292 13 434 444
