person 0.0153 169 72 185 97
person 0.0083 255 47 274 81
person 0.0069 221 168 293 236
person 0.0046 161 75 180 96
person 0.0028 248 182 283 223
person 0.0027 248 40 282 87
person 0.0019 279 124 288 140
person 0.0018 181 67 191 98
person 0.0016 266 125 280 139
person 0.0016 154 61 185 129
person 0.0013 423 81 463 188
person 0.0010 159 63 193 107
bird 0.0015 255 47 274 81
bird 0.0012 423 81 463 188
cat 0.1071 248 182 283 223
cat 0.0897 233 171 294 232
cat 0.0030 253 192 279 219
dog 0.3865 248 182 283 223
dog 0.2032 233 171 294 232
dog 0.0031 253 192 279 219
dog 0.0022 255 47 274 81
dog 0.0014 37 2 105 93
dog 0.0010 159 168 396 236
sheep 0.0011 248 182 283 223
bottle 0.0037 279 124 288 140
bottle 0.0026 51 191 71 220
bottle 0.0021 57 171 90 224
bottle 0.0020 63 183 84 217
bottle 0.0017 71 172 108 225
bottle 0.0016 254 183 278 218
bottle 0.0013 286 125 296 143
bottle 0.0013 47 173 74 227
bottle 0.0010 76 177 100 202
bottle 0.0010 180 56 188 71
chair 0.9948 303 72 412 245
chair 0.0059 289 93 355 168
chair 0.0024 276 165 383 238
chair 0.0013 78 186 147 228
chair 0.0012 218 4 441 305
chair 0.0011 147 70 207 137
sofa 0.1241 296 14 420 303
sofa 0.0046 276 165 383 238
sofa 0.0014 280 63 434 217
sofa 0.0013 289 93 355 168
sofa 0.0011 -10 177 338 233
sofa 0.0011 58 141 231 243
pottedplant 0.2721 422 85 464 193
pottedplant 0.1135 145 27 175 80
pottedplant 0.0612 71 172 108 225
pottedplant 0.0571 59 162 122 234
pottedplant 0.0105 19 130 156 255
pottedplant 0.0094 152 38 168 74
pottedplant 0.0084 76 177 100 202
pottedplant 0.0047 43 126 101 235
pottedplant 0.0045 57 171 90 224
pottedplant 0.0032 421 119 458 179
pottedplant 0.0032 47 173 74 227
pottedplant 0.0027 78 186 102 215
pottedplant 0.0017 370 61 414 211
pottedplant 0.0016 383 66 485 210
pottedplant 0.0014 218 121 232 154
pottedplant 0.0014 301 118 322 152
pottedplant 0.0012 131 16 201 92
diningtable 0.0021 276 165 383 238
diningtable 0.0021 144 163 447 239
tvmonitor 0.0040 382 122 496 252
tvmonitor 0.0012 485 -130 501 362
