person 0.9964 125 77 163 229
person 0.9954 170 64 207 241
person 0.9949 407 49 492 268
person 0.9125 236 98 276 153
person 0.8557 217 105 253 152
person 0.6366 228 92 297 160
person 0.4002 56 79 106 238
person 0.3417 101 144 136 194
person 0.3408 311 74 368 177
person 0.2783 198 110 216 139
person 0.1856 56 102 93 194
person 0.1846 224 111 248 144
person 0.1553 308 88 351 163
person 0.1288 280 59 396 190
person 0.1245 330 81 366 157
person 0.1080 109 149 129 182
person 0.1061 205 115 227 138
person 0.0808 90 137 147 207
person 0.0758 92 139 124 195
person 0.0725 192 100 262 159
person 0.0663 294 109 309 133
person 0.0610 100 148 117 180
person 0.0542 212 116 250 174
person 0.0400 126 -16 542 282
person 0.0377 237 112 252 144
person 0.0366 338 19 517 350
person 0.0334 316 100 333 135
person 0.0287 267 116 300 139
person 0.0273 262 117 287 140
person 0.0264 189 106 222 152
person 0.0256 215 117 235 136
person 0.0238 73 103 105 189
person 0.0236 442 112 512 243
person 0.0231 469 122 508 191
person 0.0204 174 113 184 140
person 0.0190 118 97 142 198
person 0.0165 199 109 234 150
person 0.0156 184 92 208 200
person 0.0156 65 96 102 160
person 0.0146 171 77 188 218
person 0.0125 371 105 389 143
person 0.0123 208 113 226 130
person 0.0119 108 102 136 176
person 0.0113 96 142 112 174
person 0.0110 118 156 135 192
person 0.0102 174 114 183 126
person 0.0084 189 109 205 131
person 0.0077 216 112 232 129
person 0.0074 480 111 503 185
person 0.0071 48 92 113 182
person 0.0064 458 89 509 312
person 0.0064 182 111 193 124
person 0.0063 27 75 142 213
person 0.0059 258 109 293 146
person 0.0059 82 115 96 141
person 0.0053 216 123 236 146
person 0.0051 405 109 459 247
person 0.0049 249 103 314 152
person 0.0049 127 99 152 175
person 0.0049 227 112 243 130
person 0.0049 99 162 118 189
person 0.0048 382 96 524 261
person 0.0047 127 122 137 149
person 0.0046 271 114 296 127
person 0.0046 167 98 190 159
person 0.0045 333 104 348 131
person 0.0045 281 114 300 128
person 0.0042 75 114 92 142
person 0.0042 142 102 158 132
person 0.0038 260 113 289 128
person 0.0036 192 110 216 201
person 0.0036 66 61 612 224
person 0.0035 316 112 330 140
person 0.0035 102 82 149 211
person 0.0034 248 110 260 128
person 0.0034 206 91 259 194
person 0.0034 223 124 243 146
person 0.0030 364 102 395 148
person 0.0029 126 121 134 136
person 0.0027 89 119 126 176
person 0.0027 157 85 438 163
person 0.0025 467 64 505 223
person 0.0023 490 123 500 172
person 0.0023 132 117 141 138
person 0.0023 277 83 350 154
person 0.0020 274 108 308 145
person 0.0019 194 123 216 155
person 0.0019 341 109 358 143
person 0.0018 496 102 500 173
person 0.0018 305 109 316 130
person 0.0017 246 118 263 139
person 0.0017 325 101 339 121
person 0.0017 40 117 67 140
person 0.0016 216 131 241 165
person 0.0016 256 117 273 139
person 0.0016 23 102 85 157
person 0.0016 -10 109 58 249
person 0.0016 317 101 330 122
person 0.0016 321 103 359 166
person 0.0016 79 102 129 216
bicycle 0.0270 338 19 517 350
bicycle 0.0013 90 137 147 207
bicycle 0.0011 239 122 251 145
bicycle 0.0011 245 122 263 145
bicycle 0.0011 223 124 243 146
car 0.8308 450 128 513 315
car 0.4312 249 103 314 152
car 0.3820 182 108 251 168
car 0.3230 81 82 601 228
car 0.2129 199 114 235 162
car 0.1834 228 92 297 160
car 0.0929 -18 -21 131 333
car 0.0796 190 109 221 164
car 0.0758 262 117 287 140
car 0.0674 204 99 262 158
car 0.0638 194 123 216 155
car 0.0629 323 24 506 336
car 0.0626 203 122 232 151
car 0.0503 210 119 247 171
car 0.0349 -14 55 115 258
car 0.0276 267 116 300 139
car 0.0228 258 109 293 146
car 0.0195 215 117 235 136
car 0.0195 -10 109 58 249
car 0.0185 151 -3 517 337
car 0.0130 411 126 538 319
car 0.0112 205 115 227 138
car 0.0108 237 112 252 144
car 0.0084 271 124 296 143
car 0.0081 216 123 236 146
car 0.0054 198 110 216 139
car 0.0035 281 114 300 128
car 0.0034 158 86 324 189
car 0.0033 271 114 296 127
car 0.0028 133 99 196 172
car 0.0027 254 122 273 145
car 0.0027 -4 54 33 270
car 0.0021 89 119 126 176
car 0.0021 216 131 241 165
car 0.0020 260 113 289 128
car 0.0019 177 75 215 222
car 0.0015 224 111 248 144
car 0.0015 461 102 507 254
car 0.0014 95 125 119 150
car 0.0013 470 116 507 181
car 0.0012 64 93 379 161
car 0.0011 274 108 308 145
motorbike 0.9352 336 44 504 342
motorbike 0.1237 445 135 513 307
motorbike 0.0187 415 101 529 255
motorbike 0.0099 461 102 507 254
motorbike 0.0078 469 122 508 191
motorbike 0.0068 212 116 250 174
motorbike 0.0032 354 113 471 274
motorbike 0.0027 428 142 522 226
motorbike 0.0025 95 80 613 231
motorbike 0.0023 237 112 252 144
motorbike 0.0021 245 122 263 145
motorbike 0.0019 223 124 243 146
motorbike 0.0018 262 117 287 140
motorbike 0.0018 271 124 296 143
motorbike 0.0017 403 59 498 288
motorbike 0.0013 219 131 245 163
motorbike 0.0013 480 111 503 185
motorbike 0.0012 229 102 321 154
motorbike 0.0010 192 108 260 179
bus 0.4467 115 58 596 228
bus 0.1730 -16 29 117 257
bus 0.0911 266 -52 522 319
bus 0.0014 423 -7 522 109
bus 0.0011 -9 61 69 256
bus 0.0010 469 29 503 215
train 0.0045 -16 29 117 257
boat 0.0043 66 61 612 224
dog 0.0018 147 163 171 187
chair 0.0027 90 137 147 207
chair 0.0023 101 146 138 197
chair 0.0016 147 163 171 187
chair 0.0015 109 157 132 190
