person 0.0622 -22 120 158 429
person 0.0086 325 240 419 301
person 0.0083 358 135 525 419
person 0.0018 130 164 145 183
person 0.0017 143 165 154 184
person 0.0012 -13 182 64 370
person 0.0011 405 135 425 154
car 0.2989 189 170 219 188
car 0.0314 54 145 126 202
car 0.0090 195 181 215 197
car 0.0089 185 163 223 203
car 0.0039 156 172 182 185
car 0.0039 30 129 182 227
car 0.0025 138 160 213 199
car 0.0013 183 174 194 185
car 0.0012 89 123 232 221
car 0.0011 69 110 167 155
bus 0.0016 89 123 232 221
train 0.0011 11 128 237 226
cat 0.3027 325 240 419 301
dog 0.2562 325 240 419 301
bottle 0.0030 261 143 270 161
bottle 0.0014 445 128 461 156
bottle 0.0010 358 126 369 160
bottle 0.0010 242 146 250 160
chair 0.2231 358 135 525 419
chair 0.1186 -22 120 158 429
chair 0.0161 386 187 517 367
chair 0.0122 -62 202 537 403
chair 0.0102 -41 191 171 325
chair 0.0053 17 -100 321 199
chair 0.0045 424 207 526 271
chair 0.0039 439 217 513 365
chair 0.0033 463 177 505 371
chair 0.0022 -13 182 64 370
sofa 0.9811 -91 177 535 409
sofa 0.4992 358 135 525 419
sofa 0.2365 -22 120 158 429
sofa 0.0499 386 187 517 367
sofa 0.0431 18 236 458 331
sofa 0.0058 -41 186 178 352
sofa 0.0054 1 151 430 356
sofa 0.0049 -205 224 643 321
sofa 0.0040 -13 182 64 370
sofa 0.0030 439 217 513 365
sofa 0.0028 463 177 505 371
sofa 0.0020 210 160 525 389
sofa 0.0016 21 115 249 378
sofa 0.0013 22 173 275 292
sofa 0.0010 99 200 389 304
pottedplant 0.0027 445 128 461 156
pottedplant 0.0013 405 135 425 154
diningtable 0.1518 99 200 389 304
diningtable 0.0183 122 149 372 359
tvmonitor 0.9807 182 103 313 275
tvmonitor 0.0538 203 128 284 255
tvmonitor 0.0036 298 163 483 264
tvmonitor 0.0032 338 177 425 249
