person 0.9950 12 93 356 385
person 0.8323 -132 157 491 362
person 0.0029 -1 220 407 381
person 0.0025 -75 189 283 360
person 0.0020 -50 133 410 487
person 0.0015 272 286 390 404
person 0.0010 10 80 59 202
dog 0.0039 31 119 466 389
chair 0.2164 -139 236 500 367
chair 0.0394 -50 133 410 487
chair 0.0180 -92 167 363 361
chair 0.0173 280 294 385 393
chair 0.0084 -36 157 104 316
chair 0.0064 250 245 311 348
chair 0.0059 43 77 443 397
chair 0.0036 224 231 331 359
chair 0.0032 -78 334 285 394
chair 0.0021 -33 211 242 456
chair 0.0019 290 232 535 441
chair 0.0017 154 217 421 452
chair 0.0010 -12 175 71 412
sofa 0.5712 -139 236 500 367
sofa 0.1408 -50 133 410 487
sofa 0.0394 -92 167 363 361
sofa 0.0213 290 232 535 441
sofa 0.0166 154 217 421 452
sofa 0.0115 272 286 390 404
sofa 0.0114 43 77 443 397
sofa 0.0097 -33 211 242 456
sofa 0.0041 -78 334 285 394
sofa 0.0033 -24 98 152 504
sofa 0.0021 -36 157 104 316
sofa 0.0015 -12 175 71 412
diningtable 0.0047 290 232 535 441
diningtable 0.0031 -78 334 285 394
