person 0.0024 162 -30 494 388
person 0.0011 -80 100 364 339
car 0.0065 -80 100 364 339
car 0.0029 16 0 321 381
bird 0.0015 -78 102 338 295
cat 0.9611 167 -25 491 336
cat 0.0211 130 12 598 234
cat 0.0024 -78 102 338 295
cat 0.0017 19 -14 413 318
dog 0.0394 162 -30 494 388
dog 0.0080 -78 102 338 295
dog 0.0060 16 0 321 381
dog 0.0023 30 -11 475 250
dog 0.0015 90 83 408 301
bottle 0.0016 -60 103 252 287
chair 0.0092 162 -30 494 388
chair 0.0022 -110 154 403 370
chair 0.0011 16 0 321 381
sofa 0.0729 94 -20 486 386
sofa 0.0056 16 0 321 381
sofa 0.0042 -110 154 403 370
sofa 0.0036 107 105 394 328
sofa 0.0018 -92 96 422 298
pottedplant 0.0026 162 -30 494 388
diningtable 0.0028 38 -8 468 382
diningtable 0.0024 -42 231 327 448
