person 0.9987 256 131 565 369
person 0.9965 91 152 360 368
person 0.8928 357 10 537 295
person 0.8420 -12 142 214 369
person 0.8268 172 32 564 334
person 0.7403 -45 53 232 243
person 0.5389 69 48 366 232
person 0.3968 123 -172 310 414
person 0.3328 3 -107 191 390
person 0.3173 253 -13 487 390
person 0.0350 153 26 584 194
person 0.0236 20 79 155 313
person 0.0236 -2 0 15 395
person 0.0182 380 -39 518 206
person 0.0148 3 17 430 296
person 0.0064 429 -67 510 420
person 0.0040 364 -21 456 53
person 0.0029 335 57 450 261
person 0.0022 281 -107 517 262
person 0.0022 0 16 4 329
person 0.0021 -4 -62 29 533
person 0.0015 482 -8 502 364
person 0.0014 71 6 180 270
person 0.0012 32 121 464 397
person 0.0011 318 116 400 389
person 0.0011 -7 -19 58 490
person 0.0011 466 -104 505 459
bottle 0.0199 462 68 506 181
bottle 0.0132 302 328 361 386
bottle 0.0043 468 84 504 152
bottle 0.0028 480 75 502 173
bottle 0.0017 472 -1 506 208
bottle 0.0015 306 166 345 219
bottle 0.0011 26 338 65 385
chair 0.0785 -10 248 56 413
chair 0.0229 257 -19 370 42
chair 0.0132 -2 0 15 395
chair 0.0096 -32 232 88 434
chair 0.0081 -1 122 9 340
chair 0.0081 23 48 414 386
chair 0.0078 289 136 565 365
chair 0.0063 -10 130 61 453
chair 0.0054 26 338 65 385
chair 0.0036 -7 214 36 377
chair 0.0036 -47 62 231 295
chair 0.0027 172 32 564 334
chair 0.0026 223 -24 407 58
chair 0.0023 -32 146 286 366
chair 0.0022 -1 53 5 331
chair 0.0018 -4 118 24 427
chair 0.0015 128 -15 347 50
chair 0.0012 -15 -40 157 415
chair 0.0012 338 -27 486 65
chair 0.0012 233 131 374 418
chair 0.0012 -8 317 30 394
chair 0.0011 253 -13 487 390
sofa 0.9804 22 18 412 357
sofa 0.1124 172 32 564 334
sofa 0.0817 253 -13 487 390
sofa 0.0504 289 136 565 365
sofa 0.0495 -28 91 218 370
sofa 0.0241 40 37 387 207
sofa 0.0213 61 124 509 387
sofa 0.0139 -2 0 15 395
sofa 0.0114 -45 53 232 243
sofa 0.0113 144 -77 439 210
sofa 0.0041 -80 66 341 294
sofa 0.0036 153 26 584 194
sofa 0.0028 14 205 429 373
sofa 0.0025 -1 122 9 340
sofa 0.0025 123 -172 310 414
sofa 0.0024 -8 31 58 478
sofa 0.0024 -4 -62 29 533
sofa 0.0019 233 131 374 418
sofa 0.0017 363 -144 521 347
sofa 0.0016 8 -96 198 343
sofa 0.0014 354 12 538 222
sofa 0.0012 429 -67 510 420
sofa 0.0010 -11 209 64 422
diningtable 0.0238 -9 228 40 402
diningtable 0.0018 -32 232 88 434
diningtable 0.0015 -10 130 61 453
diningtable 0.0010 -4 118 24 427
tvmonitor 0.0055 338 -27 486 65
