person 0.0135 -41 74 157 319
person 0.0120 252 71 572 353
person 0.0081 225 79 458 287
person 0.0046 -6 -88 34 479
person 0.0029 210 -29 391 508
person 0.0026 45 123 271 317
person 0.0021 173 75 181 93
person 0.0019 -7 10 32 228
person 0.0018 -12 -44 66 326
person 0.0013 165 154 430 323
person 0.0013 81 -67 236 534
boat 0.0032 225 79 458 287
boat 0.0020 40 101 280 299
bird 0.0120 224 -33 399 510
bird 0.0108 225 79 458 287
bird 0.0075 165 154 430 323
bird 0.0030 228 94 380 378
cat 0.0177 194 85 290 352
cat 0.0112 87 103 223 392
cat 0.0110 228 94 380 378
cat 0.0050 80 -28 213 525
cat 0.0032 216 -30 383 525
cat 0.0029 -20 104 118 392
cat 0.0025 45 123 271 317
cat 0.0024 -16 -42 127 277
cat 0.0016 165 154 430 323
dog 0.9212 -22 80 122 394
dog 0.7727 -19 -57 135 529
dog 0.6653 70 -66 223 542
dog 0.6516 86 98 214 382
dog 0.6373 194 85 290 352
dog 0.5984 45 123 271 317
dog 0.5808 210 -29 391 508
dog 0.4490 228 94 380 378
dog 0.3076 165 154 430 323
dog 0.0421 -31 36 156 231
dog 0.0386 -47 80 224 311
dog 0.0273 -13 -74 70 465
dog 0.0215 225 79 458 287
dog 0.0117 -6 -88 34 479
dog 0.0020 -15 47 145 150
dog 0.0020 -12 -21 64 260
dog 0.0020 3 -29 181 319
dog 0.0016 252 71 572 353
dog 0.0016 -1 -82 15 473
dog 0.0015 -7 10 32 228
dog 0.0014 121 35 238 357
horse 0.0059 210 -29 391 508
horse 0.0051 165 154 430 323
horse 0.0031 -41 74 157 319
horse 0.0026 -16 -42 127 277
horse 0.0022 228 111 378 385
horse 0.0018 225 79 458 287
horse 0.0018 81 -67 236 534
horse 0.0016 45 123 271 317
horse 0.0012 84 97 215 396
horse 0.0011 192 85 290 370
sheep 0.8967 300 68 553 330
sheep 0.5396 224 -33 399 510
sheep 0.5396 225 79 458 287
sheep 0.4451 228 94 380 378
sheep 0.3486 192 85 290 370
sheep 0.1663 165 154 430 323
sheep 0.0303 270 -83 442 442
sheep 0.0224 -22 80 122 394
sheep 0.0215 84 97 215 396
sheep 0.0080 465 185 505 354
sheep 0.0054 81 -67 236 534
sheep 0.0051 40 101 280 299
sheep 0.0036 273 9 401 347
sheep 0.0018 313 -92 508 389
sheep 0.0015 -19 -57 135 529
sheep 0.0011 495 74 500 95
cow 0.3023 300 65 556 360
cow 0.0612 223 77 501 290
cow 0.0364 165 154 430 323
cow 0.0216 210 -29 391 508
cow 0.0061 -22 80 122 394
cow 0.0045 465 185 505 354
cow 0.0031 270 -83 442 442
cow 0.0028 40 101 280 299
cow 0.0018 84 97 215 396
cow 0.0018 243 100 380 394
cow 0.0013 -19 -57 135 529
cow 0.0011 194 85 290 352
cow 0.0010 75 -67 250 431
chair 0.0046 223 64 506 260
sofa 0.0010 25 132 263 321
