person 0.9984 174 -90 398 387
person 0.9972 131 73 441 225
person 0.0057 102 86 539 274
person 0.0010 253 -129 433 251
bicycle 0.0189 320 104 490 489
bicycle 0.0056 360 186 432 430
bicycle 0.0024 112 97 454 353
bicycle 0.0015 57 190 586 349
bicycle 0.0015 260 173 554 363
car 0.0155 -42 249 128 421
car 0.0075 -41 2 159 232
car 0.0017 -19 -146 142 293
bus 0.0012 -41 2 159 232
train 0.0023 -41 2 159 232
bird 0.2602 296 211 328 267
bird 0.1484 285 215 322 278
bird 0.1114 277 199 344 291
bird 0.0833 173 187 244 247
bird 0.0407 333 189 373 245
bird 0.0324 188 236 247 292
bird 0.0118 290 222 314 258
bird 0.0108 186 199 245 272
bird 0.0095 44 99 460 351
bird 0.0067 196 245 238 283
bird 0.0064 297 246 325 271
bird 0.0055 354 205 420 294
bird 0.0052 343 224 362 255
bird 0.0045 261 178 279 204
bird 0.0043 332 202 391 273
bird 0.0041 223 140 363 242
bird 0.0039 241 160 328 222
bird 0.0036 302 182 321 209
bird 0.0032 370 217 408 281
bird 0.0031 329 230 389 288
bird 0.0022 337 213 368 262
bird 0.0021 339 201 366 236
bird 0.0020 267 182 399 289
bird 0.0019 308 201 340 231
bird 0.0019 185 196 226 240
bird 0.0018 271 187 296 208
bird 0.0016 295 188 366 245
bird 0.0014 303 232 322 261
bird 0.0013 318 196 433 311
bird 0.0012 201 206 231 231
bird 0.0012 322 175 382 250
bird 0.0011 338 216 366 240
bird 0.0010 303 218 318 244
bird 0.0010 295 171 328 212
dog 0.0011 102 160 137 217
bottle 0.0106 399 216 421 295
bottle 0.0064 37 200 51 221
bottle 0.0055 350 213 414 297
bottle 0.0051 372 199 416 350
bottle 0.0049 332 202 391 273
bottle 0.0046 392 202 436 344
bottle 0.0040 143 167 175 236
bottle 0.0038 343 224 362 255
bottle 0.0028 333 189 373 245
bottle 0.0026 362 224 403 287
bottle 0.0023 301 178 321 208
bottle 0.0022 341 213 383 262
bottle 0.0019 28 200 40 232
bottle 0.0018 18 163 73 317
bottle 0.0015 400 236 460 379
bottle 0.0012 46 199 63 223
bottle 0.0010 33 200 52 232
chair 0.6893 250 -142 449 268
chair 0.1544 416 -9 514 207
chair 0.1013 -42 249 128 421
chair 0.0304 18 163 73 317
chair 0.0133 -18 106 113 504
chair 0.0098 179 -2 536 151
chair 0.0067 54 164 121 300
chair 0.0039 30 148 149 317
chair 0.0027 -56 170 161 361
chair 0.0020 205 -72 420 365
chair 0.0014 22 177 46 301
chair 0.0011 478 -25 503 259
sofa 0.1904 250 -142 449 268
sofa 0.0118 -43 13 161 271
sofa 0.0044 -42 249 128 421
sofa 0.0029 179 -2 536 151
pottedplant 0.0208 399 -29 533 72
pottedplant 0.0137 437 -19 512 52
pottedplant 0.0015 491 5 500 45
pottedplant 0.0011 393 -41 521 207
diningtable 0.0520 416 -9 514 207
diningtable 0.0027 376 -121 524 319
diningtable 0.0019 392 -13 537 136
tvmonitor 0.0316 -41 2 159 232
tvmonitor 0.0022 -19 -146 142 293
tvmonitor 0.0010 -42 260 129 422
