person 0.3905 -3 136 13 248
person 0.0250 -5 109 19 265
person 0.0087 0 152 4 230
person 0.0053 0 156 4 190
person 0.0042 310 149 367 267
person 0.0035 0 185 7 233
person 0.0034 370 160 436 218
person 0.0017 278 138 398 278
person 0.0013 65 177 218 283
person 0.0011 448 200 483 269
person 0.0010 441 228 488 341
person 0.0010 -6 172 27 229
bicycle 0.0013 441 228 488 341
car 0.0555 441 228 488 341
bus 0.0017 61 116 472 320
train 0.9991 26 98 456 298
train 0.3149 -100 126 583 264
train 0.0064 -5 109 19 265
train 0.0040 -39 27 518 360
train 0.0018 -29 55 219 321
train 0.0013 -2 108 10 239
train 0.0011 -109 149 364 315
chair 0.0128 441 228 488 341
sofa 0.0011 441 228 488 341
