person 0.9748 6 -19 268 348
person 0.9552 -103 21 375 313
person 0.9378 171 56 477 347
person 0.8701 32 79 624 325
person 0.0025 -4 -55 31 179
person 0.0021 4 8 415 163
person 0.0016 11 -89 339 248
car 0.0016 38 -6 462 345
car 0.0012 3 -14 282 298
motorbike 0.0053 9 -13 415 349
boat 0.0016 3 -14 282 298
boat 0.0011 38 -6 462 345
chair 0.1003 9 -13 415 349
chair 0.0337 47 -100 304 205
chair 0.0239 -46 11 394 153
chair 0.0146 -100 19 380 249
chair 0.0080 86 68 575 285
chair 0.0036 14 -96 191 216
chair 0.0036 491 177 502 339
chair 0.0026 485 93 503 412
chair 0.0026 -9 -144 61 382
chair 0.0014 -4 -55 31 179
chair 0.0011 494 94 500 382
chair 0.0011 396 76 514 347
sofa 0.0620 44 56 462 343
sofa 0.0020 -8 21 288 359
sofa 0.0011 197 80 584 321
