person 0.5372 -6 149 26 218
person 0.0286 0 156 6 208
person 0.0207 -1 173 6 213
person 0.0173 -4 132 33 257
person 0.0101 466 169 507 306
person 0.0089 1 157 9 193
person 0.0080 -1 190 8 213
person 0.0059 -18 142 62 226
person 0.0048 -2 156 15 245
person 0.0040 5 166 20 196
person 0.0028 247 187 265 221
person 0.0025 239 173 270 249
person 0.0014 492 183 500 226
person 0.0013 247 201 265 218
person 0.0012 -9 144 73 411
person 0.0012 -5 161 57 279
bicycle 0.0010 -1 173 6 213
car 0.0116 -12 169 59 217
car 0.0035 -1 190 8 213
car 0.0023 -1 173 6 213
car 0.0018 11 184 41 202
bird 0.0014 272 65 289 111
bottle 0.0989 241 246 264 314
bottle 0.0256 159 212 175 229
bottle 0.0100 159 190 171 233
bottle 0.0078 272 65 289 111
bottle 0.0043 175 193 203 253
bottle 0.0031 492 183 500 226
bottle 0.0029 154 186 182 255
bottle 0.0024 247 201 265 218
bottle 0.0024 -7 150 28 228
bottle 0.0022 5 189 22 212
bottle 0.0022 -1 190 8 213
bottle 0.0019 -17 200 599 335
bottle 0.0016 -1 173 6 213
bottle 0.0015 65 125 442 344
bottle 0.0014 180 203 195 239
chair 0.9793 132 175 281 476
chair 0.9679 233 204 432 455
chair 0.9187 79 161 198 332
chair 0.8884 -8 151 72 434
chair 0.7879 125 188 186 436
chair 0.7524 99 181 174 312
chair 0.6779 45 154 82 361
chair 0.5499 347 187 402 322
chair 0.5209 370 180 500 290
chair 0.4848 88 179 114 250
chair 0.4190 314 181 357 320
chair 0.3878 145 215 302 322
chair 0.3820 138 245 261 413
chair 0.3698 368 192 418 320
chair 0.3595 366 190 508 386
chair 0.2939 333 183 381 320
chair 0.2917 379 198 412 244
chair 0.2633 312 199 346 226
chair 0.2442 161 185 234 262
chair 0.2286 246 193 283 286
chair 0.2243 266 222 342 361
chair 0.1983 439 188 498 322
chair 0.1747 443 207 484 261
chair 0.1692 359 200 395 239
chair 0.1305 -3 173 58 295
chair 0.1265 465 174 507 333
chair 0.1220 258 195 327 268
chair 0.1219 396 201 435 247
chair 0.1216 434 196 494 270
chair 0.1213 348 194 411 246
chair 0.1128 360 109 516 487
chair 0.1041 465 199 507 277
chair 0.1008 101 119 478 352
chair 0.0900 273 203 314 261
chair 0.0887 237 206 363 376
chair 0.0851 -17 200 599 335
chair 0.0826 182 224 285 298
chair 0.0801 37 203 67 220
chair 0.0777 6 199 75 259
chair 0.0768 40 194 64 210
chair 0.0713 386 193 446 255
chair 0.0653 439 167 510 416
chair 0.0634 11 183 50 202
chair 0.0524 23 171 73 408
chair 0.0503 310 191 349 251
chair 0.0503 237 172 358 301
chair 0.0490 252 181 304 293
chair 0.0430 -3 196 28 428
chair 0.0429 34 186 70 237
chair 0.0404 367 190 427 253
chair 0.0396 298 202 331 259
chair 0.0393 20 183 87 239
chair 0.0385 411 174 531 335
chair 0.0376 175 174 226 301
chair 0.0346 271 213 311 225
chair 0.0343 -26 158 83 309
chair 0.0306 132 205 167 255
chair 0.0263 177 194 213 252
chair 0.0260 392 214 467 363
chair 0.0255 313 173 438 335
chair 0.0246 247 187 265 221
chair 0.0244 -1 190 8 213
chair 0.0242 239 197 272 262
chair 0.0236 247 201 265 218
chair 0.0234 103 206 138 229
chair 0.0230 357 203 396 297
chair 0.0228 152 200 212 312
chair 0.0219 245 204 265 238
chair 0.0215 45 198 79 209
chair 0.0207 206 207 266 308
chair 0.0202 22 213 63 228
chair 0.0191 300 219 329 242
chair 0.0185 40 171 88 272
chair 0.0182 330 211 374 228
chair 0.0181 286 187 359 254
chair 0.0180 137 219 162 241
chair 0.0177 337 208 368 219
chair 0.0175 89 194 187 267
chair 0.0172 92 191 108 215
chair 0.0171 121 204 211 252
chair 0.0170 82 167 130 269
chair 0.0168 191 220 282 259
chair 0.0167 36 207 66 230
chair 0.0166 401 185 464 288
chair 0.0165 116 193 250 316
chair 0.0151 256 200 292 263
chair 0.0146 324 195 355 286
chair 0.0145 298 182 346 292
chair 0.0138 349 205 368 217
chair 0.0137 303 210 321 230
chair 0.0132 0 173 62 214
chair 0.0127 101 208 137 220
chair 0.0125 239 190 329 232
chair 0.0120 155 260 281 311
chair 0.0116 53 183 86 257
chair 0.0115 251 228 289 288
chair 0.0110 257 116 547 355
chair 0.0110 32 200 57 223
chair 0.0107 236 189 260 252
chair 0.0104 493 190 500 227
sofa 0.0396 370 180 500 290
sofa 0.0074 257 116 547 355
sofa 0.0052 357 109 514 428
sofa 0.0049 218 154 344 271
sofa 0.0044 465 174 507 333
sofa 0.0038 62 155 189 276
sofa 0.0024 348 194 411 246
sofa 0.0022 -8 151 72 434
sofa 0.0013 88 179 114 250
sofa 0.0013 303 174 445 293
sofa 0.0012 98 186 164 300
pottedplant 0.6648 125 116 251 278
pottedplant 0.4894 152 132 224 266
pottedplant 0.1804 338 110 387 247
pottedplant 0.1762 235 157 329 230
pottedplant 0.0596 105 -104 289 221
pottedplant 0.0394 239 175 270 229
pottedplant 0.0273 247 187 265 221
pottedplant 0.0200 218 154 344 271
pottedplant 0.0152 245 163 282 226
pottedplant 0.0130 74 15 335 268
pottedplant 0.0089 126 183 155 207
pottedplant 0.0078 158 172 233 234
pottedplant 0.0066 252 157 313 272
pottedplant 0.0044 269 58 293 115
pottedplant 0.0043 276 168 312 217
pottedplant 0.0035 282 176 307 205
pottedplant 0.0035 344 124 380 205
pottedplant 0.0033 184 9 264 307
pottedplant 0.0032 238 159 284 274
pottedplant 0.0031 314 95 428 263
pottedplant 0.0027 231 53 325 269
pottedplant 0.0025 -3 149 19 231
pottedplant 0.0023 343 150 373 232
pottedplant 0.0020 0 159 510 309
pottedplant 0.0017 136 144 191 257
pottedplant 0.0017 247 201 265 218
pottedplant 0.0016 242 181 267 204
pottedplant 0.0014 219 15 343 147
pottedplant 0.0013 253 177 275 207
pottedplant 0.0012 154 153 184 230
pottedplant 0.0010 287 161 314 240
pottedplant 0.0010 262 178 284 204
pottedplant 0.0010 190 151 222 233
diningtable 0.3493 123 206 317 308
diningtable 0.3252 119 210 211 236
diningtable 0.2687 203 237 354 384
diningtable 0.1395 330 211 374 228
diningtable 0.1387 318 200 387 239
diningtable 0.1088 129 246 385 342
diningtable 0.0812 116 204 205 253
diningtable 0.0776 123 173 290 461
diningtable 0.0682 111 226 262 255
diningtable 0.0660 -15 171 61 232
diningtable 0.0619 -3 173 58 295
diningtable 0.0585 286 187 359 254
diningtable 0.0584 300 219 329 242
diningtable 0.0575 -8 151 72 434
diningtable 0.0552 258 195 327 268
diningtable 0.0425 312 209 408 248
diningtable 0.0403 247 201 265 218
diningtable 0.0378 64 122 435 400
diningtable 0.0332 -1 190 8 213
diningtable 0.0324 271 213 311 225
diningtable 0.0319 209 266 341 313
diningtable 0.0310 388 200 486 277
diningtable 0.0293 -26 158 83 309
diningtable 0.0285 374 226 500 271
diningtable 0.0241 159 212 175 229
diningtable 0.0240 312 199 346 226
diningtable 0.0232 303 210 321 230
diningtable 0.0220 -7 192 77 254
diningtable 0.0194 102 186 261 287
diningtable 0.0192 45 198 79 209
diningtable 0.0189 298 202 331 259
diningtable 0.0180 135 196 239 261
diningtable 0.0169 235 192 296 267
diningtable 0.0165 253 206 352 238
diningtable 0.0162 344 202 432 256
diningtable 0.0160 -3 196 28 428
diningtable 0.0156 87 179 115 257
diningtable 0.0142 191 220 282 259
diningtable 0.0139 20 190 101 217
diningtable 0.0135 145 216 173 226
diningtable 0.0119 37 203 67 220
diningtable 0.0118 168 256 280 315
diningtable 0.0115 -3 171 14 272
diningtable 0.0111 249 207 274 217
diningtable 0.0110 337 208 368 219
diningtable 0.0110 -6 189 31 269
diningtable 0.0109 245 204 265 238
diningtable 0.0109 309 212 334 227
diningtable 0.0108 40 194 64 210
diningtable 0.0103 375 190 445 266
diningtable 0.0101 -32 228 98 271
diningtable 0.0099 22 213 63 228
diningtable 0.0098 273 210 349 268
diningtable 0.0097 5 189 22 212
diningtable 0.0095 101 208 137 220
diningtable 0.0092 137 219 162 241
diningtable 0.0086 248 207 276 232
diningtable 0.0085 234 180 432 453
diningtable 0.0083 11 183 50 202
diningtable 0.0082 167 214 187 227
diningtable 0.0081 138 216 163 229
diningtable 0.0081 154 219 182 238
diningtable 0.0078 224 197 324 246
diningtable 0.0075 45 153 78 385
diningtable 0.0074 367 175 503 325
diningtable 0.0073 299 229 329 249
diningtable 0.0072 -7 248 31 270
diningtable 0.0066 190 334 521 394
diningtable 0.0066 -4 238 30 262
diningtable 0.0063 354 224 387 236
diningtable 0.0060 163 223 190 237
diningtable 0.0059 283 173 429 295
diningtable 0.0057 333 183 381 320
diningtable 0.0056 77 170 148 254
diningtable 0.0056 143 221 172 238
diningtable 0.0052 332 219 370 237
diningtable 0.0052 83 172 194 313
diningtable 0.0050 303 192 356 236
diningtable 0.0049 92 192 107 228
diningtable 0.0046 313 189 349 270
diningtable 0.0045 160 227 294 295
diningtable 0.0045 14 190 33 208
diningtable 0.0043 143 230 309 268
diningtable 0.0042 -7 230 30 287
diningtable 0.0041 -3 199 27 220
diningtable 0.0041 273 203 314 261
diningtable 0.0041 89 194 187 267
diningtable 0.0041 239 190 271 252
diningtable 0.0040 -15 222 46 277
diningtable 0.0039 0 187 5 252
diningtable 0.0036 241 200 254 221
diningtable 0.0036 333 197 372 262
diningtable 0.0033 -25 198 537 336
diningtable 0.0032 241 200 255 243
diningtable 0.0031 266 222 342 361
diningtable 0.0031 -1 244 10 275
diningtable 0.0030 103 206 138 229
diningtable 0.0030 379 221 403 239
diningtable 0.0030 236 220 256 240
diningtable 0.0029 247 187 265 221
