person 0.0018 51 7 442 257
car 0.0016 73 263 92 280
aeroplane 0.0048 -11 171 359 336
bus 0.0010 229 234 565 318
train 0.0052 -11 171 359 336
boat 0.6139 229 234 565 318
boat 0.0260 66 272 95 287
boat 0.0252 73 263 92 280
boat 0.0152 147 260 168 280
boat 0.0131 61 274 86 288
boat 0.0119 35 274 69 288
boat 0.0112 86 270 113 286
boat 0.0104 105 271 130 285
boat 0.0096 89 263 111 280
boat 0.0091 116 270 144 287
boat 0.0090 87 261 190 294
boat 0.0082 282 183 516 371
boat 0.0077 78 272 104 287
boat 0.0059 42 259 121 297
boat 0.0057 73 246 168 296
boat 0.0053 109 240 366 311
boat 0.0053 50 275 73 288
boat 0.0042 135 272 164 286
boat 0.0038 12 264 94 296
boat 0.0037 79 264 100 280
boat 0.0037 67 176 347 341
boat 0.0035 100 263 122 281
boat 0.0034 119 247 199 293
boat 0.0034 159 259 177 280
boat 0.0029 53 260 70 279
boat 0.0028 128 262 148 279
boat 0.0023 120 262 139 282
boat 0.0022 32 235 254 305
boat 0.0022 45 283 59 292
boat 0.0022 140 262 160 281
boat 0.0021 132 265 356 300
boat 0.0021 62 262 84 282
boat 0.0020 135 263 218 299
boat 0.0019 100 246 137 294
boat 0.0018 -43 213 535 338
boat 0.0016 140 249 174 290
boat 0.0016 82 248 117 294
boat 0.0015 148 272 165 284
boat 0.0014 113 244 146 297
boat 0.0012 158 274 195 289
boat 0.0010 120 283 136 291
boat 0.0010 63 247 98 295
boat 0.0010 153 274 184 286
chair 0.0195 157 -86 313 193
chair 0.0024 20 40 72 163
chair 0.0021 57 70 83 87
chair 0.0018 51 7 442 257
chair 0.0015 191 70 223 86
chair 0.0012 55 78 83 95
chair 0.0012 192 79 220 95
chair 0.0011 70 71 92 85
chair 0.0011 231 79 258 96
chair 0.0010 214 69 237 86
chair 0.0010 70 81 91 93
chair 0.0010 71 61 92 74
