person 0.9997 167 29 480 374
person 0.0443 330 104 542 351
person 0.0019 393 3 515 431
train 0.0019 197 41 511 392
cat 0.0010 424 37 489 111
dog 0.0013 424 37 489 111
bottle 0.0026 0 259 56 381
bottle 0.0017 129 301 167 348
bottle 0.0011 27 272 53 362
bottle 0.0010 118 294 178 357
chair 0.0035 438 199 508 424
chair 0.0035 92 221 204 370
chair 0.0035 76 69 521 360
chair 0.0030 281 166 526 362
chair 0.0030 113 181 471 363
chair 0.0025 362 249 505 414
chair 0.0023 330 96 419 446
chair 0.0020 186 114 375 492
chair 0.0011 121 252 192 358
chair 0.0010 387 147 513 436
diningtable 0.0094 -55 308 263 391
diningtable 0.0038 -26 238 220 441
tvmonitor 0.1554 92 221 204 370
tvmonitor 0.0248 126 239 186 357
tvmonitor 0.0029 94 244 201 311
tvmonitor 0.0018 197 41 511 392
tvmonitor 0.0013 135 265 178 345
tvmonitor 0.0010 154 275 181 341
tvmonitor 0.0010 382 -19 529 159
