person 0.9958 471 200 505 423
person 0.9869 228 72 287 180
person 0.9715 138 51 242 200
person 0.8139 201 57 307 194
person 0.7527 282 90 342 198
person 0.5166 186 103 262 180
person 0.2227 270 100 298 165
person 0.1409 260 74 361 211
person 0.1396 110 269 128 292
person 0.0927 214 106 252 163
person 0.0878 270 131 296 158
person 0.0739 284 103 322 167
person 0.0698 84 268 100 291
person 0.0339 89 267 109 291
person 0.0305 276 103 290 152
person 0.0301 147 81 216 233
person 0.0291 100 268 121 291
person 0.0285 73 269 92 291
person 0.0222 148 101 211 183
person 0.0215 256 116 312 175
person 0.0183 479 259 485 275
person 0.0140 158 77 284 204
person 0.0137 207 86 266 167
person 0.0122 221 119 245 150
person 0.0104 280 130 301 157
person 0.0104 475 259 482 274
person 0.0088 193 132 222 159
person 0.0084 460 260 468 274
person 0.0082 454 257 461 274
person 0.0066 62 269 82 291
person 0.0055 156 112 199 171
person 0.0051 224 95 262 155
person 0.0049 488 239 501 393
person 0.0045 189 127 225 177
person 0.0042 303 127 342 200
person 0.0038 167 129 206 179
person 0.0038 297 114 312 139
person 0.0037 244 97 285 168
person 0.0036 155 119 237 188
person 0.0035 151 157 220 223
person 0.0031 125 104 242 244
person 0.0027 175 139 201 167
person 0.0024 194 140 217 165
person 0.0023 121 52 363 261
person 0.0021 0 271 6 324
person 0.0019 232 111 255 139
person 0.0019 487 299 502 408
person 0.0019 175 133 260 190
person 0.0018 0 248 13 273
person 0.0016 29 138 420 334
person 0.0016 -4 256 32 279
person 0.0015 151 129 185 218
person 0.0013 118 266 136 293
person 0.0013 493 297 501 337
person 0.0013 159 144 198 220
person 0.0013 213 129 241 156
person 0.0013 0 258 5 298
person 0.0012 172 149 201 173
person 0.0012 290 119 332 187
person 0.0012 292 128 313 157
person 0.0012 265 133 285 154
person 0.0011 169 166 207 214
person 0.0011 182 172 205 208
person 0.0011 186 141 207 166
person 0.0010 497 251 500 325
bicycle 0.0043 -3 271 30 325
bicycle 0.0026 0 271 6 324
bicycle 0.0013 -14 261 45 334
bicycle 0.0013 4 281 23 315
bicycle 0.0012 -3 261 14 335
car 0.9269 -12 211 210 385
car 0.0543 422 259 449 272
car 0.0344 -4 256 32 279
car 0.0123 -14 243 42 291
car 0.0041 0 248 13 273
car 0.0020 471 199 505 399
car 0.0013 479 259 485 275
car 0.0010 439 260 452 271
car 0.0010 10 260 30 276
car 0.0010 332 258 351 267
motorbike 0.0012 474 232 505 419
bus 0.1609 73 160 419 352
bus 0.0023 136 39 357 416
bus 0.0018 19 178 178 416
bus 0.0012 -4 256 32 279
boat 0.0016 -4 256 32 279
chair 0.0013 0 271 6 324
chair 0.0010 -3 271 30 325
