person 0.3521 109 29 376 236
person 0.2363 322 54 383 218
person 0.0939 322 76 359 170
person 0.0927 403 132 411 155
person 0.0741 396 129 404 156
person 0.0640 264 24 376 294
person 0.0497 344 28 398 210
person 0.0482 141 -45 255 284
person 0.0368 413 133 420 154
person 0.0294 318 84 347 143
person 0.0257 147 -80 338 337
person 0.0242 383 128 395 159
person 0.0195 333 75 367 153
person 0.0194 243 -72 404 409
person 0.0175 325 93 341 131
person 0.0097 375 110 404 176
person 0.0086 364 105 395 182
person 0.0085 378 130 395 172
person 0.0084 294 42 415 232
person 0.0080 273 66 318 247
person 0.0075 306 69 338 139
person 0.0066 309 70 374 157
person 0.0053 420 135 439 156
person 0.0040 364 155 437 266
person 0.0039 342 105 377 160
person 0.0036 291 52 347 185
person 0.0035 331 97 347 128
person 0.0030 274 98 311 151
person 0.0029 395 135 403 161
person 0.0025 281 108 301 135
person 0.0025 375 124 385 163
person 0.0024 380 122 404 145
person 0.0023 405 128 413 142
person 0.0020 296 86 331 141
person 0.0020 209 66 433 257
person 0.0020 334 93 346 116
person 0.0019 413 128 420 142
person 0.0018 352 114 371 152
person 0.0017 316 89 331 118
person 0.0017 369 80 409 199
person 0.0015 361 127 377 160
person 0.0015 264 89 325 159
person 0.0014 177 1 250 151
person 0.0014 326 108 338 135
person 0.0012 354 101 384 168
person 0.0012 341 98 356 128
person 0.0011 136 39 237 240
person 0.0011 341 92 354 112
person 0.0011 310 78 331 112
person 0.0010 376 174 426 247
person 0.0010 286 103 323 160
person 0.0010 299 114 320 136
person 0.0010 282 105 303 125
person 0.0010 302 96 324 129
person 0.0010 144 72 209 216
person 0.0010 280 76 346 151
bicycle 0.1104 372 124 400 175
bicycle 0.1081 378 130 395 172
bicycle 0.0041 404 138 412 158
bicycle 0.0032 395 135 403 161
bicycle 0.0028 396 129 404 156
bicycle 0.0026 269 83 394 294
bicycle 0.0023 383 128 395 159
bicycle 0.0021 364 105 395 182
bicycle 0.0013 376 144 388 172
bicycle 0.0011 349 113 408 188
car 0.3392 420 135 439 156
car 0.0700 426 139 441 159
car 0.0330 380 122 404 145
car 0.0281 317 114 400 207
car 0.0250 375 110 404 176
car 0.0103 403 132 411 155
car 0.0078 396 129 404 156
car 0.0067 378 130 395 172
car 0.0058 367 124 396 177
car 0.0047 383 128 395 159
car 0.0045 252 45 423 231
car 0.0043 413 133 420 154
car 0.0043 322 54 383 218
car 0.0020 348 63 394 210
car 0.0018 302 81 411 223
car 0.0015 414 129 446 171
car 0.0012 342 105 377 160
car 0.0010 237 -48 415 312
motorbike 0.9924 105 45 377 303
motorbike 0.9408 264 42 398 304
motorbike 0.6525 243 -72 404 409
motorbike 0.1787 372 124 400 175
motorbike 0.1227 322 54 383 218
motorbike 0.1108 378 130 395 172
motorbike 0.0581 317 114 400 207
motorbike 0.0574 209 66 433 257
motorbike 0.0233 348 63 394 210
motorbike 0.0121 302 81 411 223
motorbike 0.0111 364 105 395 182
motorbike 0.0070 140 81 199 218
motorbike 0.0060 342 105 377 160
motorbike 0.0040 349 113 408 188
motorbike 0.0033 136 39 237 240
motorbike 0.0023 167 -1 305 388
motorbike 0.0019 283 74 345 238
motorbike 0.0018 376 144 388 172
motorbike 0.0017 277 167 308 251
motorbike 0.0016 396 129 404 156
motorbike 0.0016 383 128 395 159
motorbike 0.0015 272 73 317 273
motorbike 0.0015 404 138 412 158
motorbike 0.0012 369 80 409 199
motorbike 0.0012 352 114 371 152
motorbike 0.0011 395 135 403 161
motorbike 0.0011 361 127 377 160
motorbike 0.0011 148 -1 248 356
motorbike 0.0010 329 94 388 170
cat 0.0254 364 155 437 266
cat 0.0048 383 174 430 248
dog 0.5021 364 155 437 266
dog 0.0521 383 174 430 248
dog 0.0014 351 124 464 274
horse 0.0046 270 22 394 299
horse 0.0017 375 110 404 176
horse 0.0013 364 155 437 266
cow 0.0027 375 161 435 256
