person 0.9222 383 138 432 258
person 0.3364 425 143 474 281
person 0.0455 429 159 465 241
person 0.0333 392 141 517 292
person 0.0288 407 165 463 300
person 0.0157 380 156 424 226
person 0.0128 480 162 490 179
person 0.0110 492 161 499 181
person 0.0102 422 162 453 220
person 0.0100 438 176 452 204
person 0.0094 414 154 479 227
person 0.0054 433 176 443 204
person 0.0052 359 127 467 268
person 0.0051 414 169 423 194
person 0.0049 388 188 423 245
person 0.0049 403 156 429 223
person 0.0040 491 189 500 230
person 0.0038 401 179 436 243
person 0.0030 411 176 423 206
person 0.0022 483 170 503 250
person 0.0018 423 174 431 204
person 0.0018 494 170 499 211
person 0.0018 496 152 500 207
person 0.0018 434 188 444 210
person 0.0017 440 161 501 275
person 0.0016 386 176 443 299
person 0.0014 393 173 459 249
person 0.0012 413 160 445 241
person 0.0012 439 189 451 209
person 0.0012 487 134 501 247
person 0.0012 408 196 446 260
person 0.0012 437 165 473 216
person 0.0012 403 164 412 181
person 0.0010 413 159 424 187
bicycle 0.0124 483 181 503 259
bicycle 0.0071 384 155 435 261
bicycle 0.0067 382 181 420 243
bicycle 0.0057 491 191 499 247
motorbike 0.0016 384 155 435 261
motorbike 0.0010 382 181 420 243
bus 0.0017 197 -58 398 395
train 0.1433 197 -58 398 395
train 0.1159 134 83 462 244
train 0.0103 28 46 400 282
train 0.0061 400 111 534 247
train 0.0013 440 135 501 261
train 0.0011 376 1 521 343
train 0.0010 423 75 511 282
dog 0.0010 375 178 442 256
chair 0.0122 436 170 504 297
chair 0.0062 384 146 524 324
chair 0.0034 407 165 463 300
chair 0.0033 386 176 443 299
chair 0.0020 485 183 502 272
chair 0.0017 384 188 419 245
chair 0.0013 458 187 475 231
chair 0.0011 491 191 499 247
chair 0.0011 400 190 439 245
