person 0.9976 -76 77 273 359
person 0.9174 129 171 580 365
person 0.0065 -102 217 523 363
person 0.0059 140 87 374 498
person 0.0025 7 -19 57 91
person 0.0020 -19 115 144 488
person 0.0013 49 -6 88 78
person 0.0013 473 238 504 423
person 0.0010 -3 79 23 355
bottle 0.0081 31 209 115 303
bottle 0.0036 7 -19 57 91
bottle 0.0027 49 -6 88 78
chair 0.1441 104 216 610 372
chair 0.0083 -72 148 265 369
chair 0.0062 148 58 371 487
chair 0.0021 405 173 510 411
chair 0.0015 201 124 521 482
chair 0.0010 473 238 504 423
sofa 0.8512 61 206 606 369
sofa 0.1832 148 58 371 487
sofa 0.0563 164 139 497 397
sofa 0.0514 -72 148 265 369
sofa 0.0024 405 173 510 411
sofa 0.0019 -17 193 374 387
sofa 0.0013 358 57 521 538
sofa 0.0011 474 184 504 440
