person 0.9995 128 219 373 455
person 0.9991 -5 282 70 495
person 0.9202 121 277 196 462
person 0.3388 318 352 335 385
person 0.2257 333 347 346 372
person 0.1879 314 351 328 384
person 0.1388 338 348 352 372
person 0.1319 303 352 317 384
person 0.1145 323 350 336 370
person 0.1094 311 349 325 371
person 0.1009 352 356 364 381
person 0.0729 310 347 322 360
person 0.0483 340 357 356 381
person 0.0446 367 337 381 421
person 0.0390 352 338 384 422
person 0.0359 371 351 379 387
person 0.0355 361 355 372 382
person 0.0319 307 348 318 360
person 0.0309 312 346 343 390
person 0.0238 296 352 308 370
person 0.0184 296 354 309 382
person 0.0176 166 366 181 410
person 0.0153 151 359 182 417
person 0.0116 347 352 368 366
person 0.0111 300 337 324 388
person 0.0108 159 370 177 407
person 0.0071 326 341 353 396
person 0.0071 358 351 376 367
person 0.0052 340 344 376 412
person 0.0050 150 293 199 428
person 0.0042 317 338 382 406
person 0.0034 158 320 438 489
person 0.0028 221 178 394 630
person 0.0028 328 322 385 438
person 0.0027 360 363 376 394
person 0.0027 331 349 347 358
person 0.0026 159 347 191 416
person 0.0023 294 338 363 399
person 0.0022 347 365 368 391
person 0.0017 155 98 323 546
person 0.0016 329 363 349 393
person 0.0015 321 350 338 359
person 0.0014 320 364 336 388
person 0.0014 133 348 196 426
person 0.0012 284 359 297 383
person 0.0011 -28 249 112 552
person 0.0011 334 365 361 393
person 0.0011 338 349 353 359
person 0.0010 328 352 368 403
person 0.0010 293 309 406 447
bicycle 0.9952 94 328 436 493
bicycle 0.9375 117 330 192 489
bicycle 0.9332 4 350 72 508
bicycle 0.3507 133 242 398 627
bicycle 0.3133 -26 321 91 534
bicycle 0.1466 328 331 385 448
bicycle 0.0408 295 314 404 465
bicycle 0.0361 136 332 228 534
bicycle 0.0209 318 345 381 411
bicycle 0.0208 92 327 256 502
bicycle 0.0185 126 226 358 477
bicycle 0.0183 351 351 384 425
bicycle 0.0168 366 338 382 436
bicycle 0.0117 -8 384 26 448
bicycle 0.0075 370 353 380 404
bicycle 0.0062 48 360 106 462
bicycle 0.0061 93 242 285 574
bicycle 0.0061 334 365 361 393
bicycle 0.0045 328 352 368 403
bicycle 0.0035 340 357 356 381
bicycle 0.0033 47 383 88 455
bicycle 0.0032 347 365 368 391
bicycle 0.0031 262 217 403 574
bicycle 0.0030 147 345 206 482
bicycle 0.0030 359 369 377 410
bicycle 0.0028 26 345 130 476
bicycle 0.0028 305 327 363 458
bicycle 0.0026 360 363 376 394
bicycle 0.0023 41 378 77 438
bicycle 0.0023 55 413 81 443
bicycle 0.0021 14 384 45 470
bicycle 0.0020 352 356 364 381
bicycle 0.0019 329 363 349 393
bicycle 0.0018 282 323 388 542
bicycle 0.0018 -4 378 14 456
bicycle 0.0017 344 375 372 404
bicycle 0.0012 46 391 68 425
bicycle 0.0012 361 355 372 382
bicycle 0.0011 245 313 388 434
bicycle 0.0011 288 345 343 477
bicycle 0.0011 0 398 19 435
bicycle 0.0011 371 375 380 419
bicycle 0.0010 70 386 104 449
bicycle 0.0010 -2 390 8 444
bicycle 0.0010 332 353 346 382
bicycle 0.0010 75 411 100 441
bicycle 0.0010 152 413 235 500
car 0.0367 318 334 395 423
car 0.0027 328 352 368 403
car 0.0020 340 357 356 381
car 0.0018 334 365 361 393
car 0.0014 358 351 376 367
car 0.0014 41 397 96 454
car 0.0013 89 348 441 501
car 0.0011 347 352 368 366
car 0.0010 133 242 398 627
car 0.0010 55 413 81 443
motorbike 0.0058 94 328 436 493
motorbike 0.0041 328 322 385 438
motorbike 0.0032 318 345 381 411
motorbike 0.0016 293 309 406 447
motorbike 0.0014 133 242 398 627
motorbike 0.0011 352 338 384 422
chair 0.0022 318 334 395 423
chair 0.0015 8 337 69 502
chair 0.0013 133 242 398 627
