person 0.9988 237 174 464 362
person 0.9979 -52 178 270 364
person 0.9976 335 65 548 368
person 0.9257 107 72 259 375
person 0.8589 264 -8 440 537
person 0.7395 125 142 239 300
person 0.0389 281 106 426 415
person 0.0117 383 149 450 281
person 0.0057 66 177 368 364
person 0.0046 356 130 468 271
person 0.0040 -3 49 203 477
person 0.0039 153 146 513 327
person 0.0011 487 -8 502 480
person 0.0011 345 176 476 420
bottle 0.8733 229 202 259 295
bottle 0.1672 225 236 246 306
bottle 0.0974 227 257 244 298
bottle 0.0254 403 169 455 298
bottle 0.0186 409 194 448 249
bottle 0.0050 415 208 453 273
bottle 0.0048 107 72 259 375
bottle 0.0040 364 137 471 293
bottle 0.0015 206 229 240 274
bottle 0.0014 416 205 439 238
bottle 0.0014 234 243 257 272
bottle 0.0013 236 212 252 248
bottle 0.0013 380 138 417 209
bottle 0.0011 236 233 255 266
chair 0.9840 320 139 474 492
chair 0.9687 350 212 472 418
chair 0.9546 -10 222 80 412
chair 0.5447 -11 144 134 487
chair 0.1008 -6 203 36 428
chair 0.0648 -59 207 267 368
chair 0.0489 105 285 186 363
chair 0.0321 240 276 364 418
chair 0.0238 124 221 156 276
chair 0.0229 114 254 257 410
chair 0.0226 187 250 326 420
chair 0.0110 129 233 150 267
chair 0.0092 115 219 183 284
chair 0.0071 491 259 502 395
chair 0.0069 174 290 231 397
chair 0.0064 406 220 431 283
chair 0.0057 479 149 503 437
chair 0.0055 131 161 232 421
chair 0.0053 225 263 295 404
chair 0.0050 428 178 509 413
chair 0.0049 -2 230 12 346
chair 0.0047 188 298 225 376
chair 0.0044 152 288 222 367
chair 0.0044 106 224 137 275
chair 0.0040 94 171 269 302
chair 0.0038 -5 238 28 340
chair 0.0035 493 192 501 422
chair 0.0035 412 216 446 283
chair 0.0035 188 210 526 369
chair 0.0035 426 207 469 416
chair 0.0033 209 302 238 372
chair 0.0032 264 287 333 407
chair 0.0030 256 288 303 403
chair 0.0030 411 228 425 274
chair 0.0027 255 304 335 348
chair 0.0024 144 131 324 489
chair 0.0023 87 251 208 382
chair 0.0023 111 233 132 263
chair 0.0023 118 246 139 269
chair 0.0022 395 206 463 294
chair 0.0019 410 193 464 356
chair 0.0018 -8 294 33 395
chair 0.0018 132 223 147 257
chair 0.0015 90 126 257 482
chair 0.0015 496 283 500 370
chair 0.0014 67 240 375 342
chair 0.0013 166 298 205 358
chair 0.0013 120 239 139 263
chair 0.0012 0 282 5 331
chair 0.0011 0 238 2 338
chair 0.0011 210 288 267 399
chair 0.0011 129 233 167 281
chair 0.0011 160 195 281 428
chair 0.0011 221 296 250 394
chair 0.0010 233 301 271 375
chair 0.0010 135 301 162 317
sofa 0.0019 345 176 476 420
pottedplant 0.3955 119 146 176 285
pottedplant 0.0645 135 165 176 236
pottedplant 0.0495 131 99 185 263
pottedplant 0.0198 118 126 212 311
pottedplant 0.0064 126 196 157 265
pottedplant 0.0059 26 168 63 241
pottedplant 0.0058 107 72 259 375
pottedplant 0.0055 122 170 160 253
pottedplant 0.0034 133 215 150 246
pottedplant 0.0033 135 205 157 236
pottedplant 0.0020 148 121 174 208
pottedplant 0.0017 136 201 160 224
pottedplant 0.0011 147 186 167 216
pottedplant 0.0010 125 182 145 218
diningtable 0.8436 107 129 338 487
diningtable 0.1708 61 230 375 377
diningtable 0.0052 92 227 312 329
diningtable 0.0051 163 207 510 372
diningtable 0.0039 -7 287 36 405
diningtable 0.0024 -66 207 319 368
diningtable 0.0021 281 142 470 488
diningtable 0.0020 248 8 431 514
diningtable 0.0018 110 80 281 373
