person 0.0502 47 25 466 376
car 0.0111 153 -56 299 207
car 0.0091 142 24 490 371
motorbike 0.0049 7 61 434 381
boat 0.0122 141 43 486 392
cat 0.0035 141 43 486 392
cat 0.0014 136 12 378 288
dog 0.9332 102 51 472 385
dog 0.0156 24 85 616 290
dog 0.0149 0 170 568 359
dog 0.0040 136 12 378 288
dog 0.0018 104 118 331 265
horse 0.0064 7 61 434 381
cow 0.4315 7 61 434 381
cow 0.0034 121 44 306 344
cow 0.0032 149 126 215 254
cow 0.0018 0 170 568 359
cow 0.0010 104 118 331 265
bottle 0.0020 165 1 289 157
chair 0.0650 366 22 533 350
chair 0.0147 141 43 486 392
chair 0.0081 426 -86 508 444
sofa 0.1148 141 43 486 392
sofa 0.0060 24 85 616 290
sofa 0.0035 0 170 568 359
diningtable 0.0013 93 117 479 390
