person 0.9863 462 239 505 378
person 0.4575 406 266 422 324
person 0.3851 104 238 172 318
person 0.2317 296 272 328 315
person 0.1295 119 250 157 303
person 0.0823 366 277 391 304
person 0.0617 277 259 313 315
person 0.0458 235 286 257 306
person 0.0354 139 251 174 305
person 0.0325 127 256 149 284
person 0.0304 261 261 283 282
person 0.0281 288 261 351 327
person 0.0250 275 265 297 292
person 0.0163 492 284 500 315
person 0.0133 262 286 285 310
person 0.0131 288 264 314 296
person 0.0122 360 269 395 311
person 0.0121 262 248 325 326
person 0.0121 489 288 501 325
person 0.0116 281 269 303 303
person 0.0114 254 286 274 309
person 0.0108 486 262 502 336
person 0.0098 197 260 213 281
person 0.0096 495 298 501 330
person 0.0089 183 256 214 319
person 0.0078 494 277 498 301
person 0.0077 466 259 506 337
person 0.0074 309 275 333 303
person 0.0070 117 258 143 280
person 0.0066 219 286 236 307
person 0.0063 162 204 371 406
person 0.0062 237 252 311 306
person 0.0055 130 241 203 318
person 0.0054 146 260 168 297
person 0.0053 87 216 204 332
person 0.0049 219 244 252 289
person 0.0048 226 286 246 307
person 0.0039 309 286 336 309
person 0.0037 269 256 302 301
person 0.0037 321 273 340 305
person 0.0034 346 294 360 323
person 0.0033 254 268 276 284
person 0.0031 233 247 253 273
person 0.0031 187 282 209 311
person 0.0027 -64 140 274 339
person 0.0026 225 268 242 284
person 0.0024 302 269 319 291
person 0.0022 272 260 297 281
person 0.0020 271 286 295 309
person 0.0020 152 250 403 335
person 0.0019 295 280 314 311
person 0.0018 251 262 279 280
person 0.0018 170 272 189 303
person 0.0018 254 257 291 298
person 0.0015 312 263 347 314
person 0.0015 150 273 169 300
person 0.0015 247 271 264 284
person 0.0015 209 236 280 296
person 0.0013 156 260 176 297
person 0.0012 225 248 246 274
person 0.0012 118 264 144 292
person 0.0011 217 258 232 280
person 0.0010 219 269 235 283
bicycle 0.0037 469 296 501 357
bicycle 0.0014 150 216 372 308
car 0.9297 130 242 426 380
car 0.0250 181 258 251 322
car 0.0183 -65 197 273 376
car 0.0053 147 249 374 334
car 0.0027 288 261 351 327
car 0.0020 461 237 505 365
car 0.0018 230 252 319 322
car 0.0014 193 280 213 311
car 0.0010 193 267 236 312
bus 0.9947 -69 167 282 355
bus 0.0234 159 213 367 328
bus 0.0121 -11 56 210 472
bus 0.0042 461 237 505 365
bus 0.0029 394 223 535 360
bus 0.0010 135 156 429 394
train 0.0054 -64 140 274 339
train 0.0011 394 223 535 360
train 0.0010 461 237 505 365
boat 0.0017 -64 140 274 339
horse 0.0020 287 256 353 324
