bird 0.0010 324 103 361 141
dog 0.0125 407 55 527 170
dog 0.0107 73 62 263 348
dog 0.0102 384 65 541 269
dog 0.0062 243 53 350 191
dog 0.0050 130 129 225 201
dog 0.0026 245 4 420 330
dog 0.0025 158 44 310 322
dog 0.0018 295 73 444 190
dog 0.0015 324 103 361 141
horse 0.3928 406 56 526 180
horse 0.2442 397 94 521 238
horse 0.1767 387 21 518 305
horse 0.0474 245 4 420 330
horse 0.0245 138 33 304 339
horse 0.0152 293 65 447 208
horse 0.0081 243 53 350 191
horse 0.0073 258 71 383 257
horse 0.0045 73 62 263 348
horse 0.0013 87 100 355 256
horse 0.0011 487 76 503 161
sheep 0.9905 293 65 447 208
sheep 0.9737 246 31 420 319
sheep 0.9717 138 33 304 339
sheep 0.9690 243 53 350 191
sheep 0.9019 371 70 543 275
sheep 0.9007 73 62 263 348
sheep 0.7269 407 55 527 170
sheep 0.5129 405 87 519 242
sheep 0.4446 130 129 225 201
sheep 0.2018 87 100 355 256
sheep 0.1274 258 71 383 257
sheep 0.0311 324 103 361 141
sheep 0.0268 105 113 261 245
sheep 0.0232 264 94 286 126
sheep 0.0188 299 87 424 168
sheep 0.0148 146 140 187 191
sheep 0.0116 178 106 303 265
sheep 0.0110 493 88 501 148
sheep 0.0100 248 76 318 140
sheep 0.0095 487 76 503 161
sheep 0.0092 131 176 167 199
sheep 0.0083 315 94 371 148
sheep 0.0082 40 130 291 275
sheep 0.0072 259 88 292 132
sheep 0.0045 490 50 502 227
sheep 0.0034 340 76 414 202
sheep 0.0033 472 82 506 235
sheep 0.0031 280 91 304 113
sheep 0.0030 258 69 313 180
sheep 0.0028 258 111 328 169
sheep 0.0026 290 81 335 156
sheep 0.0020 495 80 500 143
sheep 0.0017 388 107 412 189
sheep 0.0014 295 94 327 111
sheep 0.0012 193 153 218 168
sheep 0.0010 262 8 473 237
cow 0.0561 373 63 544 275
cow 0.0478 397 94 521 238
cow 0.0164 138 33 304 339
cow 0.0122 73 62 263 348
cow 0.0109 407 55 527 170
cow 0.0083 245 4 420 330
cow 0.0071 243 53 350 191
cow 0.0015 293 65 447 208
cow 0.0012 87 100 355 256
