person 0.9456 88 26 498 286
person 0.0605 -60 13 402 209
person 0.0333 29 21 317 346
person 0.0254 227 -15 475 340
person 0.0109 -57 82 401 299
person 0.0042 140 -118 363 318
person 0.0028 41 -74 229 292
person 0.0015 60 -28 117 104
cat 0.0563 -57 82 401 299
cat 0.0038 41 -74 229 292
cat 0.0030 42 53 467 389
cat 0.0022 68 17 256 174
dog 0.3754 42 53 467 389
dog 0.3056 -57 82 401 299
dog 0.0019 24 -58 245 342
dog 0.0018 68 17 256 174
dog 0.0016 -6 208 207 290
chair 0.0787 60 -28 117 104
chair 0.0472 55 -1 456 314
chair 0.0139 45 -64 298 144
chair 0.0068 192 33 464 397
chair 0.0033 -58 15 336 207
chair 0.0022 66 0 97 92
chair 0.0021 35 -38 141 116
chair 0.0016 35 -129 309 265
chair 0.0015 -36 -39 132 97
sofa 0.5254 55 -1 456 314
sofa 0.0690 231 -16 477 386
sofa 0.0031 43 116 467 394
sofa 0.0031 165 34 571 326
sofa 0.0023 -51 39 391 257
sofa 0.0023 67 18 584 206
sofa 0.0010 149 202 519 462
