person 0.7647 153 208 186 266
person 0.3358 140 196 202 278
person 0.1078 159 212 177 260
person 0.0602 76 251 84 262
person 0.0397 155 233 170 255
person 0.0206 157 235 183 257
person 0.0205 170 231 188 261
person 0.0073 162 249 197 260
person 0.0034 292 239 316 271
person 0.0031 113 181 231 295
person 0.0029 0 79 14 124
person 0.0025 166 217 175 238
person 0.0024 159 218 168 240
person 0.0022 -3 72 19 132
person 0.0017 -2 91 9 126
person 0.0014 140 249 181 263
person 0.0012 172 217 185 258
person 0.0011 282 231 324 275
person 0.0010 306 240 319 269
car 0.0018 237 54 253 85
boat 0.5607 124 242 220 267
boat 0.2135 276 222 331 284
boat 0.1433 156 -39 208 366
boat 0.0283 137 211 205 276
boat 0.0232 140 249 181 263
boat 0.0073 292 239 316 271
boat 0.0063 145 248 196 259
boat 0.0036 146 250 162 263
boat 0.0020 76 251 84 262
boat 0.0019 144 162 202 286
boat 0.0018 145 255 177 265
boat 0.0012 290 237 319 254
boat 0.0012 65 221 431 293
boat 0.0011 291 255 318 269
bird 0.2096 76 251 84 262
bird 0.0015 72 255 82 264
bird 0.0015 76 255 85 264
