person 0.9997 137 89 586 364
person 0.1120 214 198 224 222
person 0.0192 200 189 230 252
person 0.0171 63 191 79 218
person 0.0126 55 191 71 216
person 0.0102 215 199 233 224
person 0.0091 178 156 192 173
person 0.0079 45 193 60 215
person 0.0071 156 152 178 172
person 0.0061 209 200 226 237
person 0.0061 448 202 467 223
person 0.0047 0 189 3 235
person 0.0046 74 190 90 216
person 0.0044 409 205 426 217
person 0.0041 1 198 4 241
person 0.0038 222 198 250 223
person 0.0030 430 205 444 218
person 0.0026 203 223 225 245
person 0.0019 248 197 257 222
person 0.0019 -1 138 6 323
person 0.0018 191 201 204 240
person 0.0018 421 207 434 218
person 0.0016 -20 21 254 369
person 0.0015 171 156 188 173
person 0.0015 0 180 2 280
person 0.0013 65 200 76 214
person 0.0012 455 200 469 227
person 0.0012 81 192 98 215
person 0.0011 216 211 233 228
person 0.0011 0 172 1 308
person 0.0010 439 206 456 219
person 0.0010 27 193 39 215
person 0.0010 492 182 500 200
person 0.0010 8 209 18 229
car 0.9719 374 184 496 254
car 0.1095 201 186 271 233
car 0.0676 222 198 250 223
car 0.0171 215 199 233 224
car 0.0159 419 185 488 243
car 0.0043 214 198 224 222
car 0.0024 448 202 467 223
car 0.0022 -17 55 229 361
car 0.0020 149 67 575 328
car 0.0018 225 190 260 229
car 0.0017 235 196 255 213
car 0.0013 438 194 476 242
car 0.0013 190 203 201 220
car 0.0012 1 198 4 241
car 0.0010 179 191 253 252
car 0.0010 0 189 3 235
bus 0.9991 -20 13 235 378
bus 0.4036 -62 131 273 258
train 0.0012 -20 21 254 369
pottedplant 0.0025 224 220 243 244
