person 0.9957 2 223 300 491
person 0.4566 -34 127 336 390
person 0.1662 87 79 344 507
person 0.0144 274 180 392 528
person 0.0022 -17 140 106 417
cat 0.0023 -35 214 388 495
bottle 0.1692 315 136 357 282
bottle 0.0016 69 379 211 498
chair 0.8096 46 118 319 512
chair 0.0622 -9 290 313 495
chair 0.0126 -10 279 71 557
chair 0.0071 -27 305 86 419
chair 0.0023 -34 190 275 458
chair 0.0022 274 180 392 528
chair 0.0017 39 297 252 590
chair 0.0012 283 354 406 464
chair 0.0012 -17 187 98 442
chair 0.0010 -53 96 152 278
sofa 0.5980 26 95 290 499
sofa 0.1182 -24 124 388 395
sofa 0.0190 273 165 392 507
sofa 0.0090 -35 214 388 495
sofa 0.0011 136 106 367 529
sofa 0.0010 -16 179 98 412
diningtable 0.0875 -45 174 138 279
diningtable 0.0642 -17 140 106 417
diningtable 0.0281 279 180 409 310
diningtable 0.0024 282 86 389 473
diningtable 0.0016 -23 320 78 405
diningtable 0.0015 317 145 373 284
diningtable 0.0012 276 214 417 279
