person 0.0423 464 -165 506 513
bird 0.0037 201 44 269 120
chair 0.9916 245 25 394 474
chair 0.2798 239 141 365 358
chair 0.2513 403 186 495 358
chair 0.2445 73 94 172 287
chair 0.2260 300 125 384 297
chair 0.0404 384 140 510 327
chair 0.0298 95 160 165 274
chair 0.0297 310 45 486 487
chair 0.0211 309 110 437 355
chair 0.0202 385 157 437 309
chair 0.0188 289 163 529 270
chair 0.0133 13 83 191 458
chair 0.0127 400 155 468 309
chair 0.0120 135 202 183 374
chair 0.0113 371 171 440 213
chair 0.0082 360 193 517 385
chair 0.0043 191 163 462 324
chair 0.0037 78 97 125 245
chair 0.0034 370 216 446 298
chair 0.0033 294 121 451 244
chair 0.0028 307 130 376 230
chair 0.0025 2 141 202 293
chair 0.0023 84 172 171 232
chair 0.0022 8 284 113 353
chair 0.0021 412 206 497 294
chair 0.0020 394 183 425 241
chair 0.0017 66 209 183 370
chair 0.0016 394 193 425 210
chair 0.0016 391 226 425 289
chair 0.0014 -29 256 129 369
chair 0.0013 448 141 486 326
chair 0.0012 381 180 421 203
chair 0.0011 248 143 313 327
chair 0.0010 192 87 248 192
pottedplant 0.6543 13 28 181 461
pottedplant 0.3680 19 123 150 379
pottedplant 0.0566 25 192 80 355
pottedplant 0.0296 47 182 202 404
pottedplant 0.0248 -34 160 231 327
pottedplant 0.0080 284 113 375 185
pottedplant 0.0048 -2 134 9 284
pottedplant 0.0042 89 164 173 273
pottedplant 0.0036 91 214 163 373
pottedplant 0.0035 76 217 136 369
pottedplant 0.0034 55 195 112 351
pottedplant 0.0028 37 244 72 332
pottedplant 0.0027 8 113 96 360
pottedplant 0.0020 0 187 4 251
pottedplant 0.0020 61 88 162 296
pottedplant 0.0017 6 129 130 268
pottedplant 0.0017 59 242 87 331
pottedplant 0.0016 266 -19 367 220
pottedplant 0.0012 283 29 344 173
pottedplant 0.0011 28 137 98 288
pottedplant 0.0011 32 242 185 374
pottedplant 0.0010 -10 258 133 369
pottedplant 0.0010 157 17 284 144
pottedplant 0.0010 32 217 70 302
diningtable 0.7846 308 60 488 449
diningtable 0.2741 257 168 535 270
diningtable 0.0154 310 139 440 368
diningtable 0.0054 202 178 541 323
diningtable 0.0011 298 134 388 232
diningtable 0.0010 278 132 428 289
