person 0.0018 457 122 507 225
person 0.0012 198 142 248 228
person 0.0012 66 134 121 200
person 0.0012 467 142 508 201
person 0.0011 38 163 110 242
car 0.0091 439 122 517 211
bird 0.1083 72 144 116 194
bird 0.0275 38 163 110 242
bird 0.0231 12 179 51 238
bird 0.0113 5 166 67 250
bird 0.0028 197 140 248 231
bird 0.0017 49 175 92 231
bird 0.0014 18 187 45 220
cat 0.0150 66 132 122 205
cat 0.0076 38 163 110 242
cat 0.0016 444 126 510 217
cat 0.0011 -1 174 171 317
cat 0.0010 76 145 117 193
dog 0.0874 -1 174 171 317
dog 0.0858 38 163 110 242
dog 0.0401 66 132 122 205
dog 0.0376 198 139 247 237
dog 0.0238 439 124 518 215
dog 0.0056 -5 149 130 254
dog 0.0029 76 145 117 193
dog 0.0023 0 98 144 365
dog 0.0020 49 175 92 231
dog 0.0019 5 166 67 250
dog 0.0013 467 142 508 201
dog 0.0010 12 179 51 238
horse 0.0708 439 124 518 215
horse 0.0515 201 148 247 229
horse 0.0239 -1 174 171 317
horse 0.0028 467 142 508 201
horse 0.0022 38 163 110 242
horse 0.0010 450 144 483 196
sheep 0.2258 -1 174 171 317
sheep 0.1705 197 140 248 231
sheep 0.1430 38 163 110 242
sheep 0.1068 439 124 518 215
sheep 0.0869 66 132 122 205
sheep 0.0227 -5 149 130 254
sheep 0.0115 5 166 67 250
sheep 0.0104 467 142 508 201
sheep 0.0093 12 179 51 238
sheep 0.0083 76 145 117 193
sheep 0.0041 49 175 92 231
sheep 0.0028 490 150 500 195
sheep 0.0023 70 235 88 266
sheep 0.0018 0 98 144 365
sheep 0.0018 457 153 474 191
sheep 0.0015 37 212 67 243
sheep 0.0013 54 186 75 216
sheep 0.0011 170 122 273 247
sheep 0.0010 493 140 500 188
cow 0.9157 1 168 168 314
cow 0.7927 194 128 252 240
cow 0.5992 439 124 518 215
cow 0.1575 66 132 122 205
cow 0.1571 38 163 110 242
cow 0.0903 199 144 239 223
cow 0.0525 5 166 67 250
cow 0.0400 -5 149 130 254
cow 0.0395 12 179 51 238
cow 0.0331 467 142 508 201
cow 0.0063 0 98 144 365
cow 0.0058 76 145 117 193
cow 0.0054 490 150 500 195
cow 0.0039 450 144 483 196
cow 0.0033 457 153 474 191
cow 0.0030 49 175 92 231
cow 0.0025 34 206 71 249
cow 0.0020 493 140 500 188
cow 0.0017 481 142 503 220
cow 0.0013 18 187 45 220
cow 0.0012 476 158 497 187
cow 0.0010 166 130 279 247
bottle 0.0012 121 257 181 316
chair 0.0010 439 122 517 211
