person 0.9112 243 9 365 203
person 0.7990 243 -82 382 301
person 0.1137 195 29 246 140
person 0.0595 175 48 547 189
person 0.0159 226 -110 493 332
person 0.0048 105 34 136 84
person 0.0020 121 19 194 99
person 0.0013 468 36 506 244
person 0.0013 166 9 280 158
person 0.0012 147 54 170 83
person 0.0011 370 136 390 166
bird 0.0040 87 -16 154 61
bird 0.0016 99 -5 140 49
bird 0.0013 48 -22 200 71
bottle 0.0379 337 255 404 414
chair 0.6196 -34 210 240 449
chair 0.0022 -4 262 34 406
chair 0.0014 468 36 506 244
chair 0.0010 -41 240 136 430
pottedplant 0.0280 -9 -31 32 119
diningtable 0.0156 -105 230 527 369
diningtable 0.0060 -2 149 436 386
diningtable 0.0037 468 36 506 244
tvmonitor 0.9808 -14 -20 132 345
tvmonitor 0.2348 175 48 547 189
tvmonitor 0.1981 106 12 286 417
tvmonitor 0.1062 226 -110 493 332
tvmonitor 0.0460 243 -82 382 301
tvmonitor 0.0054 306 86 480 219
tvmonitor 0.0020 323 -74 492 252
