person 0.9972 116 285 166 503
person 0.9914 151 293 196 485
person 0.9892 178 291 223 497
person 0.9837 203 288 258 524
person 0.9766 192 285 255 396
person 0.9114 235 298 275 492
person 0.8416 254 279 318 519
person 0.6406 136 287 173 489
person 0.5465 197 292 236 502
person 0.3237 177 268 280 413
person 0.2015 254 291 296 460
person 0.1434 254 306 299 377
person 0.0618 201 330 236 393
person 0.0296 154 331 171 370
person 0.0229 148 321 173 396
person 0.0183 274 319 317 432
person 0.0140 234 336 269 426
person 0.0124 234 327 262 392
person 0.0115 145 313 167 445
person 0.0098 239 340 255 379
person 0.0083 254 325 287 418
person 0.0065 157 324 195 398
person 0.0060 209 307 253 446
person 0.0058 224 346 238 374
person 0.0056 287 326 323 418
person 0.0040 214 291 292 503
person 0.0035 185 335 214 406
person 0.0033 166 335 182 365
person 0.0026 236 295 307 387
person 0.0025 197 344 224 415
person 0.0025 157 347 167 371
person 0.0021 282 343 293 356
person 0.0020 212 342 229 375
person 0.0019 208 332 231 446
person 0.0017 304 306 354 447
person 0.0016 175 332 189 371
person 0.0014 243 326 258 357
person 0.0014 282 316 331 460
person 0.0014 110 297 159 426
person 0.0014 204 347 216 372
person 0.0011 252 345 266 376
person 0.0010 142 227 308 572
person 0.0010 216 338 248 401
bus 0.0055 25 -30 295 442
train 0.0038 44 -26 308 436
dog 0.0010 295 459 395 516
bottle 0.0019 193 369 207 389
bottle 0.0016 189 360 197 382
bottle 0.0014 169 365 178 376
bottle 0.0010 165 369 182 389
pottedplant 0.0031 169 165 224 276
