person 0.9950 158 122 334 357
person 0.9629 189 24 315 451
person 0.0339 167 101 243 334
person 0.0247 135 150 146 163
person 0.0230 169 140 222 287
person 0.0171 147 170 153 180
person 0.0168 297 147 310 164
person 0.0154 134 153 142 168
person 0.0141 68 168 79 182
person 0.0115 126 159 132 168
person 0.0088 291 154 313 168
person 0.0074 477 160 491 186
person 0.0072 55 168 67 182
person 0.0069 87 169 97 181
person 0.0062 0 163 8 182
person 0.0059 137 171 142 179
person 0.0055 94 168 104 180
person 0.0051 137 148 158 163
person 0.0049 74 169 84 181
person 0.0046 47 169 59 180
person 0.0042 55 156 67 167
person 0.0040 154 167 161 179
person 0.0039 491 159 500 186
person 0.0037 459 163 471 184
person 0.0036 288 173 297 185
person 0.0035 275 164 287 179
person 0.0035 293 165 311 183
person 0.0034 289 158 301 171
person 0.0033 116 160 124 168
person 0.0029 92 160 108 169
person 0.0028 106 161 114 169
person 0.0028 286 166 301 181
person 0.0028 33 168 50 180
person 0.0027 24 168 43 179
person 0.0027 24 159 40 168
person 0.0027 -1 173 4 234
person 0.0025 -33 80 536 228
person 0.0025 47 156 59 168
person 0.0025 468 162 485 185
person 0.0025 35 159 49 168
person 0.0024 280 173 288 186
person 0.0023 107 168 113 176
person 0.0023 161 150 179 162
person 0.0023 380 167 395 182
person 0.0022 373 167 387 182
person 0.0022 53 70 433 307
person 0.0022 75 159 87 168
person 0.0022 127 168 131 174
person 0.0021 85 161 98 169
person 0.0021 0 166 7 196
person 0.0021 421 159 433 168
person 0.0021 136 174 143 184
person 0.0019 117 168 122 174
person 0.0019 462 155 489 168
person 0.0019 143 154 154 167
person 0.0018 14 158 35 167
person 0.0015 273 160 290 172
person 0.0015 -79 134 251 188
person 0.0014 3 166 22 179
person 0.0014 474 157 492 171
person 0.0014 305 148 314 160
person 0.0014 303 166 317 182
person 0.0014 65 158 78 168
person 0.0013 491 153 500 175
person 0.0012 439 165 453 183
person 0.0012 363 166 377 182
person 0.0012 199 86 308 313
person 0.0012 162 166 171 181
person 0.0012 154 159 163 170
person 0.0011 272 158 281 172
person 0.0011 0 157 10 170
person 0.0011 391 167 407 181
person 0.0011 397 168 417 181
person 0.0011 411 167 422 180
person 0.0010 456 156 478 168
person 0.0010 49 150 58 162
person 0.0010 473 96 504 342
person 0.0010 399 173 415 184
person 0.0010 410 160 425 167
person 0.0010 76 172 86 185
car 0.2009 462 155 489 168
car 0.0358 443 158 468 168
car 0.0315 396 160 419 167
car 0.0266 432 159 461 169
car 0.0265 474 157 492 171
car 0.0248 456 156 478 168
car 0.0229 491 153 500 175
car 0.0213 389 159 409 167
car 0.0176 0 157 10 170
car 0.0167 326 157 355 168
car 0.0166 342 161 359 168
car 0.0162 137 148 158 163
car 0.0138 491 159 500 186
car 0.0137 14 158 35 167
car 0.0132 -2 158 27 168
car 0.0119 428 159 448 168
car 0.0092 410 160 425 167
car 0.0087 378 159 400 166
car 0.0059 368 159 388 167
car 0.0058 421 159 433 168
car 0.0053 422 150 508 175
car 0.0047 363 158 377 166
car 0.0046 24 159 40 168
car 0.0033 0 163 8 182
car 0.0030 350 160 368 168
car 0.0022 311 156 331 169
car 0.0021 291 154 313 168
car 0.0020 275 164 287 179
car 0.0020 477 160 491 186
car 0.0016 321 158 342 168
car 0.0016 14 152 33 162
car 0.0015 135 150 146 163
car 0.0014 35 159 49 168
car 0.0013 495 142 500 168
car 0.0010 462 152 487 164
aeroplane 0.0339 0 42 13 55
bus 0.0014 396 160 419 167
bus 0.0012 462 155 489 168
boat 0.0116 291 154 313 168
boat 0.0053 326 157 355 168
boat 0.0043 265 148 338 198
boat 0.0028 -33 80 536 228
boat 0.0027 137 148 158 163
boat 0.0025 0 157 10 170
boat 0.0024 46 15 455 201
boat 0.0023 320 154 459 173
boat 0.0022 -2 158 27 168
boat 0.0020 0 163 8 182
boat 0.0019 245 129 325 181
boat 0.0017 342 161 359 168
boat 0.0017 273 160 290 172
boat 0.0015 396 160 419 167
boat 0.0015 24 168 43 179
boat 0.0015 293 165 311 183
boat 0.0014 373 167 387 182
boat 0.0014 378 159 400 166
boat 0.0014 -1 156 85 193
boat 0.0014 380 167 395 182
boat 0.0014 368 159 388 167
boat 0.0014 389 159 409 167
boat 0.0013 462 155 489 168
boat 0.0013 188 131 523 190
boat 0.0013 279 150 385 176
boat 0.0012 55 156 67 167
boat 0.0010 -85 37 587 173
boat 0.0010 14 158 35 167
bird 0.3214 156 86 161 92
bird 0.3097 253 94 259 100
bird 0.1702 0 42 13 55
bird 0.1039 169 51 173 56
bird 0.0635 110 88 114 91
bird 0.0499 147 170 153 180
bird 0.0360 168 49 173 54
bird 0.0330 110 90 114 94
bird 0.0261 154 167 161 179
bird 0.0237 154 189 161 198
bird 0.0204 342 189 362 209
bird 0.0135 155 89 160 95
bird 0.0118 301 19 307 24
bird 0.0112 136 174 143 184
bird 0.0103 172 52 176 56
bird 0.0103 46 15 455 201
bird 0.0100 270 109 277 114
bird 0.0099 162 166 171 181
bird 0.0091 137 171 142 179
bird 0.0086 301 22 307 28
bird 0.0066 269 104 279 110
bird 0.0055 -33 80 536 228
bird 0.0051 231 106 236 112
bird 0.0051 260 95 266 100
bird 0.0048 316 190 323 199
bird 0.0046 143 173 151 183
bird 0.0039 138 192 159 205
bird 0.0039 173 49 177 53
bird 0.0039 253 100 258 107
bird 0.0038 115 92 119 95
bird 0.0030 0 45 10 64
bird 0.0027 127 168 131 174
bird 0.0026 171 173 182 184
bird 0.0024 259 101 270 106
bird 0.0023 443 105 446 109
bird 0.0022 269 96 275 100
bird 0.0021 441 25 445 29
bird 0.0020 230 108 236 114
bird 0.0016 5 44 14 53
bird 0.0015 438 26 442 31
bird 0.0015 162 174 173 185
bird 0.0015 -85 37 587 173
bird 0.0014 194 140 203 153
bird 0.0014 156 173 164 186
bird 0.0011 117 168 122 174
bird 0.0011 145 191 157 200
bird 0.0011 154 159 163 170
bird 0.0011 115 87 119 90
bird 0.0010 164 86 167 90
bottle 0.7205 202 255 227 325
bottle 0.0064 206 272 223 317
bottle 0.0062 230 204 259 256
chair 0.0012 179 87 314 410
pottedplant 0.0010 492 165 500 195
diningtable 0.0051 -17 106 208 346
diningtable 0.0014 0 158 213 279
