person 0.0010 110 121 446 381
chair 0.9384 342 -25 444 184
chair 0.7586 28 136 553 368
chair 0.7055 427 -60 511 303
chair 0.1417 335 -101 474 262
chair 0.1027 20 -49 472 281
chair 0.0593 -36 92 368 354
chair 0.0261 405 -30 504 195
chair 0.0250 473 -45 503 324
chair 0.0128 410 -17 459 189
chair 0.0091 474 -28 505 158
chair 0.0071 485 -17 502 134
chair 0.0067 -43 43 530 180
chair 0.0060 350 20 531 258
chair 0.0047 161 67 473 388
chair 0.0021 205 -48 432 260
chair 0.0018 422 -15 480 144
chair 0.0015 449 44 505 272
chair 0.0015 112 -107 300 225
chair 0.0013 390 -35 482 308
chair 0.0010 322 -17 461 109
chair 0.0010 474 19 503 113
sofa 0.9222 64 72 435 378
sofa 0.0915 20 -49 472 281
sofa 0.0913 -18 99 298 346
sofa 0.0166 -62 63 545 223
sofa 0.0015 427 -60 511 303
diningtable 0.0116 410 41 439 58
diningtable 0.0092 -17 -18 117 262
diningtable 0.0089 405 -30 504 195
diningtable 0.0056 335 -101 474 262
diningtable 0.0048 417 4 515 37
diningtable 0.0044 410 -17 459 189
diningtable 0.0038 367 -24 540 76
diningtable 0.0034 411 47 439 63
diningtable 0.0022 274 -2 552 92
diningtable 0.0019 -43 10 140 110
diningtable 0.0019 422 -15 480 144
diningtable 0.0018 442 13 472 28
diningtable 0.0017 401 4 511 71
diningtable 0.0015 427 -60 511 303
diningtable 0.0014 387 27 488 69
diningtable 0.0014 407 19 444 75
diningtable 0.0011 110 121 446 381
diningtable 0.0010 340 22 540 221
tvmonitor 0.0016 -27 -20 94 79
tvmonitor 0.0013 66 122 441 378
