person 0.8730 441 278 469 369
person 0.5872 478 289 505 385
person 0.0561 488 306 501 331
person 0.0075 450 301 459 317
person 0.0062 492 323 500 366
person 0.0049 446 301 454 316
person 0.0044 120 226 135 242
person 0.0040 416 282 436 354
person 0.0032 449 303 464 331
person 0.0032 492 343 501 385
person 0.0026 420 290 431 343
person 0.0023 113 228 131 246
person 0.0018 444 302 454 329
person 0.0013 485 322 502 403
person 0.0012 479 331 495 355
person 0.0012 106 230 473 443
aeroplane 0.0175 171 20 459 368
aeroplane 0.0060 79 66 566 321
train 0.0021 171 20 459 368
train 0.0013 111 115 313 413
train 0.0012 79 66 566 321
boat 0.0081 171 20 459 368
boat 0.0035 79 66 566 321
bird 0.0014 120 226 135 242
chair 0.0027 103 205 160 339
chair 0.0013 239 297 310 396
pottedplant 0.0044 129 15 456 364
