person 0.9982 88 21 312 358
person 0.9794 334 164 538 368
person 0.7626 -16 -135 129 279
person 0.6083 353 0 521 542
person 0.4349 -17 -41 117 174
person 0.3090 386 102 515 443
person 0.0143 -4 -51 23 174
person 0.0111 93 -48 267 133
person 0.0091 -11 -33 61 122
person 0.0073 -2 -57 30 489
person 0.0068 -2 34 15 473
person 0.0058 -2 -100 16 302
person 0.0046 22 10 146 202
person 0.0038 -2 -20 13 116
person 0.0029 -8 -53 57 410
person 0.0027 45 28 122 181
person 0.0027 -1 6 23 349
person 0.0023 51 -37 115 124
person 0.0020 436 147 507 436
person 0.0018 115 -123 285 263
person 0.0018 -47 13 214 205
person 0.0014 -29 57 94 180
person 0.0012 0 -18 8 191
person 0.0010 320 43 546 340
person 0.0010 225 25 264 171
person 0.0010 -2 88 7 297
car 0.0027 85 66 325 360
aeroplane 0.0031 85 66 325 360
bus 0.0120 7 0 264 387
bus 0.0025 85 66 325 360
bus 0.0011 -49 8 183 208
train 0.0022 82 40 322 272
train 0.0011 7 0 264 387
boat 0.0236 85 66 325 360
boat 0.0019 7 0 264 387
chair 0.0208 85 66 325 360
chair 0.0018 -29 57 94 180
chair 0.0015 -23 -117 156 319
sofa 0.0010 85 66 325 360
tvmonitor 0.0091 295 -130 523 271
tvmonitor 0.0017 247 -1 566 159
