person 0.7754 158 128 253 314
person 0.0978 98 67 357 379
person 0.0339 197 27 248 139
person 0.0024 485 118 503 467
person 0.0019 202 37 236 118
person 0.0011 -30 293 100 409
bicycle 0.0024 185 52 264 143
bird 0.0012 204 35 242 135
dog 0.0014 185 52 264 143
horse 0.0048 197 27 248 139
bottle 0.0120 210 234 224 264
bottle 0.0063 211 231 225 252
bottle 0.0046 217 233 232 264
bottle 0.0041 244 233 264 261
bottle 0.0019 183 213 196 229
bottle 0.0015 282 257 308 343
bottle 0.0012 198 240 214 260
chair 0.5627 11 87 200 514
chair 0.1009 399 207 432 413
chair 0.0404 -38 222 242 368
chair 0.0229 -30 293 100 409
chair 0.0140 37 218 108 256
chair 0.0117 28 182 180 430
chair 0.0107 14 195 150 324
chair 0.0099 -35 338 105 394
chair 0.0094 98 67 357 379
chair 0.0045 399 238 433 333
chair 0.0029 41 168 435 297
chair 0.0023 124 158 192 316
chair 0.0018 408 288 428 382
chair 0.0018 52 226 91 247
chair 0.0018 102 173 221 328
chair 0.0014 -14 192 75 431
chair 0.0013 41 213 128 304
chair 0.0012 166 190 207 318
chair 0.0011 -5 242 31 423
chair 0.0011 393 213 465 411
chair 0.0010 480 172 503 449
chair 0.0010 -29 213 147 455
sofa 0.9829 103 64 371 384
sofa 0.8267 11 87 200 514
sofa 0.4121 41 168 435 297
sofa 0.0928 -38 222 242 368
sofa 0.0200 28 182 180 430
sofa 0.0172 -30 293 100 409
sofa 0.0054 14 195 150 324
sofa 0.0029 -30 340 112 393
sofa 0.0024 -14 192 75 431
sofa 0.0020 -29 213 147 455
sofa 0.0020 37 218 108 256
sofa 0.0017 399 207 432 413
pottedplant 0.4227 390 107 445 237
pottedplant 0.0340 361 65 491 263
pottedplant 0.0029 405 144 437 223
pottedplant 0.0022 486 63 502 489
pottedplant 0.0011 98 67 357 379
diningtable 0.1618 149 153 349 426
diningtable 0.1314 106 209 380 303
diningtable 0.0100 -30 293 100 409
diningtable 0.0020 -30 340 112 393
diningtable 0.0013 180 226 273 275
tvmonitor 0.0064 488 28 502 199
tvmonitor 0.0047 478 15 504 214
tvmonitor 0.0019 399 238 433 333
