person 0.0013 472 79 502 314
person 0.0013 357 56 383 91
bicycle 0.0016 396 84 515 416
bottle 0.0013 102 95 120 119
chair 0.0736 -67 207 441 366
chair 0.0447 211 158 563 352
chair 0.0437 427 53 510 305
chair 0.0171 393 98 518 366
chair 0.0026 1 130 367 495
chair 0.0023 408 100 531 254
chair 0.0022 472 79 502 314
chair 0.0012 251 22 464 362
sofa 0.0111 -70 182 437 365
diningtable 0.1462 393 98 518 366
diningtable 0.0075 423 127 526 202
diningtable 0.0056 427 53 510 305
diningtable 0.0026 408 100 531 254
diningtable 0.0016 168 199 580 375
diningtable 0.0015 471 85 503 345
diningtable 0.0013 -62 204 456 367
