person 0.9329 -4 80 103 268
person 0.5754 397 84 440 208
person 0.5515 445 88 482 182
person 0.2647 398 100 433 172
person 0.1731 429 103 462 163
person 0.1294 437 110 454 140
person 0.1147 443 99 474 152
person 0.1020 447 106 464 138
person 0.0374 410 93 469 173
person 0.0327 419 100 455 187
person 0.0250 455 106 474 130
person 0.0152 493 101 500 149
person 0.0129 426 90 489 160
person 0.0116 486 84 502 185
person 0.0100 442 109 456 128
person 0.0094 428 118 448 148
person 0.0090 447 116 464 150
person 0.0073 433 111 448 140
person 0.0072 409 111 425 139
person 0.0061 -4 123 25 386
person 0.0050 394 72 516 210
person 0.0041 403 120 416 149
person 0.0037 -14 -13 116 378
person 0.0033 459 99 494 171
person 0.0030 494 113 500 174
person 0.0026 400 131 415 158
person 0.0021 468 104 507 184
person 0.0020 466 113 485 137
person 0.0016 280 122 357 225
person 0.0013 -2 129 12 256
person 0.0013 469 120 485 147
person 0.0012 -4 165 16 240
person 0.0012 -1 117 9 324
person 0.0012 330 131 368 178
person 0.0011 473 113 498 136
person 0.0010 -1 23 19 336
person 0.0010 410 121 424 145
person 0.0010 400 79 434 147
person 0.0010 354 110 423 183
bicycle 0.0050 -3 126 22 421
bicycle 0.0049 480 104 504 204
bicycle 0.0026 -17 64 124 434
bicycle 0.0013 464 90 506 202
bicycle 0.0012 435 95 519 215
car 0.0327 -20 128 119 351
car 0.0097 466 103 507 167
car 0.0086 486 84 502 185
car 0.0073 493 101 500 149
car 0.0034 480 104 504 204
car 0.0023 473 113 498 136
car 0.0018 -3 188 20 432
car 0.0013 436 90 514 178
car 0.0013 415 76 523 211
car 0.0010 494 113 500 174
car 0.0010 -5 117 26 353
motorbike 0.9955 66 11 217 429
motorbike 0.9883 176 118 273 301
motorbike 0.9845 324 81 465 269
motorbike 0.9617 251 106 351 275
motorbike 0.9323 417 93 473 228
motorbike 0.8682 -15 37 119 440
motorbike 0.7475 387 85 446 229
motorbike 0.6759 443 95 502 211
motorbike 0.6725 296 44 431 318
motorbike 0.5668 356 101 438 250
motorbike 0.4239 225 125 286 260
motorbike 0.3915 415 80 523 227
motorbike 0.3034 467 108 509 201
motorbike 0.2988 218 41 361 340
motorbike 0.2523 371 73 490 247
motorbike 0.2192 58 103 203 335
motorbike 0.1566 301 113 416 264
motorbike 0.1242 196 94 319 270
motorbike 0.1185 144 32 276 397
motorbike 0.0500 483 89 502 198
motorbike 0.0311 398 103 435 202
motorbike 0.0232 136 105 224 334
motorbike 0.0205 418 102 454 204
motorbike 0.0181 494 113 500 174
motorbike 0.0143 222 151 266 232
motorbike 0.0142 427 117 466 211
motorbike 0.0128 209 136 296 212
motorbike 0.0115 371 116 444 193
motorbike 0.0099 -4 123 25 386
motorbike 0.0098 7 150 118 349
motorbike 0.0068 441 100 475 186
motorbike 0.0066 151 130 211 262
motorbike 0.0056 280 122 357 225
motorbike 0.0055 456 114 495 193
motorbike 0.0054 454 94 514 174
motorbike 0.0053 391 124 428 183
motorbike 0.0051 396 139 419 165
motorbike 0.0033 -12 125 71 351
motorbike 0.0031 154 155 218 228
motorbike 0.0030 354 110 423 183
motorbike 0.0025 254 152 290 230
motorbike 0.0022 400 131 415 158
motorbike 0.0021 386 140 412 164
motorbike 0.0021 34 214 105 336
motorbike 0.0019 -25 143 298 295
motorbike 0.0017 493 126 500 198
motorbike 0.0015 174 119 227 279
motorbike 0.0015 374 141 405 165
motorbike 0.0015 -15 157 59 245
motorbike 0.0014 -43 133 132 262
motorbike 0.0014 194 34 472 286
motorbike 0.0013 -1 117 9 324
motorbike 0.0013 408 146 428 179
motorbike 0.0012 379 127 418 176
motorbike 0.0011 346 34 522 281
motorbike 0.0010 474 128 498 159
motorbike 0.0010 469 120 485 147
motorbike 0.0010 456 126 475 162
motorbike 0.0010 366 139 392 165
motorbike 0.0010 445 137 468 171
boat 0.0047 -20 128 119 351
horse 0.0023 -20 128 119 351
chair 0.0050 -3 126 22 421
chair 0.0025 -17 64 124 434
pottedplant 0.0104 399 81 433 135
