person 0.9962 -67 18 314 352
person 0.9768 196 12 582 361
person 0.6031 4 -33 219 408
person 0.0114 109 138 523 365
person 0.0031 152 24 587 199
person 0.0026 -15 -122 99 517
person 0.0019 0 43 485 389
person 0.0018 346 84 519 523
person 0.0014 339 150 534 372
person 0.0011 -35 32 133 348
car 0.0010 0 43 485 389
cat 0.0020 109 138 523 365
dog 0.9899 135 140 449 360
dog 0.0321 223 34 433 401
dog 0.0052 69 45 496 388
dog 0.0050 210 70 578 363
bottle 0.0020 338 300 495 409
chair 0.1609 -4 25 275 401
chair 0.1572 148 74 580 356
chair 0.0329 277 -21 497 400
chair 0.0253 -35 32 133 348
chair 0.0183 -15 -122 99 517
chair 0.0038 2 109 484 396
chair 0.0036 -5 -45 99 215
chair 0.0029 204 -52 527 270
chair 0.0026 477 49 503 345
chair 0.0024 -12 95 77 450
chair 0.0022 426 -29 476 118
chair 0.0020 -3 313 18 396
chair 0.0011 116 17 275 109
chair 0.0010 -2 79 16 505
sofa 0.9095 0 43 485 389
sofa 0.3825 236 35 491 388
sofa 0.2849 -64 30 316 288
sofa 0.1573 160 29 590 278
sofa 0.0696 16 -9 247 383
sofa 0.0371 86 115 417 346
sofa 0.0206 191 -65 448 276
sofa 0.0173 49 -47 376 268
sofa 0.0151 -10 -143 76 570
sofa 0.0120 31 24 471 196
sofa 0.0049 -21 190 507 468
sofa 0.0046 477 49 503 345
sofa 0.0035 -32 74 131 363
sofa 0.0026 -12 95 77 450
sofa 0.0021 130 142 585 366
sofa 0.0019 346 84 519 523
sofa 0.0014 436 0 511 431
sofa 0.0011 466 -37 503 430
sofa 0.0011 13 221 469 379
sofa 0.0010 339 150 534 372
tvmonitor 0.0051 465 -32 506 120
