person 0.7855 408 123 481 207
person 0.4660 2 73 40 143
person 0.4285 36 76 68 135
person 0.3849 418 136 458 191
person 0.3169 105 5 224 132
person 0.1729 -10 61 56 156
person 0.1495 33 63 51 104
person 0.1189 18 71 53 142
person 0.1116 0 51 47 225
person 0.0788 20 64 33 102
person 0.0682 -1 74 4 121
person 0.0635 474 154 489 189
person 0.0361 18 62 53 112
person 0.0325 23 69 43 100
person 0.0226 443 161 467 188
person 0.0205 37 48 87 145
person 0.0204 -2 65 12 147
person 0.0198 132 18 196 118
person 0.0192 43 86 61 123
person 0.0179 24 80 44 112
person 0.0158 462 151 492 195
person 0.0119 13 97 33 132
person 0.0119 433 139 472 193
person 0.0115 167 30 306 165
person 0.0102 43 60 86 113
person 0.0088 11 58 77 155
person 0.0080 201 22 290 113
person 0.0078 427 146 449 178
person 0.0078 0 86 7 141
person 0.0075 -1 51 10 200
person 0.0074 25 46 67 234
person 0.0068 239 196 308 284
person 0.0063 13 58 37 133
person 0.0058 0 51 3 122
person 0.0057 8 101 24 129
person 0.0057 47 67 81 92
person 0.0055 7 52 63 120
person 0.0053 37 90 49 121
person 0.0051 32 76 49 115
person 0.0047 182 54 266 140
person 0.0046 26 91 42 119
person 0.0043 24 97 44 132
person 0.0042 346 65 375 95
person 0.0041 441 160 457 185
person 0.0034 362 110 466 369
person 0.0032 32 28 422 344
person 0.0032 438 150 453 176
person 0.0025 16 78 33 113
person 0.0025 -2 13 8 142
person 0.0024 0 40 3 94
person 0.0024 254 211 297 269
person 0.0023 -2 77 30 172
person 0.0022 152 45 220 109
person 0.0020 18 88 30 122
person 0.0016 428 143 502 200
person 0.0015 59 83 82 109
person 0.0014 201 59 270 114
person 0.0012 104 51 212 117
person 0.0012 8 35 86 243
person 0.0012 6 83 24 113
person 0.0011 -22 38 82 167
person 0.0010 116 15 168 120
bicycle 0.0015 47 47 444 383
car 0.5303 47 25 439 353
car 0.0023 -70 56 555 253
motorbike 0.4210 47 47 444 383
motorbike 0.0025 30 222 538 365
bus 0.0047 52 15 434 308
boat 0.0029 47 47 444 383
dog 0.0387 239 196 308 284
dog 0.0076 254 211 297 269
dog 0.0036 211 187 339 297
dog 0.0010 443 161 467 188
cow 0.0015 211 187 339 297
cow 0.0011 239 196 308 284
bottle 0.0010 477 151 490 180
chair 0.0162 1 123 29 199
chair 0.0127 127 -14 304 93
chair 0.0108 0 91 52 219
chair 0.0097 -1 66 11 221
chair 0.0064 -2 74 27 238
chair 0.0026 0 86 7 141
chair 0.0022 47 47 444 383
chair 0.0021 0 81 5 126
chair 0.0017 138 -90 294 168
chair 0.0014 21 116 46 210
chair 0.0012 10 118 37 131
chair 0.0011 -9 111 55 155
chair 0.0010 24 97 44 132
chair 0.0010 0 83 4 185
chair 0.0010 26 117 42 130
diningtable 0.0762 -9 111 55 155
diningtable 0.0569 0 91 52 219
diningtable 0.0116 0 124 49 142
diningtable 0.0048 -2 74 27 238
diningtable 0.0030 6 110 39 201
diningtable 0.0023 10 118 37 131
diningtable 0.0022 47 47 444 383
diningtable 0.0017 -25 79 81 233
diningtable 0.0012 11 132 35 154
tvmonitor 0.0021 125 -29 312 87
