person 0.1649 372 44 537 342
person 0.0417 392 -61 520 225
person 0.0106 427 -67 508 416
person 0.0028 466 -101 505 452
person 0.0022 468 -11 506 213
person 0.0017 -11 -53 65 262
person 0.0010 480 -47 503 360
dog 0.0252 72 72 402 224
dog 0.0078 111 -87 368 359
dog 0.0072 374 26 533 307
dog 0.0025 399 5 513 225
dog 0.0020 -13 -67 71 373
horse 0.9932 67 64 407 214
horse 0.7439 -10 -41 66 275
horse 0.7273 111 -87 368 359
horse 0.6565 374 26 533 307
horse 0.6248 399 5 513 225
horse 0.0539 422 -59 510 371
horse 0.0082 468 0 505 232
horse 0.0039 480 -47 503 360
horse 0.0034 464 -90 505 403
sheep 0.0076 52 61 404 216
sheep 0.0023 -11 -34 68 299
sheep 0.0010 111 -87 368 359
cow 0.1747 -11 -53 65 262
cow 0.0022 394 -31 516 345
