person 0.9985 348 162 446 379
person 0.9892 270 147 328 404
person 0.5882 478 153 503 393
person 0.0829 486 198 503 300
person 0.0097 494 226 500 272
person 0.0065 238 234 406 398
person 0.0058 277 191 320 320
person 0.0051 496 211 500 269
person 0.0049 475 164 495 198
person 0.0042 491 157 502 286
person 0.0039 387 227 538 369
person 0.0038 428 167 512 380
person 0.0037 318 83 480 454
person 0.0033 472 154 503 210
person 0.0024 282 136 377 413
person 0.0023 207 146 244 205
person 0.0022 149 164 184 223
person 0.0017 475 224 503 294
person 0.0016 485 228 502 366
person 0.0015 265 202 302 345
person 0.0015 273 230 305 304
person 0.0013 378 181 437 357
person 0.0010 475 95 503 298
cat 0.0020 238 234 406 398
cat 0.0014 180 128 252 176
dog 0.8758 238 234 406 398
dog 0.8630 390 222 528 374
dog 0.0218 413 243 484 354
dog 0.0055 477 188 506 390
dog 0.0036 444 230 505 359
dog 0.0020 296 258 371 372
dog 0.0014 486 210 503 366
dog 0.0010 180 128 252 176
horse 0.0268 238 234 406 398
horse 0.0014 387 227 538 369
horse 0.0011 478 153 503 393
sheep 0.6860 387 227 538 369
sheep 0.0640 258 242 399 391
sheep 0.0170 477 188 506 390
sheep 0.0115 413 243 484 354
sheep 0.0032 444 230 505 359
sheep 0.0029 485 228 502 366
cow 0.0062 387 227 538 369
cow 0.0012 238 234 406 398
bottle 0.0057 121 188 138 216
bottle 0.0055 109 158 147 226
bottle 0.0019 482 247 494 267
bottle 0.0013 116 191 126 216
bottle 0.0012 149 164 184 223
chair 0.0033 -15 163 49 238
chair 0.0033 -3 104 23 403
chair 0.0022 -10 87 64 417
chair 0.0013 1 135 46 336
chair 0.0011 149 164 184 223
chair 0.0011 486 210 503 366
chair 0.0011 -5 171 33 229
pottedplant 0.0192 109 158 147 226
pottedplant 0.0119 242 277 300 336
pottedplant 0.0051 98 144 162 241
pottedplant 0.0032 128 158 154 225
pottedplant 0.0018 115 170 141 195
pottedplant 0.0010 485 186 502 331
tvmonitor 0.0014 190 153 226 209
