bird 0.9912 312 55 517 392
bird 0.9729 75 105 266 411
bird 0.8793 -17 120 149 469
bird 0.7275 198 120 308 232
bird 0.6940 287 129 496 234
bird 0.6459 76 94 346 302
bird 0.1876 317 131 400 229
bird 0.0749 175 121 371 277
bird 0.0383 44 124 252 280
bird 0.0229 485 122 503 224
bird 0.0229 251 150 572 297
bird 0.0171 -31 181 382 338
bird 0.0139 489 111 502 271
bird 0.0108 71 143 185 280
bird 0.0107 -47 202 176 385
bird 0.0077 491 144 500 199
bird 0.0070 81 164 401 259
bird 0.0068 90 157 150 266
bird 0.0044 363 117 542 274
bird 0.0041 58 180 297 290
bird 0.0035 481 87 504 306
bird 0.0033 127 97 523 282
bird 0.0026 329 149 375 213
bird 0.0019 496 131 499 233
bird 0.0012 196 128 440 232
bird 0.0011 332 138 448 221
cat 0.0010 198 120 308 232
sheep 0.0017 287 129 496 234
bottle 0.0012 -19 84 150 469
chair 0.0015 -1 202 7 392
chair 0.0010 -2 227 10 350
diningtable 0.0019 -18 125 189 469
