person 0.0026 96 20 426 381
person 0.0022 446 249 484 311
person 0.0021 5 11 112 186
person 0.0017 -1 37 8 63
person 0.0016 -4 8 50 182
person 0.0012 -4 -10 31 143
person 0.0011 -4 23 15 170
person 0.0011 61 -50 202 247
car 0.0010 -5 -53 116 244
boat 0.0190 61 -50 202 247
boat 0.0072 -5 -53 116 244
bird 0.0061 36 123 52 151
bird 0.0051 -5 -53 116 244
bird 0.0043 61 -50 202 247
bird 0.0025 65 115 80 153
bird 0.0014 118 79 157 168
bird 0.0011 -2 42 10 69
dog 0.0028 66 23 179 175
dog 0.0023 -6 1 102 176
dog 0.0015 118 79 157 168
dog 0.0014 61 -50 202 247
dog 0.0012 96 20 426 381
dog 0.0010 93 70 170 157
horse 0.0671 -4 23 15 170
horse 0.0518 -5 5 27 185
horse 0.0353 -4 15 103 179
horse 0.0102 -5 -53 116 244
horse 0.0082 66 23 179 175
horse 0.0042 61 -50 202 247
sheep 0.0974 -31 -12 128 204
sheep 0.0331 120 86 158 144
sheep 0.0296 45 -9 200 202
sheep 0.0243 -5 5 27 185
sheep 0.0183 93 70 170 157
sheep 0.0108 96 36 425 385
sheep 0.0081 63 52 185 180
sheep 0.0035 10 12 92 179
sheep 0.0019 -2 48 12 179
sheep 0.0019 53 67 88 147
sheep 0.0010 103 73 138 139
cow 0.9786 153 38 423 380
cow 0.9321 -4 15 103 179
cow 0.8060 45 -9 200 202
cow 0.8022 -5 5 27 185
cow 0.2856 -5 -53 116 244
cow 0.2136 -4 23 15 170
cow 0.0533 49 39 522 275
cow 0.0292 90 62 171 151
cow 0.0239 120 86 158 144
cow 0.0194 -2 42 10 69
cow 0.0180 63 52 185 180
cow 0.0111 0 35 42 100
cow 0.0081 -15 20 49 113
cow 0.0049 73 22 141 172
cow 0.0038 -4 23 14 93
cow 0.0034 103 73 138 139
cow 0.0028 -1 41 7 91
cow 0.0020 6 45 38 67
cow 0.0018 71 34 94 139
cow 0.0016 39 12 96 162
cow 0.0015 53 67 88 147
