person 0.9999 2 1 324 498
person 0.6226 52 -116 222 218
person 0.5906 147 15 348 244
person 0.1238 192 -63 316 311
person 0.1112 51 25 361 312
person 0.0179 174 -48 367 101
person 0.0160 215 -34 334 208
person 0.0145 53 -52 259 115
person 0.0138 24 9 306 183
person 0.0119 60 -33 172 137
person 0.0081 201 -20 268 107
person 0.0077 305 -18 340 63
person 0.0068 171 -196 328 397
person 0.0030 46 -21 270 50
person 0.0025 -19 124 351 376
person 0.0025 274 -36 345 284
person 0.0017 151 -24 392 56
person 0.0017 291 -42 341 132
person 0.0013 145 -77 246 364
person 0.0012 192 -49 280 181
person 0.0012 0 -18 428 42
person 0.0010 282 43 338 205
bicycle 0.0756 4 212 322 514
bicycle 0.0290 -62 326 260 487
bicycle 0.0016 -13 261 210 624
car 0.0020 4 212 322 514
car 0.0013 66 -71 335 136
car 0.0010 202 -123 354 232
motorbike 0.0092 9 164 320 499
motorbike 0.0029 -2 13 289 428
bus 0.0030 46 54 337 503
boat 0.0786 9 164 320 499
boat 0.0011 -2 13 289 428
horse 0.0013 4 51 279 501
chair 0.0048 220 -12 354 139
chair 0.0036 4 51 279 501
chair 0.0029 -61 254 393 484
chair 0.0016 71 167 211 281
chair 0.0011 237 10 338 97
