person 0.0420 209 248 228 287
person 0.0382 170 234 205 294
person 0.0077 138 239 169 290
person 0.0054 175 192 198 218
person 0.0054 144 246 162 286
person 0.0042 206 247 219 286
person 0.0025 160 223 219 306
person 0.0025 217 258 233 283
person 0.0024 193 235 247 298
person 0.0024 87 40 286 534
person 0.0020 178 244 198 284
person 0.0017 141 227 157 248
person 0.0017 37 202 343 373
person 0.0013 269 192 299 253
person 0.0012 176 244 190 268
person 0.0011 197 241 223 291
train 0.9994 48 203 300 371
train 0.9945 81 9 268 561
bird 0.0027 183 53 202 65
bird 0.0017 215 54 227 63
