person 0.0571 6 59 74 130
person 0.0298 26 65 57 121
person 0.0121 36 84 61 114
person 0.0090 31 78 50 106
person 0.0077 0 72 9 113
person 0.0069 30 73 47 95
person 0.0046 -3 62 17 123
person 0.0032 -45 111 178 299
person 0.0029 70 84 88 104
person 0.0023 -1 99 386 246
person 0.0019 -19 -31 157 435
person 0.0017 59 90 79 110
person 0.0013 24 82 43 103
person 0.0010 11 77 107 123
car 0.0027 47 81 147 120
car 0.0015 -8 57 74 131
motorbike 0.0011 1 72 79 124
motorbike 0.0011 -11 -38 178 441
boat 0.0152 -29 92 352 224
dog 0.0029 -19 -39 185 418
dog 0.0025 -56 111 231 262
dog 0.0013 -29 92 352 224
horse 0.0445 1 72 79 124
horse 0.0101 -1 99 386 246
horse 0.0059 -25 -43 162 422
horse 0.0037 -56 111 231 262
horse 0.0033 45 -31 282 372
horse 0.0018 47 81 147 120
horse 0.0015 -29 48 92 149
horse 0.0013 172 53 320 152
horse 0.0012 26 78 59 118
sheep 0.0095 -19 -31 157 435
sheep 0.0059 -29 92 352 224
sheep 0.0053 -56 111 231 262
sheep 0.0019 45 -31 282 372
sheep 0.0017 172 53 320 152
cow 0.9850 -19 105 343 241
cow 0.9154 -19 -39 185 418
cow 0.9066 45 -31 282 372
cow 0.3242 -47 123 211 282
cow 0.1788 172 53 320 152
cow 0.0994 100 77 167 118
cow 0.0827 1 72 79 124
cow 0.0767 -32 52 95 181
cow 0.0649 47 81 147 120
cow 0.0550 -45 71 174 157
cow 0.0347 94 71 228 116
cow 0.0205 115 84 154 105
cow 0.0198 173 80 259 128
cow 0.0191 215 73 291 144
cow 0.0190 85 64 341 140
cow 0.0173 206 68 281 116
cow 0.0097 -5 51 35 181
cow 0.0091 -12 42 70 301
cow 0.0084 -17 0 140 277
cow 0.0080 -23 85 70 156
cow 0.0079 -12 68 56 195
cow 0.0077 0 66 240 134
cow 0.0063 -3 6 20 336
cow 0.0062 150 87 247 119
cow 0.0054 36 84 61 114
cow 0.0053 237 69 301 119
cow 0.0053 0 78 9 121
cow 0.0052 -19 52 66 134
cow 0.0048 -14 72 44 127
cow 0.0046 -2 76 12 164
cow 0.0039 143 74 215 111
cow 0.0038 221 78 248 100
cow 0.0034 -7 92 126 129
cow 0.0033 114 85 136 111
cow 0.0033 188 94 226 111
cow 0.0033 -3 62 17 123
cow 0.0032 26 78 59 118
cow 0.0027 0 88 5 150
cow 0.0024 -2 87 26 114
cow 0.0023 155 -13 323 285
cow 0.0022 234 84 271 134
cow 0.0021 184 98 229 118
cow 0.0020 -8 88 31 152
cow 0.0017 9 89 35 112
cow 0.0015 164 83 198 104
cow 0.0012 -37 24 218 202
cow 0.0011 18 87 46 112
cow 0.0011 182 44 284 226
cow 0.0011 0 59 8 234
cow 0.0011 218 84 253 133
cow 0.0010 248 79 278 104
