person 0.0021 283 52 301 77
car 0.3567 15 11 88 104
car 0.0255 -5 19 51 80
car 0.0228 6 34 37 61
car 0.0204 10 42 39 71
car 0.0194 3 29 42 72
car 0.0090 8 36 26 56
car 0.0078 29 22 76 91
car 0.0040 84 203 151 281
car 0.0037 84 0 172 62
car 0.0030 -13 1 182 112
car 0.0020 5 57 25 80
car 0.0016 6 42 25 72
car 0.0012 109 251 171 328
car 0.0011 162 -22 437 65
bus 0.9974 34 91 401 254
bus 0.0966 102 -36 336 387
bus 0.0438 -7 3 100 112
bus 0.0098 22 16 82 100
bus 0.0013 169 -6 393 102
train 0.0026 33 74 436 252
train 0.0010 169 -6 393 102
boat 0.0042 15 11 88 104
tvmonitor 0.0029 273 77 529 521
tvmonitor 0.0025 229 220 570 364
