person 0.1745 235 177 255 201
person 0.0279 213 178 236 200
person 0.0200 230 161 262 207
person 0.0124 208 178 228 202
person 0.0066 243 167 260 199
person 0.0058 44 238 58 278
person 0.0054 469 192 481 206
person 0.0054 196 175 216 204
person 0.0049 478 189 496 208
person 0.0047 -1 161 9 336
person 0.0036 422 196 430 209
person 0.0029 208 163 241 204
person 0.0029 461 190 472 206
person 0.0027 180 175 196 208
person 0.0026 166 158 230 222
person 0.0019 375 79 383 93
person 0.0018 228 181 245 199
person 0.0016 39 200 69 294
person 0.0016 186 177 208 206
person 0.0015 402 199 432 224
person 0.0015 226 168 243 198
person 0.0013 324 75 342 95
person 0.0012 494 182 501 241
person 0.0012 414 197 425 210
person 0.0011 190 167 223 211
car 0.3869 402 199 432 224
car 0.3559 383 154 542 253
car 0.0548 494 182 501 241
car 0.0541 487 165 502 254
car 0.0300 392 190 447 234
car 0.0042 413 198 437 221
car 0.0040 492 180 501 206
car 0.0037 404 201 420 222
car 0.0036 468 172 507 233
car 0.0030 76 212 110 273
car 0.0013 371 185 504 237
car 0.0010 138 -41 321 431
car 0.0010 0 202 3 239
bus 0.8716 152 -55 324 447
bus 0.4920 110 113 370 273
bus 0.0343 370 152 544 256
bus 0.0084 159 78 318 315
train 0.6170 110 113 370 273
train 0.6105 152 -55 324 447
bird 0.0013 20 30 101 101
pottedplant 0.3995 56 211 89 283
pottedplant 0.3299 76 219 109 274
pottedplant 0.3213 21 196 52 279
pottedplant 0.1480 26 182 74 297
pottedplant 0.1044 54 239 69 275
pottedplant 0.0999 74 229 89 270
pottedplant 0.0992 39 196 70 284
pottedplant 0.0964 82 231 103 266
pottedplant 0.0863 44 238 58 278
pottedplant 0.0840 42 190 88 302
pottedplant 0.0566 65 244 81 272
pottedplant 0.0417 74 244 86 269
pottedplant 0.0339 60 209 120 284
pottedplant 0.0311 5 166 127 312
pottedplant 0.0259 62 231 81 267
pottedplant 0.0237 84 220 104 257
pottedplant 0.0213 48 230 75 283
pottedplant 0.0183 324 75 342 95
pottedplant 0.0129 101 239 133 259
pottedplant 0.0101 8 177 54 298
pottedplant 0.0081 42 182 76 239
pottedplant 0.0081 28 231 43 267
pottedplant 0.0069 50 195 68 221
pottedplant 0.0062 33 221 49 257
pottedplant 0.0062 -1 161 9 336
pottedplant 0.0048 37 231 48 266
pottedplant 0.0048 44 222 62 256
pottedplant 0.0046 40 242 51 274
pottedplant 0.0042 25 210 44 249
pottedplant 0.0039 83 244 96 266
pottedplant 0.0037 50 214 71 247
pottedplant 0.0033 64 197 97 266
pottedplant 0.0032 288 76 316 97
pottedplant 0.0028 65 228 94 281
pottedplant 0.0025 74 225 145 272
pottedplant 0.0024 62 218 83 241
pottedplant 0.0023 267 63 336 108
pottedplant 0.0021 28 222 96 292
pottedplant 0.0020 89 220 104 244
pottedplant 0.0020 109 228 130 255
pottedplant 0.0016 72 216 89 243
pottedplant 0.0015 46 207 60 235
pottedplant 0.0014 -3 149 26 321
pottedplant 0.0013 302 76 321 97
pottedplant 0.0012 0 198 3 281
pottedplant 0.0011 47 190 64 215
pottedplant 0.0010 283 74 305 97
