person 0.0135 302 115 318 146
person 0.0126 112 155 127 178
person 0.0049 354 152 363 170
person 0.0041 347 151 357 170
person 0.0038 288 114 302 144
person 0.0034 200 117 213 145
person 0.0031 236 159 251 175
person 0.0030 374 212 422 327
person 0.0026 209 116 223 146
person 0.0025 218 114 231 147
person 0.0018 295 116 310 145
person 0.0017 191 115 203 148
person 0.0015 180 121 195 152
person 0.0015 101 131 134 183
person 0.0014 455 124 476 148
person 0.0014 323 176 358 239
person 0.0014 447 111 463 149
person 0.0013 441 106 475 153
person 0.0011 292 168 308 191
person 0.0010 329 189 350 209
car 0.0012 381 150 453 201
car 0.0010 222 138 526 210
bird 0.0020 302 115 318 146
cat 0.0017 384 250 417 303
cat 0.0012 332 186 424 279
bottle 0.0963 328 140 337 175
bottle 0.0349 49 148 59 163
bottle 0.0247 58 148 66 163
bottle 0.0240 376 148 383 172
bottle 0.0222 354 152 363 170
bottle 0.0159 364 222 383 264
bottle 0.0141 347 151 357 170
bottle 0.0121 361 215 390 273
bottle 0.0119 384 250 417 303
bottle 0.0102 65 149 75 163
bottle 0.0102 332 172 349 189
bottle 0.0100 333 150 348 170
bottle 0.0086 328 137 338 160
bottle 0.0074 362 150 376 170
bottle 0.0065 63 144 76 158
bottle 0.0064 24 135 42 161
bottle 0.0053 96 162 106 178
bottle 0.0052 102 135 123 166
bottle 0.0041 47 167 60 180
bottle 0.0040 26 148 40 163
bottle 0.0035 75 163 88 177
bottle 0.0034 38 149 47 162
bottle 0.0032 36 64 458 267
bottle 0.0031 292 168 308 191
bottle 0.0031 82 164 99 176
bottle 0.0028 324 126 339 151
bottle 0.0025 305 169 318 191
bottle 0.0024 343 172 355 188
bottle 0.0024 19 139 32 160
bottle 0.0024 133 160 142 176
bottle 0.0023 288 114 302 144
bottle 0.0023 36 161 49 180
bottle 0.0023 343 187 361 208
bottle 0.0023 370 224 382 249
bottle 0.0022 3 141 21 160
bottle 0.0021 126 158 136 176
bottle 0.0021 75 169 88 181
bottle 0.0020 288 169 301 189
bottle 0.0020 321 122 334 142
bottle 0.0018 340 131 359 149
bottle 0.0016 29 159 42 180
bottle 0.0016 19 148 31 162
bottle 0.0016 355 158 366 170
bottle 0.0016 58 161 68 181
bottle 0.0015 389 257 410 295
bottle 0.0015 143 156 151 179
bottle 0.0015 67 167 76 182
bottle 0.0015 280 160 290 173
bottle 0.0014 331 131 352 150
bottle 0.0014 286 161 298 171
bottle 0.0013 1 134 11 165
bottle 0.0013 104 160 116 177
bottle 0.0011 37 143 46 158
bottle 0.0011 36 181 51 194
bottle 0.0010 384 112 400 152
bottle 0.0010 329 189 350 209
bottle 0.0010 5 162 21 177
chair 0.8906 411 174 460 280
chair 0.6242 261 202 326 364
chair 0.5251 329 193 411 225
chair 0.5155 386 187 511 318
chair 0.4795 467 164 505 307
chair 0.3954 274 187 347 342
chair 0.3937 332 186 424 279
chair 0.3847 232 183 372 388
chair 0.3820 291 184 331 265
chair 0.3547 319 190 345 207
chair 0.3274 375 186 403 223
chair 0.2535 428 192 485 305
chair 0.2267 303 190 374 261
chair 0.2025 294 190 327 209
chair 0.1985 329 189 350 209
chair 0.1520 278 201 312 304
chair 0.0938 346 204 398 221
chair 0.0911 311 188 335 208
chair 0.0910 448 188 487 241
chair 0.0882 252 250 542 359
chair 0.0826 343 187 361 208
chair 0.0737 483 185 504 304
chair 0.0644 437 179 498 250
chair 0.0568 415 184 454 231
chair 0.0524 344 191 375 208
chair 0.0517 276 191 386 225
chair 0.0506 279 175 365 272
chair 0.0501 358 180 415 231
chair 0.0469 360 198 396 217
chair 0.0370 439 182 468 251
chair 0.0347 320 183 359 250
chair 0.0343 314 176 348 238
chair 0.0319 467 190 503 203
chair 0.0287 292 179 370 218
chair 0.0260 283 177 344 235
chair 0.0236 303 189 418 238
chair 0.0222 353 203 391 268
chair 0.0172 328 198 354 212
chair 0.0166 468 184 507 248
chair 0.0164 257 166 414 261
chair 0.0148 255 147 492 410
chair 0.0132 425 167 475 269
chair 0.0121 371 219 422 353
chair 0.0118 262 185 402 314
chair 0.0097 316 245 423 279
chair 0.0090 319 196 344 212
chair 0.0085 445 186 472 206
chair 0.0085 471 185 498 197
chair 0.0083 364 180 396 188
chair 0.0083 491 200 500 250
chair 0.0077 337 199 363 211
chair 0.0076 445 195 466 220
chair 0.0073 270 236 438 342
chair 0.0071 490 187 498 205
chair 0.0070 451 197 481 215
chair 0.0068 400 312 435 332
chair 0.0062 456 179 512 217
chair 0.0061 371 192 402 207
chair 0.0060 315 181 405 217
chair 0.0058 296 199 307 252
chair 0.0057 253 173 311 236
chair 0.0052 454 196 480 232
chair 0.0050 367 228 534 352
chair 0.0050 327 204 354 224
chair 0.0048 466 196 507 212
chair 0.0047 288 186 299 223
chair 0.0046 289 181 314 191
chair 0.0045 411 159 531 269
chair 0.0044 334 175 381 285
chair 0.0044 333 173 368 240
chair 0.0043 308 198 337 210
chair 0.0043 366 182 415 315
chair 0.0041 394 221 463 287
chair 0.0040 303 182 321 190
chair 0.0040 368 204 411 262
chair 0.0040 86 120 491 279
chair 0.0039 375 173 442 238
chair 0.0039 493 230 501 279
chair 0.0037 337 314 379 331
chair 0.0036 341 184 377 228
chair 0.0036 273 128 520 294
chair 0.0034 304 185 342 190
chair 0.0034 461 212 490 295
chair 0.0033 321 223 355 244
chair 0.0032 492 180 499 200
chair 0.0032 321 304 397 337
chair 0.0032 382 303 474 336
chair 0.0031 321 202 342 226
chair 0.0030 493 208 499 261
chair 0.0030 312 182 351 188
chair 0.0030 453 191 474 204
chair 0.0029 268 206 511 299
chair 0.0029 487 197 501 215
chair 0.0028 281 175 326 292
chair 0.0028 287 252 415 315
chair 0.0027 328 287 412 342
chair 0.0026 320 215 356 238
chair 0.0025 285 215 303 253
chair 0.0025 486 153 501 261
chair 0.0024 101 148 176 226
sofa 0.0051 -88 168 221 263
sofa 0.0041 332 186 424 279
sofa 0.0038 101 148 176 226
sofa 0.0031 -39 76 204 323
sofa 0.0017 81 133 193 254
pottedplant 0.0271 101 131 134 183
pottedplant 0.0226 107 146 129 171
pottedplant 0.0220 102 135 123 166
pottedplant 0.0168 335 190 408 277
pottedplant 0.0128 72 33 151 104
pottedplant 0.0126 379 221 420 308
pottedplant 0.0109 343 187 361 208
pottedplant 0.0085 348 236 449 290
pottedplant 0.0081 353 203 391 268
pottedplant 0.0071 112 155 127 178
pottedplant 0.0059 360 75 380 100
pottedplant 0.0054 331 131 352 150
pottedplant 0.0041 324 126 339 151
pottedplant 0.0038 370 78 391 103
pottedplant 0.0036 340 131 359 149
pottedplant 0.0034 329 189 350 209
pottedplant 0.0034 384 250 417 303
pottedplant 0.0027 89 124 149 191
pottedplant 0.0027 321 122 334 142
pottedplant 0.0024 332 66 349 94
pottedplant 0.0019 314 115 386 161
pottedplant 0.0018 380 232 417 278
pottedplant 0.0018 122 149 135 170
pottedplant 0.0017 126 158 136 176
pottedplant 0.0016 244 69 279 106
pottedplant 0.0013 295 215 520 323
pottedplant 0.0013 387 77 408 106
pottedplant 0.0013 236 159 251 175
pottedplant 0.0012 344 65 358 99
pottedplant 0.0012 133 160 142 176
pottedplant 0.0010 -29 80 172 327
pottedplant 0.0010 349 70 370 98
pottedplant 0.0010 258 89 340 157
pottedplant 0.0010 91 151 172 207
diningtable 0.9376 270 179 524 396
diningtable 0.5336 273 195 479 302
diningtable 0.3863 222 236 569 345
diningtable 0.1923 467 190 503 203
diningtable 0.1875 275 191 427 223
diningtable 0.1459 466 196 507 212
diningtable 0.1093 299 234 440 275
diningtable 0.0813 456 182 514 229
diningtable 0.0802 288 177 375 256
diningtable 0.0588 467 164 505 307
diningtable 0.0558 330 187 426 269
diningtable 0.0494 232 176 476 251
diningtable 0.0459 438 177 512 253
diningtable 0.0219 487 197 501 215
diningtable 0.0206 279 185 367 228
diningtable 0.0198 482 177 503 274
diningtable 0.0190 489 200 502 232
diningtable 0.0120 428 185 522 212
diningtable 0.0117 346 204 398 221
diningtable 0.0108 292 225 389 269
diningtable 0.0107 328 198 354 212
diningtable 0.0104 408 148 532 317
diningtable 0.0099 329 193 411 225
diningtable 0.0093 292 182 408 216
diningtable 0.0090 448 188 487 241
diningtable 0.0079 490 187 498 205
diningtable 0.0077 344 183 405 307
diningtable 0.0075 473 203 499 227
diningtable 0.0073 138 167 576 219
diningtable 0.0071 319 196 344 212
diningtable 0.0067 445 195 466 220
diningtable 0.0067 451 197 481 215
diningtable 0.0048 319 190 345 207
diningtable 0.0046 439 182 468 251
diningtable 0.0043 471 185 498 197
diningtable 0.0036 337 199 363 211
diningtable 0.0035 404 166 483 268
diningtable 0.0034 322 177 418 194
diningtable 0.0031 274 166 391 291
diningtable 0.0030 283 178 380 197
diningtable 0.0028 160 141 554 206
diningtable 0.0027 86 120 491 279
diningtable 0.0026 312 182 351 188
diningtable 0.0024 493 208 499 261
diningtable 0.0023 343 197 377 211
diningtable 0.0021 253 173 311 236
diningtable 0.0021 413 177 455 273
diningtable 0.0021 442 186 493 307
diningtable 0.0021 294 190 327 209
diningtable 0.0021 308 198 337 210
diningtable 0.0020 475 213 498 236
diningtable 0.0019 329 189 350 209
diningtable 0.0017 287 252 415 315
diningtable 0.0014 394 221 463 287
diningtable 0.0014 273 128 520 294
diningtable 0.0013 445 186 472 206
diningtable 0.0012 358 180 415 231
diningtable 0.0012 453 191 474 204
diningtable 0.0011 289 181 314 191
diningtable 0.0011 454 196 480 232
diningtable 0.0011 343 187 361 208
diningtable 0.0011 347 182 393 188
diningtable 0.0011 204 166 590 325
diningtable 0.0010 467 191 488 200
diningtable 0.0010 449 219 483 234
tvmonitor 0.0048 101 148 176 226
tvmonitor 0.0012 434 97 491 164
