person 0.9997 260 58 368 316
person 0.9992 -3 23 127 338
person 0.5852 -35 86 155 281
person 0.4663 245 -18 391 402
person 0.0033 163 100 169 107
person 0.0017 9 51 115 243
person 0.0014 0 42 66 316
person 0.0011 8 75 56 241
bicycle 0.9978 229 67 401 414
bicycle 0.9939 0 127 125 348
bicycle 0.0203 279 145 388 335
bicycle 0.0135 251 76 359 314
bicycle 0.0052 -13 -91 135 454
bicycle 0.0021 292 157 341 281
bicycle 0.0020 296 111 416 259
bicycle 0.0020 251 156 307 291
bicycle 0.0018 329 121 391 247
bicycle 0.0012 183 137 454 314
bicycle 0.0012 240 194 309 235
bicycle 0.0011 315 170 385 236
car 0.0018 135 101 146 108
car 0.0014 489 132 501 151
bird 0.0019 460 235 479 252
bottle 0.0219 302 217 319 251
bottle 0.0067 295 207 325 261
bottle 0.0024 298 187 327 247
bottle 0.0020 337 185 365 206
bottle 0.0019 315 188 331 204
bottle 0.0018 304 197 321 214
bottle 0.0015 44 204 59 231
bottle 0.0014 63 175 78 198
bottle 0.0012 460 235 479 252
bottle 0.0011 302 197 322 234
bottle 0.0010 320 187 338 202
bottle 0.0010 311 213 327 240
bottle 0.0010 311 195 331 216
