person 0.1697 -2 344 14 383
person 0.1442 393 241 410 264
person 0.1035 229 343 241 370
person 0.0090 0 362 12 382
person 0.0060 -7 340 27 387
person 0.0051 382 230 419 273
person 0.0033 159 212 173 228
person 0.0028 238 346 248 366
person 0.0027 382 239 394 264
person 0.0023 317 238 327 260
person 0.0020 221 340 235 371
person 0.0019 374 240 386 263
person 0.0015 366 217 431 284
person 0.0014 334 6 462 68
person 0.0013 409 254 422 280
person 0.0013 208 328 242 381
person 0.0012 230 339 239 356
person 0.0012 325 237 339 260
person 0.0012 397 244 416 270
person 0.0010 442 244 453 261
car 0.0505 148 216 171 230
car 0.0276 325 181 360 195
car 0.0240 113 213 142 225
car 0.0209 159 212 173 228
car 0.0164 371 216 391 226
car 0.0125 347 177 372 192
car 0.0114 337 179 363 191
car 0.0072 0 245 11 275
car 0.0065 331 165 426 196
car 0.0064 0 362 12 382
car 0.0063 248 179 263 191
car 0.0047 129 217 149 227
car 0.0045 399 175 413 186
car 0.0043 -2 344 14 383
car 0.0041 389 175 410 186
car 0.0038 361 177 398 188
car 0.0034 353 177 385 191
car 0.0033 377 177 401 187
car 0.0030 358 217 381 226
car 0.0028 322 184 341 194
car 0.0017 398 168 413 181
car 0.0016 136 216 163 228
car 0.0015 323 178 343 192
car 0.0011 0 230 6 270
car 0.0011 306 169 378 201
car 0.0010 150 221 182 234
car 0.0010 162 213 191 230
motorbike 0.0012 -2 344 14 383
bus 0.0713 374 183 542 329
bus 0.0077 140 103 490 393
bus 0.0036 386 127 522 394
bus 0.0023 290 190 459 305
bus 0.0017 71 150 262 252
bus 0.0011 344 212 436 288
train 0.9451 157 107 473 365
train 0.9271 374 183 542 329
train 0.0662 71 150 262 252
train 0.0620 386 127 522 394
train 0.0283 -5 127 440 317
train 0.0053 66 197 574 320
train 0.0027 43 148 357 217
train 0.0023 135 159 459 240
train 0.0020 14 238 481 362
train 0.0018 277 187 469 295
train 0.0010 -52 178 305 246
train 0.0010 85 172 248 231
