person 0.0421 247 144 260 163
person 0.0295 164 143 175 163
person 0.0248 188 145 201 163
person 0.0232 293 139 307 165
person 0.0201 86 144 100 163
person 0.0151 184 145 196 163
person 0.0142 -33 2 482 324
person 0.0129 132 139 146 165
person 0.0124 345 139 360 164
person 0.0108 228 141 241 163
person 0.0104 240 144 253 164
person 0.0087 314 144 327 164
person 0.0076 338 141 349 163
person 0.0075 142 141 154 164
person 0.0072 91 142 105 162
person 0.0071 170 143 181 163
person 0.0071 288 139 302 166
person 0.0069 227 136 238 153
person 0.0064 308 142 320 164
person 0.0061 209 142 222 163
person 0.0060 267 141 281 164
person 0.0043 221 142 234 163
person 0.0035 201 144 215 164
person 0.0034 258 140 271 165
person 0.0033 276 141 289 164
person 0.0028 131 133 143 158
person 0.0027 102 141 118 163
person 0.0027 208 137 221 153
person 0.0021 126 137 139 166
person 0.0020 373 144 389 165
person 0.0018 113 141 123 163
person 0.0016 0 140 2 203
person 0.0014 293 136 306 155
person 0.0014 190 153 201 163
person 0.0013 223 137 234 153
person 0.0012 -105 103 556 223
person 0.0011 266 137 278 154
person 0.0011 247 137 259 153
person 0.0011 379 143 394 163
person 0.0010 7 133 20 156
person 0.0010 -2 113 7 250
train 0.9976 -41 -4 530 333
train 0.9934 -96 105 583 222
train 0.1446 39 51 441 227
train 0.0107 439 86 506 230
train 0.0047 433 125 513 182
train 0.0024 488 92 502 213
train 0.0019 410 76 529 206
train 0.0018 -17 -17 71 254
train 0.0015 430 -7 510 287
train 0.0014 474 45 503 271
