person 0.0030 -14 -32 86 247
person 0.0019 341 86 541 309
car 0.0136 235 42 308 93
car 0.0028 247 60 295 80
car 0.0016 211 4 346 152
bottle 0.1399 184 173 221 247
bottle 0.0032 225 222 259 262
bottle 0.0031 185 158 223 310
bottle 0.0017 210 88 264 236
bottle 0.0017 157 227 180 287
bottle 0.0016 184 208 224 251
bottle 0.0012 395 112 429 155
chair 0.9987 117 -144 274 418
chair 0.9978 120 0 274 276
chair 0.9941 -16 -10 89 257
chair 0.8853 75 59 300 224
chair 0.0270 356 52 522 539
chair 0.0248 361 228 421 422
chair 0.0194 -19 -102 120 344
chair 0.0166 84 229 322 445
chair 0.0162 341 86 541 309
chair 0.0141 372 -35 519 345
chair 0.0055 390 46 526 265
chair 0.0020 332 189 545 388
chair 0.0014 118 127 253 264
sofa 0.9842 346 98 536 359
sofa 0.1607 356 52 522 539
sofa 0.0180 -14 -32 86 247
sofa 0.0112 415 44 515 266
sofa 0.0107 125 -7 268 313
sofa 0.0050 361 228 421 422
sofa 0.0044 377 177 521 438
sofa 0.0040 75 59 300 224
sofa 0.0023 84 229 322 445
sofa 0.0021 328 37 552 278
sofa 0.0013 -31 214 474 362
sofa 0.0013 114 125 540 322
sofa 0.0010 264 199 559 382
pottedplant 0.8791 294 -18 446 252
pottedplant 0.3952 359 62 474 177
pottedplant 0.3138 207 105 266 249
pottedplant 0.1105 299 38 422 200
pottedplant 0.0539 387 71 448 166
pottedplant 0.0391 181 125 298 261
pottedplant 0.0389 197 139 280 225
pottedplant 0.0185 406 93 446 154
pottedplant 0.0077 395 110 434 156
pottedplant 0.0075 397 91 475 158
pottedplant 0.0073 380 82 418 150
pottedplant 0.0064 368 62 420 167
pottedplant 0.0044 85 200 249 300
pottedplant 0.0030 199 79 279 307
pottedplant 0.0028 388 111 411 141
pottedplant 0.0024 -13 -27 95 241
pottedplant 0.0017 414 111 440 139
pottedplant 0.0015 328 87 410 167
pottedplant 0.0014 426 105 466 146
pottedplant 0.0011 122 0 257 254
pottedplant 0.0010 425 112 451 140
diningtable 0.4939 24 185 461 346
diningtable 0.0353 106 54 393 410
diningtable 0.0145 157 155 347 431
diningtable 0.0063 -13 -27 95 241
diningtable 0.0024 25 223 264 330
diningtable 0.0016 -37 12 108 113
diningtable 0.0014 75 67 206 215
tvmonitor 0.0057 -7 -12 29 34
