person 0.0090 -2 -12 438 330
car 0.0207 111 -20 521 330
dog 0.8611 0 40 556 271
dog 0.0311 116 -16 516 375
chair 0.5988 -2 -12 438 330
chair 0.0676 -40 31 164 320
chair 0.0059 -9 18 575 214
chair 0.0026 -47 157 528 468
chair 0.0017 320 174 536 356
chair 0.0015 24 244 458 371
chair 0.0015 317 21 544 346
chair 0.0012 127 -36 510 274
sofa 0.6208 58 -4 451 361
sofa 0.0435 -17 63 537 286
sofa 0.0070 -47 157 528 468
sofa 0.0064 24 244 458 371
sofa 0.0046 -40 31 164 320
diningtable 0.2370 -47 157 528 468
diningtable 0.0532 24 244 458 371
diningtable 0.0015 341 61 523 524
diningtable 0.0012 252 212 570 377
tvmonitor 0.0083 315 9 546 214
tvmonitor 0.0010 111 -20 521 330
