person 0.0350 473 244 505 309
person 0.0288 231 98 283 215
person 0.0107 -19 54 112 380
person 0.0074 181 152 196 198
person 0.0071 490 256 500 300
person 0.0069 239 115 273 194
person 0.0063 175 144 202 204
person 0.0061 155 138 182 210
person 0.0051 471 200 505 381
person 0.0037 -10 127 65 376
person 0.0036 489 244 501 274
person 0.0036 107 160 119 201
person 0.0030 199 83 316 235
person 0.0029 159 161 176 201
person 0.0026 478 259 497 296
person 0.0018 245 144 265 181
person 0.0018 142 129 213 219
person 0.0018 100 151 122 215
person 0.0017 482 237 502 335
person 0.0015 479 230 504 291
person 0.0014 493 259 499 313
person 0.0013 457 246 477 276
person 0.0013 107 53 448 371
person 0.0010 -45 152 159 363
person 0.0010 443 253 465 280
person 0.0010 475 243 498 274
car 0.3084 478 237 505 303
car 0.0640 489 244 501 274
car 0.0330 490 256 500 300
car 0.0237 451 224 515 296
car 0.0146 467 204 506 346
car 0.0073 478 259 497 296
car 0.0033 475 243 498 274
car 0.0028 434 237 470 285
car 0.0021 493 259 499 313
car 0.0014 442 247 465 274
car 0.0011 426 229 487 293
motorbike 0.0014 473 244 505 309
bus 0.0017 443 220 512 297
bus 0.0010 478 237 505 303
train 0.9990 87 48 426 345
train 0.0942 -40 62 556 264
train 0.0012 -40 95 147 352
