person 0.9969 80 1 331 487
person 0.1813 3 56 406 375
person 0.0797 -63 301 258 493
person 0.0197 -42 386 131 550
person 0.0050 -14 231 201 637
person 0.0038 252 484 380 506
person 0.0035 8 212 330 514
person 0.0032 -16 236 103 556
person 0.0014 70 -152 248 320
car 0.0016 112 13 346 488
motorbike 0.0028 74 36 334 510
bottle 0.0467 142 191 374 408
bottle 0.0031 35 -2 318 449
bottle 0.0027 -63 301 258 493
bottle 0.0019 175 10 340 558
chair 0.0018 -42 386 131 550
sofa 0.0022 74 36 334 510
diningtable 0.0018 74 36 334 510
tvmonitor 0.0080 84 -6 330 375
