person 0.9896 319 105 543 291
person 0.9880 162 83 270 262
person 0.9840 281 -17 431 398
person 0.9464 346 -103 521 499
person 0.9462 291 74 424 292
person 0.9144 -76 113 269 356
person 0.5681 -8 72 40 283
person 0.2757 100 53 188 339
person 0.1393 55 146 313 489
person 0.1307 -4 36 36 437
person 0.0515 148 16 288 310
person 0.0272 379 31 520 361
person 0.0148 -8 107 30 179
person 0.0122 -9 9 57 497
person 0.0114 48 -10 227 399
person 0.0104 120 90 176 265
person 0.0097 130 118 186 312
person 0.0096 133 155 256 306
person 0.0087 -2 100 15 188
person 0.0072 -2 23 15 521
person 0.0052 -3 1 23 240
person 0.0040 0 125 5 180
person 0.0038 204 190 262 271
person 0.0034 -1 80 8 244
person 0.0027 484 -5 501 440
person 0.0027 349 142 409 198
person 0.0027 130 145 169 222
person 0.0020 288 29 321 87
person 0.0018 386 138 453 230
person 0.0014 210 199 248 262
person 0.0014 230 148 583 373
person 0.0011 0 131 3 194
person 0.0011 431 46 508 422
person 0.0010 3 109 327 278
person 0.0010 309 100 358 250
person 0.0010 177 164 300 311
bottle 0.4009 329 249 375 369
bottle 0.2463 354 253 406 405
bottle 0.1796 343 229 384 302
bottle 0.1215 271 195 299 264
bottle 0.0711 417 242 476 373
bottle 0.0417 322 217 359 297
bottle 0.0269 275 203 290 242
bottle 0.0175 288 237 329 322
bottle 0.0114 283 172 319 336
bottle 0.0080 313 258 382 316
bottle 0.0077 212 200 253 262
bottle 0.0067 316 191 356 325
bottle 0.0058 389 244 509 375
bottle 0.0047 183 141 545 479
bottle 0.0038 296 148 340 325
bottle 0.0032 407 205 494 420
bottle 0.0031 283 202 298 239
bottle 0.0030 271 227 338 329
bottle 0.0030 245 217 279 266
bottle 0.0026 334 273 365 301
bottle 0.0024 305 163 339 256
bottle 0.0022 386 138 453 230
bottle 0.0020 354 158 516 450
bottle 0.0017 311 136 352 295
bottle 0.0017 274 227 293 254
bottle 0.0017 352 256 430 315
bottle 0.0016 346 216 392 368
bottle 0.0015 250 193 304 314
bottle 0.0015 133 178 590 366
bottle 0.0014 272 235 296 260
bottle 0.0013 386 255 438 369
bottle 0.0012 286 216 322 269
bottle 0.0011 267 117 562 314
bottle 0.0011 360 334 434 393
bottle 0.0011 305 330 393 382
bottle 0.0010 314 237 437 393
bottle 0.0010 392 257 502 316
bottle 0.0010 306 209 373 306
bottle 0.0010 251 194 334 264
chair 0.0410 140 97 293 249
chair 0.0261 159 184 177 215
chair 0.0248 377 162 418 224
chair 0.0225 125 150 255 312
chair 0.0145 58 176 307 471
chair 0.0119 23 164 59 185
chair 0.0083 262 154 326 243
chair 0.0049 346 -19 521 451
chair 0.0048 14 151 74 199
chair 0.0041 334 112 459 240
chair 0.0041 217 205 251 220
chair 0.0035 165 189 188 214
chair 0.0031 349 142 409 198
chair 0.0030 407 235 434 258
chair 0.0028 154 177 185 225
chair 0.0027 -8 81 40 309
chair 0.0024 362 158 397 184
chair 0.0021 -2 23 15 521
chair 0.0020 357 146 425 239
chair 0.0020 389 140 443 245
chair 0.0019 221 192 447 282
chair 0.0018 137 137 214 226
chair 0.0016 105 178 146 327
chair 0.0013 132 149 185 316
chair 0.0013 177 181 272 224
chair 0.0012 -52 131 178 369
chair 0.0011 290 62 420 361
chair 0.0011 -3 168 20 454
chair 0.0011 301 97 395 174
sofa 0.0064 140 97 293 249
sofa 0.0032 150 12 287 344
sofa 0.0024 346 -19 521 451
sofa 0.0021 254 0 423 380
sofa 0.0014 267 117 562 314
sofa 0.0011 -85 117 338 346
sofa 0.0011 133 178 590 366
pottedplant 0.0020 370 280 534 418
pottedplant 0.0010 272 112 561 284
diningtable 0.2155 25 226 621 357
diningtable 0.1319 58 133 530 480
diningtable 0.0259 188 217 552 449
diningtable 0.0141 117 171 475 375
diningtable 0.0077 216 72 434 369
diningtable 0.0057 129 89 379 357
diningtable 0.0024 346 -19 521 451
diningtable 0.0016 16 162 568 302
diningtable 0.0015 461 285 506 410
diningtable 0.0013 215 133 374 287
tvmonitor 0.0130 235 141 294 279
tvmonitor 0.0025 207 123 354 296
tvmonitor 0.0023 262 154 326 243
