bicycle 0.0012 0 5 344 271
car 0.0012 40 -13 462 348
cat 0.9971 7 -10 336 352
cat 0.0185 -107 25 451 227
cat 0.0122 -80 98 421 311
chair 0.0795 40 -13 462 348
chair 0.0249 369 -42 482 157
chair 0.0092 0 5 344 271
chair 0.0042 -3 -55 22 179
chair 0.0020 -5 61 30 252
chair 0.0010 -103 8 379 166
sofa 0.1505 40 -13 462 348
sofa 0.0038 34 153 602 329
pottedplant 0.0017 40 -13 462 348
pottedplant 0.0012 0 5 344 271
diningtable 0.0053 40 -13 462 348
diningtable 0.0011 0 5 344 271
diningtable 0.0010 -5 61 30 252
tvmonitor 0.0047 -3 -55 22 179
