person 0.0193 413 282 529 413
person 0.0068 429 199 510 428
person 0.0051 284 26 301 55
person 0.0040 237 149 258 191
person 0.0029 -8 147 327 329
person 0.0026 275 12 314 63
person 0.0020 -2 -91 12 446
person 0.0020 230 135 266 195
person 0.0018 211 130 238 195
person 0.0018 305 32 486 417
person 0.0018 261 0 323 76
person 0.0017 462 134 506 301
person 0.0014 218 138 232 185
person 0.0012 208 140 222 169
person 0.0010 277 28 293 53
bird 0.0012 342 13 360 40
dog 0.0011 -5 201 305 371
bottle 0.8320 326 206 362 345
bottle 0.0035 42 193 83 320
bottle 0.0024 180 108 207 201
chair 0.8839 -13 180 329 353
chair 0.1939 92 86 184 168
chair 0.1922 413 282 529 413
chair 0.1677 44 46 277 479
chair 0.0798 45 67 201 212
chair 0.0144 429 199 510 428
chair 0.0131 194 151 566 351
chair 0.0062 388 89 520 422
chair 0.0046 -3 59 20 376
chair 0.0032 172 79 302 274
chair 0.0025 252 1 497 434
chair 0.0022 277 206 361 413
chair 0.0020 474 160 502 426
chair 0.0017 115 89 176 218
chair 0.0014 491 200 501 395
chair 0.0014 465 248 506 412
chair 0.0011 136 81 281 376
chair 0.0010 232 113 283 239
chair 0.0010 360 213 528 461
sofa 0.9891 187 139 570 317
sofa 0.4898 252 1 497 434
sofa 0.4256 -13 180 329 353
sofa 0.0735 413 282 529 413
sofa 0.0728 44 46 277 479
sofa 0.0291 429 199 510 428
sofa 0.0164 388 89 520 422
sofa 0.0125 92 86 184 168
sofa 0.0041 45 67 201 212
sofa 0.0031 476 114 502 434
sofa 0.0018 463 61 504 486
sofa 0.0016 465 248 506 412
sofa 0.0011 331 73 551 319
pottedplant 0.2271 338 136 442 331
pottedplant 0.0774 305 32 486 417
pottedplant 0.0668 3 114 95 325
pottedplant 0.0375 162 -19 320 248
pottedplant 0.0243 181 141 217 207
pottedplant 0.0200 172 126 241 222
pottedplant 0.0148 242 49 303 163
pottedplant 0.0093 13 136 80 261
pottedplant 0.0072 191 155 587 346
pottedplant 0.0054 198 140 233 205
pottedplant 0.0048 182 32 298 211
pottedplant 0.0041 209 164 279 221
pottedplant 0.0026 221 113 254 157
pottedplant 0.0016 211 102 279 168
pottedplant 0.0016 228 83 283 194
pottedplant 0.0013 44 141 100 206
pottedplant 0.0012 -10 28 69 368
pottedplant 0.0012 40 136 85 335
pottedplant 0.0012 222 32 325 179
pottedplant 0.0010 205 47 273 186
pottedplant 0.0010 -2 -91 12 446
diningtable 0.0167 194 151 566 351
diningtable 0.0116 259 124 497 480
diningtable 0.0036 37 88 203 227
diningtable 0.0021 391 147 519 437
tvmonitor 0.0043 -2 55 8 175
tvmonitor 0.0029 0 77 2 153
tvmonitor 0.0013 161 91 286 237
