person 0.0020 -18 90 438 319
bicycle 0.0011 89 193 265 359
car 0.7948 19 60 368 422
car 0.2113 -64 80 457 283
car 0.0186 -112 191 494 374
motorbike 0.0128 19 60 368 422
motorbike 0.0015 -70 150 458 341
bus 0.0045 51 40 367 389
bus 0.0010 -64 80 457 283
boat 0.0014 26 49 363 387
dog 0.0066 -18 90 438 319
pottedplant 0.0259 192 -97 399 206
pottedplant 0.0165 -27 94 87 277
pottedplant 0.0149 -9 116 63 256
pottedplant 0.0140 101 1 443 190
pottedplant 0.0019 -9 78 65 364
diningtable 0.0108 15 127 366 429
