person 0.9373 175 -15 477 357
person 0.1471 44 30 460 257
person 0.0724 39 110 528 308
person 0.0382 -99 159 363 326
person 0.0343 315 7 548 331
person 0.0128 105 59 314 431
person 0.0108 231 142 575 331
person 0.0019 164 53 398 451
person 0.0015 -62 73 569 210
person 0.0012 122 156 290 313
bottle 0.9667 280 215 323 363
bottle 0.0043 280 218 302 361
chair 0.0086 119 99 613 321
chair 0.0017 -12 67 70 289
chair 0.0012 444 219 510 373
sofa 0.7379 26 63 477 345
sofa 0.1521 -105 76 378 263
sofa 0.0214 235 -31 483 372
sofa 0.0165 150 11 595 328
sofa 0.0128 17 31 273 378
sofa 0.0056 -99 159 363 326
sofa 0.0031 -62 73 569 210
sofa 0.0024 -12 67 70 289
sofa 0.0014 231 142 575 331
diningtable 0.0014 203 267 432 368
