person 0.5460 202 150 243 233
person 0.0715 185 134 250 246
person 0.0043 218 174 228 194
person 0.0042 139 76 489 377
person 0.0034 144 146 170 255
person 0.0023 492 194 500 245
person 0.0022 490 189 499 216
person 0.0018 221 145 246 220
person 0.0013 72 138 91 228
person 0.0013 190 151 224 231
car 0.0138 480 172 504 252
car 0.0015 469 124 506 270
car 0.0015 492 194 500 245
bus 0.0219 480 172 504 252
bus 0.0021 139 76 489 377
bus 0.0016 469 124 506 270
train 0.9879 75 79 456 366
train 0.3463 480 172 504 252
train 0.1596 469 124 506 270
train 0.0059 491 185 499 238
train 0.0031 490 189 499 216
train 0.0021 468 148 507 218
train 0.0011 489 181 501 206
sofa 0.0021 139 76 489 377
pottedplant 0.0034 44 159 76 223
diningtable 0.0042 76 107 451 389
