person 0.1205 302 176 320 188
person 0.0462 294 177 314 189
person 0.0374 -1 7 4 48
person 0.0059 282 175 302 189
person 0.0048 0 16 3 52
person 0.0037 312 174 328 188
person 0.0030 152 9 165 31
person 0.0022 307 201 382 277
person 0.0021 277 175 293 188
person 0.0017 322 169 343 189
person 0.0015 304 179 319 192
person 0.0013 287 181 301 192
person 0.0012 36 7 47 24
person 0.0011 242 17 253 31
car 0.9857 206 146 398 237
car 0.0019 367 134 392 144
car 0.0017 245 169 360 196
train 0.0312 -70 -37 554 70
train 0.0083 -1 -6 481 47
bird 0.0029 114 245 123 255
