person 0.0031 193 0 483 384
person 0.0019 365 -134 519 267
person 0.0019 -14 0 80 249
person 0.0016 468 -54 506 173
person 0.0011 401 -45 507 165
motorbike 0.0010 187 29 486 397
boat 0.0031 187 29 486 397
cat 0.0557 222 2 487 380
cat 0.0056 129 33 591 276
cat 0.0011 179 -44 394 251
dog 0.8829 222 2 487 380
dog 0.4292 138 89 584 348
dog 0.0077 54 33 447 354
dog 0.0023 162 93 366 179
dog 0.0015 179 -44 394 251
horse 0.1131 137 36 582 347
sheep 0.0021 137 36 582 347
cow 0.0017 222 2 487 380
bottle 0.0040 -12 8 77 266
chair 0.0122 187 29 486 397
chair 0.0067 468 -54 506 173
chair 0.0049 -12 8 77 266
chair 0.0030 132 157 586 363
chair 0.0015 281 253 430 423
sofa 0.0054 187 29 486 397
sofa 0.0020 132 157 586 363
diningtable 0.0074 54 33 447 354
diningtable 0.0033 -92 124 430 329
diningtable 0.0013 468 -54 506 173
tvmonitor 0.0022 -12 8 77 266
