person 0.9973 -39 54 162 464
person 0.0107 335 144 381 338
person 0.0027 79 68 119 258
person 0.0022 206 11 415 337
person 0.0018 326 -23 379 423
person 0.0017 79 83 110 160
person 0.0013 90 127 146 318
chair 0.0186 90 127 146 318
chair 0.0031 335 144 381 338
chair 0.0020 79 133 126 305
chair 0.0018 85 147 149 241
pottedplant 0.2954 103 51 370 450
pottedplant 0.0129 1 62 473 289
pottedplant 0.0069 90 143 144 258
pottedplant 0.0058 4 141 478 421
pottedplant 0.0027 206 11 415 337
pottedplant 0.0022 33 28 271 319
pottedplant 0.0016 305 -22 388 50
pottedplant 0.0013 252 2 306 133
pottedplant 0.0012 230 -109 395 218
pottedplant 0.0012 79 68 119 258
pottedplant 0.0010 19 -106 280 205
diningtable 0.0680 94 92 374 460
diningtable 0.0306 335 144 381 338
diningtable 0.0093 91 161 145 320
diningtable 0.0066 4 141 478 421
