person 0.9863 122 138 517 338
person 0.8788 -79 181 275 365
person 0.1102 473 239 504 425
person 0.0842 479 316 505 395
person 0.0434 -126 224 483 361
person 0.0261 185 26 388 420
person 0.0185 -22 61 229 393
person 0.0115 31 141 230 322
person 0.0072 485 269 502 405
person 0.0069 482 70 501 518
person 0.0061 66 139 181 410
person 0.0037 5 158 424 373
person 0.0021 487 343 501 383
person 0.0012 -5 243 28 422
person 0.0011 494 315 499 378
person 0.0010 466 140 505 482
car 0.0128 48 169 435 370
motorbike 0.0016 48 169 435 370
aeroplane 0.0038 297 -15 361 28
aeroplane 0.0019 48 169 435 370
aeroplane 0.0018 309 -7 349 19
train 0.0017 48 107 438 345
boat 0.6608 5 158 424 373
boat 0.1250 57 83 440 301
boat 0.0567 -82 150 573 297
boat 0.0141 461 79 488 93
boat 0.0124 -79 181 275 365
boat 0.0122 -126 224 483 361
boat 0.0039 18 68 235 383
boat 0.0036 185 26 388 420
boat 0.0036 458 81 476 94
boat 0.0033 463 90 469 96
boat 0.0030 122 138 517 338
boat 0.0021 410 79 426 89
boat 0.0020 0 82 13 106
boat 0.0011 0 77 11 97
bird 0.1041 297 -15 361 28
bird 0.0267 311 -6 337 20
bird 0.0018 308 -3 351 12
horse 0.0046 25 210 459 377
bottle 0.0129 122 225 169 367
bottle 0.0024 479 316 505 395
bottle 0.0011 132 263 165 353
chair 0.1236 94 163 501 356
chair 0.0147 185 26 388 420
chair 0.0119 -57 230 550 367
chair 0.0093 473 239 504 425
chair 0.0063 479 316 505 395
chair 0.0043 48 129 445 497
chair 0.0036 62 119 224 490
chair 0.0029 299 64 451 458
chair 0.0028 -74 198 269 374
chair 0.0022 111 223 223 410
chair 0.0020 487 343 501 383
chair 0.0014 485 269 502 405
chair 0.0013 398 237 518 415
sofa 0.1117 25 210 459 377
sofa 0.0392 121 151 522 364
sofa 0.0164 -3 124 427 501
sofa 0.0056 473 239 504 425
sofa 0.0033 398 237 518 415
sofa 0.0029 185 26 388 420
sofa 0.0011 -82 150 573 297
sofa 0.0011 472 316 506 396
sofa 0.0010 -74 198 269 374
diningtable 0.0012 479 316 505 395
