person 0.0017 364 265 440 356
bicycle 0.0051 338 155 442 520
bicycle 0.0018 351 193 438 410
boat 0.0023 338 155 442 520
bird 0.0024 324 173 432 222
cat 0.0010 -24 158 141 546
chair 0.0662 -23 168 134 506
chair 0.0231 342 172 438 534
chair 0.0067 -46 275 169 473
chair 0.0024 289 244 461 458
chair 0.0017 328 189 459 365
chair 0.0014 364 208 436 351
chair 0.0012 -13 276 138 603
sofa 0.0014 -23 168 134 506
pottedplant 0.3814 37 13 387 480
pottedplant 0.3327 99 213 491 440
pottedplant 0.1735 283 218 464 454
pottedplant 0.1198 -23 168 134 506
pottedplant 0.0525 -34 103 303 397
pottedplant 0.0482 338 155 442 520
pottedplant 0.0339 -36 289 135 419
pottedplant 0.0278 -21 262 445 474
pottedplant 0.0181 1 265 205 612
pottedplant 0.0171 351 193 438 410
pottedplant 0.0127 -40 302 248 497
pottedplant 0.0089 296 90 444 632
pottedplant 0.0086 197 21 439 480
pottedplant 0.0074 383 261 436 403
pottedplant 0.0053 -53 199 262 450
pottedplant 0.0051 194 145 386 570
pottedplant 0.0051 -5 253 36 416
pottedplant 0.0038 83 285 156 430
pottedplant 0.0036 8 312 102 403
pottedplant 0.0026 -104 365 459 493
pottedplant 0.0021 338 203 454 330
pottedplant 0.0020 258 90 470 417
pottedplant 0.0018 3 45 194 443
pottedplant 0.0014 330 367 370 429
pottedplant 0.0011 61 272 187 443
