person 0.9993 181 -119 365 374
person 0.9927 355 109 521 515
person 0.9923 -69 149 337 364
person 0.9763 362 -93 521 422
person 0.8998 -34 58 129 335
person 0.8722 -16 -71 101 466
person 0.7402 365 31 512 293
person 0.5763 383 199 515 422
person 0.5539 138 63 414 216
person 0.1264 327 73 559 251
person 0.0658 193 0 333 249
person 0.0200 90 210 618 369
person 0.0162 122 169 236 385
person 0.0099 481 -5 502 325
person 0.0087 -5 202 20 425
person 0.0065 440 213 510 419
person 0.0056 125 199 193 337
person 0.0054 -55 40 238 351
person 0.0047 469 -85 503 401
person 0.0046 473 196 504 430
person 0.0040 321 163 554 366
person 0.0037 435 15 509 453
person 0.0026 -5 -12 20 67
person 0.0019 407 209 531 337
person 0.0018 491 153 501 326
person 0.0018 -2 1 12 39
person 0.0016 81 45 260 482
person 0.0014 489 31 501 200
bottle 0.0439 379 194 413 290
bottle 0.0296 380 238 437 345
bottle 0.0104 366 205 396 268
bottle 0.0102 415 204 458 328
bottle 0.0085 230 149 267 259
bottle 0.0022 491 39 502 154
bottle 0.0012 359 221 460 362
bottle 0.0012 496 59 500 134
chair 0.1250 375 81 438 229
chair 0.0603 -5 237 20 421
chair 0.0417 123 245 247 390
chair 0.0327 309 158 414 226
chair 0.0310 360 -95 521 440
chair 0.0275 476 46 503 347
chair 0.0270 160 298 238 374
chair 0.0270 175 -100 359 368
chair 0.0162 365 31 512 293
chair 0.0120 386 99 428 185
chair 0.0085 162 63 362 178
chair 0.0079 482 97 504 189
chair 0.0075 191 19 333 253
chair 0.0074 -73 153 286 362
chair 0.0072 353 67 467 244
chair 0.0070 492 51 500 314
chair 0.0055 374 105 403 217
chair 0.0036 333 171 347 195
chair 0.0035 -1 261 13 428
chair 0.0031 290 121 426 242
chair 0.0031 444 34 508 358
chair 0.0022 -15 -92 86 518
chair 0.0019 -9 246 55 417
chair 0.0019 91 147 256 454
chair 0.0015 325 140 351 206
chair 0.0015 195 75 240 237
chair 0.0013 137 265 235 354
chair 0.0013 0 278 24 393
chair 0.0012 292 90 348 227
chair 0.0012 -20 218 282 446
chair 0.0011 494 119 499 187
chair 0.0010 491 116 499 170
chair 0.0010 199 102 219 227
chair 0.0010 186 319 226 369
sofa 0.0131 375 81 438 229
sofa 0.0088 -73 153 286 362
sofa 0.0058 360 -95 521 440
sofa 0.0042 476 46 503 347
sofa 0.0030 340 87 541 277
sofa 0.0027 -15 -92 86 518
sofa 0.0027 -37 67 125 359
sofa 0.0023 -5 202 20 425
sofa 0.0020 175 -100 359 368
sofa 0.0010 353 67 467 244
pottedplant 0.0031 486 57 502 193
pottedplant 0.0011 483 -38 502 281
diningtable 0.9956 65 184 589 359
diningtable 0.0067 482 97 504 189
diningtable 0.0022 309 113 522 505
diningtable 0.0013 174 84 493 381
diningtable 0.0012 369 202 501 423
tvmonitor 0.0011 -27 -40 97 98
