person 0.0410 422 -38 514 168
person 0.0027 322 -22 400 57
person 0.0024 20 -31 143 90
person 0.0014 255 -172 416 353
car 0.0054 391 16 463 91
car 0.0032 322 -33 470 90
car 0.0017 322 -22 400 57
bird 0.0034 20 -31 143 90
bird 0.0023 70 -30 278 335
cat 0.1205 147 13 352 321
cat 0.0014 20 -31 143 90
dog 0.9333 70 -30 278 335
dog 0.4222 147 13 352 321
dog 0.0910 18 -27 145 94
dog 0.0298 -21 92 446 223
dog 0.0129 93 46 225 257
dog 0.0038 -20 7 388 162
dog 0.0030 20 15 141 72
chair 0.0124 414 22 526 173
chair 0.0092 391 16 463 91
pottedplant 0.9922 264 -55 407 229
pottedplant 0.9892 255 -172 416 353
pottedplant 0.9151 358 2 468 197
pottedplant 0.7790 422 -38 514 168
pottedplant 0.6033 33 10 388 161
pottedplant 0.4095 102 -146 322 303
pottedplant 0.2500 349 -104 482 290
pottedplant 0.1747 224 169 566 328
pottedplant 0.1544 326 -33 463 110
pottedplant 0.1214 188 2 472 173
pottedplant 0.0536 203 64 321 187
pottedplant 0.0438 165 -61 317 223
pottedplant 0.0270 24 156 468 323
pottedplant 0.0146 437 41 512 154
pottedplant 0.0080 356 -19 427 101
pottedplant 0.0065 375 8 532 180
pottedplant 0.0054 470 -46 505 167
pottedplant 0.0039 343 17 438 88
pottedplant 0.0036 298 7 508 487
pottedplant 0.0024 423 35 481 156
pottedplant 0.0023 -2 -63 282 159
pottedplant 0.0023 400 10 468 154
pottedplant 0.0022 491 -15 501 164
pottedplant 0.0013 250 67 307 175
diningtable 0.0095 74 148 498 338
diningtable 0.0044 352 1 523 326
diningtable 0.0037 196 108 589 307
diningtable 0.0031 -15 -39 153 519
diningtable 0.0023 395 56 535 258
