person 0.9998 153 -18 484 390
person 0.8291 -74 79 266 357
person 0.0281 0 -45 218 429
person 0.0032 435 -198 509 588
person 0.0029 -43 -1 162 308
person 0.0025 471 -201 502 592
person 0.0022 470 202 504 422
person 0.0015 479 -92 502 255
person 0.0013 23 46 403 386
person 0.0013 340 25 537 350
person 0.0011 489 -162 501 555
person 0.0011 2 -103 167 190
chair 0.0238 134 221 186 370
chair 0.0121 67 -25 446 400
chair 0.0092 135 173 198 289
chair 0.0048 -61 162 245 363
chair 0.0039 125 148 199 368
chair 0.0028 470 202 504 422
chair 0.0017 108 160 215 301
chair 0.0012 -51 20 180 354
chair 0.0012 -17 104 195 504
sofa 0.0142 126 25 471 399
sofa 0.0018 470 202 504 422
diningtable 0.0012 126 25 471 399
