person 0.9973 92 16 228 235
person 0.9889 249 -4 300 163
person 0.9600 323 -1 366 134
person 0.9551 431 -3 473 134
person 0.8704 165 32 208 142
person 0.8364 229 46 261 110
person 0.7717 198 31 238 142
person 0.5369 388 15 425 101
person 0.3869 398 -1 436 135
person 0.1338 211 42 240 115
person 0.1033 202 56 216 84
person 0.0817 194 42 220 131
person 0.0807 170 46 203 112
person 0.0806 447 3 510 172
person 0.0634 216 42 266 135
person 0.0555 220 52 235 84
person 0.0486 280 26 303 53
person 0.0413 251 19 292 99
person 0.0316 405 16 435 83
person 0.0285 208 59 219 79
person 0.0273 225 51 240 88
person 0.0264 235 57 253 84
person 0.0231 181 44 209 130
person 0.0227 220 44 249 111
person 0.0208 258 36 293 136
person 0.0192 148 57 218 204
person 0.0170 242 40 269 133
person 0.0150 235 33 283 143
person 0.0139 191 55 203 84
person 0.0120 219 62 232 93
person 0.0117 113 29 125 50
person 0.0111 155 35 292 151
person 0.0109 265 10 324 65
person 0.0106 274 17 311 58
person 0.0105 192 66 204 89
person 0.0099 248 63 275 132
person 0.0095 290 29 316 53
person 0.0093 181 103 217 190
person 0.0086 170 86 227 205
person 0.0085 57 31 80 61
person 0.0083 369 13 404 60
person 0.0083 375 25 398 51
person 0.0076 228 67 240 88
person 0.0075 95 -46 485 185
person 0.0064 170 58 189 97
person 0.0061 210 66 221 89
person 0.0060 411 33 430 63
person 0.0058 53 16 84 66
person 0.0055 -2 11 35 71
person 0.0052 0 30 6 69
person 0.0051 453 19 473 97
person 0.0050 491 7 501 186
person 0.0046 413 29 427 52
person 0.0044 425 9 448 124
person 0.0042 194 38 461 249
person 0.0040 403 32 414 48
person 0.0039 105 -11 305 277
person 0.0039 184 60 194 79
person 0.0038 439 19 474 81
person 0.0037 166 119 537 264
person 0.0036 15 32 34 64
person 0.0035 4 31 27 65
person 0.0035 200 46 232 94
person 0.0035 179 13 198 84
person 0.0034 470 25 498 114
person 0.0032 149 44 224 129
person 0.0028 111 35 133 62
person 0.0028 182 26 194 68
person 0.0026 196 76 214 98
person 0.0025 -14 -41 360 171
person 0.0023 266 31 281 48
person 0.0023 56 28 72 53
person 0.0023 205 49 222 72
person 0.0022 177 20 223 140
person 0.0022 23 32 36 63
person 0.0022 46 24 63 57
person 0.0021 20 31 552 172
person 0.0019 122 31 134 48
person 0.0019 325 80 412 150
person 0.0018 221 102 452 204
person 0.0018 220 50 232 73
person 0.0018 5 27 22 52
person 0.0017 134 73 269 222
person 0.0016 357 40 381 114
person 0.0016 304 66 440 191
person 0.0016 33 4 92 76
person 0.0016 190 39 258 115
person 0.0015 470 0 505 217
person 0.0015 266 35 296 100
person 0.0015 -1 9 10 127
person 0.0015 392 25 405 51
person 0.0014 257 28 269 51
person 0.0014 182 62 193 93
person 0.0013 1 18 6 63
person 0.0013 249 66 261 90
person 0.0013 275 19 293 43
person 0.0013 407 34 431 118
person 0.0013 403 37 414 60
person 0.0013 330 35 364 117
person 0.0012 -12 0 45 82
dog 0.0082 193 -7 465 410
dog 0.0041 143 138 517 262
dog 0.0029 154 81 216 174
dog 0.0026 97 27 224 258
dog 0.0024 163 96 205 159
dog 0.0010 238 61 273 135
horse 0.9849 143 138 517 262
horse 0.9654 193 -7 465 410
horse 0.0053 391 104 448 222
horse 0.0018 147 51 300 163
horse 0.0012 97 27 224 258
cow 0.0125 193 -7 465 410
cow 0.0097 143 138 517 262
bottle 0.0013 271 54 279 64
bottle 0.0012 210 66 221 89
bottle 0.0010 237 76 253 98
chair 0.0036 97 27 224 258
chair 0.0029 237 76 253 98
chair 0.0021 196 76 214 98
chair 0.0020 228 41 263 129
chair 0.0015 87 108 129 178
chair 0.0011 247 77 262 97
chair 0.0010 189 85 207 109
chair 0.0010 228 67 240 88
chair 0.0010 201 63 214 90
pottedplant 0.0076 367 3 405 60
pottedplant 0.0026 375 25 398 51
pottedplant 0.0015 268 13 332 64
pottedplant 0.0015 324 0 360 61
pottedplant 0.0013 359 -7 417 70
pottedplant 0.0010 277 23 295 54
diningtable 0.0060 196 76 214 98
diningtable 0.0049 196 72 278 125
diningtable 0.0019 155 35 292 151
diningtable 0.0015 228 78 243 96
diningtable 0.0014 201 63 214 90
diningtable 0.0013 237 76 253 98
diningtable 0.0010 190 76 205 98
