person 0.9997 58 -28 452 416
person 0.9584 8 -33 122 397
person 0.7984 -16 59 145 315
person 0.1273 -8 23 36 250
person 0.1023 -7 122 34 270
person 0.0918 458 -11 508 169
person 0.0744 421 -1 482 161
person 0.0572 364 -3 432 165
person 0.0178 86 110 127 245
person 0.0076 94 134 121 213
person 0.0047 -8 140 54 376
person 0.0045 -5 -39 35 434
person 0.0038 -1 147 7 352
person 0.0036 -2 159 11 283
person 0.0031 348 -85 518 242
person 0.0024 388 21 513 175
person 0.0023 -2 146 15 239
person 0.0023 433 25 475 93
person 0.0019 492 -25 501 180
person 0.0017 20 40 613 271
person 0.0015 100 146 116 179
person 0.0014 339 -26 460 187
person 0.0014 -15 142 46 241
person 0.0012 -1 94 9 251
person 0.0010 97 47 144 236
person 0.0010 83 170 119 253
person 0.0010 95 161 126 224
bicycle 0.0031 419 176 514 380
car 0.0023 41 50 410 375
bottle 0.0246 22 -18 425 343
bottle 0.0055 104 181 120 218
bottle 0.0038 10 -38 117 425
bottle 0.0025 86 150 96 179
bottle 0.0018 78 153 125 282
bottle 0.0013 -16 59 145 315
bottle 0.0012 165 150 342 314
bottle 0.0011 86 110 127 245
chair 0.7390 -7 138 50 418
chair 0.4993 424 176 512 406
chair 0.3321 361 143 512 321
chair 0.0445 83 170 118 229
chair 0.0427 77 43 481 382
chair 0.0412 -7 151 33 233
chair 0.0388 459 265 507 399
chair 0.0340 378 48 519 484
chair 0.0298 -5 142 31 330
chair 0.0243 78 153 125 282
chair 0.0239 82 175 99 209
chair 0.0192 85 194 118 265
chair 0.0138 88 177 111 211
chair 0.0121 102 144 141 220
chair 0.0117 104 181 120 218
chair 0.0096 -1 147 7 352
chair 0.0079 3 138 97 372
chair 0.0064 -2 146 14 253
chair 0.0064 -1 205 6 236
chair 0.0060 73 163 131 236
chair 0.0060 13 175 34 208
chair 0.0059 77 166 108 219
chair 0.0057 71 154 108 316
chair 0.0046 -14 178 45 245
chair 0.0045 -5 189 29 429
chair 0.0039 437 174 518 251
chair 0.0039 109 174 125 213
chair 0.0035 468 320 508 390
chair 0.0032 391 163 472 308
chair 0.0028 95 161 126 224
chair 0.0023 4 164 37 219
chair 0.0022 0 158 3 245
chair 0.0022 78 169 103 272
chair 0.0021 491 232 501 403
chair 0.0020 107 160 136 185
chair 0.0017 408 155 530 279
chair 0.0017 436 272 521 364
chair 0.0016 15 192 32 213
chair 0.0016 -7 87 33 271
chair 0.0015 372 175 503 249
chair 0.0015 12 226 493 374
chair 0.0015 -16 73 131 447
chair 0.0014 483 301 502 391
chair 0.0014 111 183 121 213
chair 0.0013 0 199 2 300
chair 0.0013 494 189 500 236
chair 0.0012 108 172 134 192
chair 0.0011 469 173 506 379
chair 0.0010 0 194 27 226
chair 0.0010 84 173 118 190
sofa 0.0138 77 43 481 382
pottedplant 0.0302 97 47 144 236
pottedplant 0.0079 -16 59 145 315
pottedplant 0.0041 81 69 152 158
pottedplant 0.0016 -8 23 36 250
pottedplant 0.0016 92 -55 203 254
pottedplant 0.0013 99 79 138 152
diningtable 0.0275 352 153 542 286
diningtable 0.0229 78 153 125 282
diningtable 0.0141 -1 205 6 236
diningtable 0.0122 84 179 118 263
diningtable 0.0107 68 152 133 211
diningtable 0.0105 459 265 507 399
diningtable 0.0098 91 202 111 219
diningtable 0.0083 46 160 459 369
diningtable 0.0062 419 176 514 380
diningtable 0.0060 82 175 99 209
diningtable 0.0052 82 168 118 220
diningtable 0.0050 78 176 106 190
diningtable 0.0046 84 173 118 190
diningtable 0.0034 -4 147 49 365
diningtable 0.0028 -5 259 33 405
diningtable 0.0028 89 185 109 215
diningtable 0.0024 -2 168 9 292
diningtable 0.0021 468 320 508 390
diningtable 0.0018 -7 118 32 311
diningtable 0.0014 83 162 100 182
diningtable 0.0014 86 110 127 245
diningtable 0.0013 108 172 134 192
diningtable 0.0012 88 208 114 230
diningtable 0.0012 374 101 523 489
diningtable 0.0012 -17 179 48 259
diningtable 0.0012 13 9 114 415
diningtable 0.0011 165 89 344 364
diningtable 0.0011 22 -18 425 343
diningtable 0.0010 0 198 3 281
diningtable 0.0010 102 144 141 220
tvmonitor 0.0014 140 -5 484 379
