person 0.0075 170 52 311 186
person 0.0052 207 54 265 177
person 0.0044 -6 -35 30 118
person 0.0020 231 60 296 174
person 0.0016 88 116 168 193
person 0.0013 181 106 250 163
person 0.0012 186 108 222 181
bottle 0.4813 279 100 309 170
bottle 0.1646 358 103 392 167
bottle 0.1444 375 105 409 168
bottle 0.0765 296 97 322 150
bottle 0.0738 291 108 336 247
bottle 0.0439 300 105 319 141
bottle 0.0292 293 116 329 170
bottle 0.0263 225 62 258 130
bottle 0.0220 295 111 312 138
bottle 0.0208 186 108 222 181
bottle 0.0181 82 148 149 241
bottle 0.0149 285 110 305 138
bottle 0.0136 278 82 320 193
bottle 0.0125 233 42 273 110
bottle 0.0122 292 140 328 206
bottle 0.0117 242 70 263 99
bottle 0.0117 280 111 345 176
bottle 0.0086 301 123 321 143
bottle 0.0079 230 47 288 161
bottle 0.0075 263 126 305 242
bottle 0.0070 258 128 290 195
bottle 0.0061 388 109 404 140
bottle 0.0050 194 118 216 152
bottle 0.0048 298 105 313 129
bottle 0.0041 204 43 323 172
bottle 0.0039 212 45 265 162
bottle 0.0039 235 56 267 78
bottle 0.0037 382 112 397 133
bottle 0.0029 346 96 412 174
bottle 0.0024 293 126 312 162
bottle 0.0022 379 121 402 151
bottle 0.0021 235 66 259 88
bottle 0.0017 299 125 324 161
bottle 0.0016 260 96 328 173
bottle 0.0015 227 109 264 183
bottle 0.0014 286 156 325 228
bottle 0.0014 370 113 389 132
bottle 0.0013 229 73 245 96
bottle 0.0012 300 153 323 189
bottle 0.0011 200 177 253 303
bottle 0.0011 351 68 370 164
chair 0.9920 325 42 460 189
chair 0.8796 389 109 519 438
chair 0.8459 22 62 126 243
chair 0.5610 337 162 541 362
chair 0.1091 356 -41 522 584
chair 0.0786 22 -4 157 313
chair 0.0574 193 94 271 154
chair 0.0428 194 48 332 183
chair 0.0402 403 31 509 286
chair 0.0349 351 68 370 164
chair 0.0206 383 45 531 197
chair 0.0187 83 58 129 216
chair 0.0183 181 106 250 163
chair 0.0157 334 65 450 146
chair 0.0140 217 63 313 152
chair 0.0106 271 56 402 179
chair 0.0102 457 263 509 407
chair 0.0099 91 125 151 196
chair 0.0093 439 135 503 296
chair 0.0088 452 119 513 427
chair 0.0054 154 85 293 195
chair 0.0049 299 102 318 133
chair 0.0042 207 54 265 177
chair 0.0041 368 79 416 200
chair 0.0035 211 105 301 166
chair 0.0035 175 -22 336 249
chair 0.0030 50 151 156 234
chair 0.0029 85 72 113 193
chair 0.0028 474 112 505 436
chair 0.0028 405 85 431 165
chair 0.0027 323 210 484 453
chair 0.0027 55 166 113 218
chair 0.0021 407 129 532 305
chair 0.0021 336 61 376 174
chair 0.0020 58 39 191 232
chair 0.0019 226 72 258 134
chair 0.0018 27 72 74 241
chair 0.0017 345 60 402 176
chair 0.0015 401 134 474 161
chair 0.0015 98 136 140 186
chair 0.0014 415 77 434 167
chair 0.0013 -14 30 106 251
chair 0.0013 355 86 384 165
chair 0.0012 311 64 368 169
chair 0.0011 35 49 460 346
chair 0.0010 469 163 506 240
chair 0.0010 215 82 380 195
chair 0.0010 189 112 222 160
chair 0.0010 424 109 486 249
chair 0.0010 268 92 540 287
sofa 0.0073 206 52 344 182
sofa 0.0036 403 49 513 237
sofa 0.0016 355 105 538 362
sofa 0.0013 0 39 442 356
sofa 0.0013 22 -4 157 313
sofa 0.0010 417 106 515 411
sofa 0.0010 20 64 126 229
sofa 0.0010 300 42 463 190
pottedplant 0.8000 59 -147 262 308
pottedplant 0.4588 15 11 307 160
pottedplant 0.3093 72 -43 217 215
pottedplant 0.0563 99 65 231 208
pottedplant 0.0377 144 -19 264 117
pottedplant 0.0040 22 -4 157 313
pottedplant 0.0037 76 53 173 225
pottedplant 0.0020 135 93 218 175
pottedplant 0.0020 171 -6 240 100
pottedplant 0.0020 263 90 340 178
pottedplant 0.0019 256 126 293 185
pottedplant 0.0012 285 97 317 172
pottedplant 0.0011 199 -10 366 244
diningtable 0.9989 9 104 432 362
diningtable 0.1661 -89 149 525 315
diningtable 0.0021 403 31 509 286
diningtable 0.0020 -8 173 180 272
diningtable 0.0014 24 118 550 269
diningtable 0.0012 57 137 161 252
