person 0.0051 456 140 510 301
person 0.0011 335 130 521 490
person 0.0010 490 144 502 317
dog 0.0122 335 130 521 490
bottle 0.0015 487 193 500 215
bottle 0.0014 461 187 486 213
bottle 0.0011 466 187 480 204
chair 0.9987 130 125 220 334
chair 0.9407 366 122 496 312
chair 0.8910 91 116 157 312
chair 0.8762 394 142 470 292
chair 0.4046 302 113 531 510
chair 0.0574 195 198 239 278
chair 0.0452 264 226 566 367
chair 0.0381 66 126 182 261
chair 0.0308 176 127 221 301
chair 0.0287 114 137 171 297
chair 0.0282 487 193 500 215
chair 0.0259 446 170 511 299
chair 0.0165 121 187 154 277
chair 0.0062 445 173 511 233
chair 0.0053 88 136 164 229
chair 0.0048 140 184 174 256
chair 0.0039 463 197 508 283
chair 0.0032 84 59 250 397
chair 0.0026 185 150 212 270
chair 0.0025 483 175 503 245
chair 0.0025 133 191 165 269
chair 0.0022 191 149 241 288
chair 0.0020 490 144 502 317
chair 0.0020 132 133 186 271
chair 0.0019 -10 181 65 436
chair 0.0017 104 201 136 280
chair 0.0016 178 163 262 357
chair 0.0014 459 191 479 212
chair 0.0014 459 243 508 417
chair 0.0013 111 186 185 275
chair 0.0013 99 148 126 217
chair 0.0010 445 185 471 275
sofa 0.8011 302 113 531 510
sofa 0.1522 264 226 566 367
sofa 0.0137 332 119 503 318
sofa 0.0046 381 146 477 310
sofa 0.0039 -11 146 75 406
sofa 0.0027 -5 -19 148 524
sofa 0.0019 130 130 220 317
sofa 0.0012 86 129 165 300
pottedplant 0.8286 -6 115 144 365
pottedplant 0.7987 5 19 159 460
pottedplant 0.4310 -10 181 65 436
pottedplant 0.0479 165 44 433 312
pottedplant 0.0210 -25 132 91 301
pottedplant 0.0197 -5 151 62 284
pottedplant 0.0131 138 161 176 225
pottedplant 0.0111 -31 186 96 368
pottedplant 0.0097 -51 181 220 338
pottedplant 0.0089 -6 182 32 441
pottedplant 0.0081 85 127 139 306
pottedplant 0.0055 15 206 75 342
pottedplant 0.0034 -2 142 8 300
pottedplant 0.0027 49 232 125 323
pottedplant 0.0026 -2 109 24 326
pottedplant 0.0018 132 133 186 271
pottedplant 0.0017 93 133 152 237
pottedplant 0.0015 142 179 175 244
pottedplant 0.0014 -28 152 199 280
pottedplant 0.0013 148 191 169 214
pottedplant 0.0012 148 179 169 207
diningtable 0.5387 446 170 511 299
diningtable 0.2811 -117 239 476 373
diningtable 0.1668 437 189 520 236
diningtable 0.0432 120 174 167 289
diningtable 0.0237 -26 177 382 479
diningtable 0.0161 111 178 188 224
diningtable 0.0156 62 117 191 311
diningtable 0.0133 100 168 151 297
diningtable 0.0128 33 143 467 398
diningtable 0.0108 1 6 162 493
diningtable 0.0103 419 148 531 294
diningtable 0.0051 109 185 186 256
diningtable 0.0042 487 193 500 215
diningtable 0.0039 -51 181 220 338
diningtable 0.0036 495 207 500 232
diningtable 0.0034 186 197 247 266
diningtable 0.0029 64 190 197 232
diningtable 0.0028 157 187 283 371
diningtable 0.0026 209 214 237 227
diningtable 0.0024 132 195 164 209
diningtable 0.0020 -10 181 65 436
diningtable 0.0020 463 197 508 283
diningtable 0.0019 123 186 157 256
diningtable 0.0019 302 159 526 490
diningtable 0.0016 456 204 494 217
diningtable 0.0014 366 83 497 371
diningtable 0.0013 489 140 502 303
diningtable 0.0012 483 175 503 245
diningtable 0.0011 129 208 149 232
