person 0.1977 239 7 249 28
person 0.1764 480 59 503 373
person 0.0965 414 4 419 17
person 0.0176 470 11 482 21
person 0.0117 473 -61 504 454
person 0.0113 464 0 491 14
person 0.0069 486 132 502 308
person 0.0054 491 98 501 362
person 0.0050 475 11 500 25
person 0.0049 474 2 492 17
person 0.0048 486 -111 501 353
person 0.0048 482 139 504 246
person 0.0030 485 13 501 27
person 0.0026 492 48 501 278
person 0.0022 237 21 249 29
person 0.0013 492 -7 499 28
car 0.0019 382 -1 412 8
car 0.0017 281 6 302 16
car 0.0011 446 1 464 11
car 0.0011 464 0 491 14
car 0.0010 480 59 503 373
boat 0.1291 239 7 249 28
boat 0.0337 485 13 501 27
boat 0.0295 237 21 249 29
boat 0.0208 281 6 302 16
boat 0.0190 227 -1 247 21
boat 0.0139 475 11 500 25
boat 0.0087 272 5 298 17
boat 0.0085 464 0 491 14
boat 0.0050 470 11 482 21
boat 0.0037 446 -12 510 28
boat 0.0035 223 -3 324 23
boat 0.0026 229 11 245 22
boat 0.0020 223 -11 254 29
boat 0.0019 258 3 286 16
boat 0.0017 474 2 492 17
boat 0.0015 486 17 502 33
boat 0.0014 492 -7 499 28
boat 0.0012 456 -2 500 10
boat 0.0012 293 6 312 16
boat 0.0010 246 2 265 13
boat 0.0010 206 -13 284 32
bird 0.0058 237 21 249 29
bird 0.0046 239 7 249 28
bird 0.0010 480 59 503 373
dog 0.9987 176 -24 341 374
dog 0.9893 186 54 325 288
dog 0.0279 480 81 502 386
dog 0.0020 481 156 504 266
dog 0.0010 486 232 503 326
horse 0.0113 480 59 503 373
sheep 0.0060 480 59 503 373
sheep 0.0027 486 132 502 308
cow 0.0022 480 81 502 386
