person 0.9639 212 20 451 218
person 0.8932 50 70 228 275
person 0.2498 76 96 186 260
person 0.2127 237 -150 422 364
bicycle 0.6702 284 -15 521 364
bicycle 0.5810 166 49 560 232
bicycle 0.4477 94 113 234 291
bicycle 0.0302 77 30 212 329
bicycle 0.0041 126 137 200 263
bicycle 0.0035 230 -57 438 346
car 0.0026 166 49 560 232
car 0.0015 81 36 230 331
motorbike 0.1433 81 36 230 331
motorbike 0.0076 166 49 560 232
motorbike 0.0010 284 -15 521 364
bird 0.0029 369 47 446 119
bird 0.0024 77 30 212 329
dog 0.0013 77 30 212 329
horse 0.0011 77 30 212 329
