person 0.9495 48 7 388 172
person 0.7371 144 -153 341 329
person 0.0019 445 141 510 354
person 0.0017 45 -122 283 264
car 0.0197 51 -15 454 254
car 0.0046 130 -124 353 334
cat 0.0016 69 76 223 177
bottle 0.7370 150 125 180 236
bottle 0.0605 315 160 354 241
bottle 0.0202 271 141 300 224
bottle 0.0195 223 181 265 295
bottle 0.0160 196 196 238 277
bottle 0.0157 218 138 268 243
bottle 0.0138 85 179 136 300
bottle 0.0055 92 226 132 282
bottle 0.0041 213 151 244 229
bottle 0.0041 326 185 382 289
bottle 0.0015 157 144 175 177
bottle 0.0013 105 93 193 173
bottle 0.0011 335 138 379 242
bottle 0.0010 112 197 187 293
chair 0.1526 447 136 507 356
chair 0.0243 55 -6 448 191
chair 0.0195 48 -115 239 254
chair 0.0077 -21 68 127 417
chair 0.0048 441 12 510 397
chair 0.0046 144 -153 341 329
sofa 0.9133 86 13 397 204
sofa 0.5323 -17 32 595 194
sofa 0.3073 144 -153 341 329
sofa 0.2484 447 136 507 356
sofa 0.0066 228 23 549 220
sofa 0.0062 48 -115 239 254
sofa 0.0049 82 -57 493 280
sofa 0.0043 -21 68 127 417
sofa 0.0021 441 12 510 397
sofa 0.0010 49 83 457 309
diningtable 0.2864 -74 171 588 299
diningtable 0.2169 -17 82 529 398
diningtable 0.0127 -21 68 127 417
diningtable 0.0052 93 157 457 309
diningtable 0.0039 54 5 453 288
diningtable 0.0025 445 156 508 357
diningtable 0.0023 -3 40 208 291
diningtable 0.0014 144 -153 341 329
diningtable 0.0013 -17 158 113 351
tvmonitor 0.0015 55 -6 448 191
