person 0.9453 25 73 494 356
chair 0.5607 11 -28 424 335
chair 0.1098 44 131 439 375
chair 0.0132 -6 63 510 239
chair 0.0099 332 51 451 453
chair 0.0087 305 142 482 362
chair 0.0079 -40 131 149 348
chair 0.0047 167 50 463 402
chair 0.0044 -19 53 118 422
chair 0.0024 -4 -58 18 221
sofa 0.5074 61 -37 437 348
sofa 0.0524 23 57 343 378
sofa 0.0228 8 74 542 314
sofa 0.0126 -40 131 149 348
sofa 0.0101 108 116 451 387
sofa 0.0043 -19 53 118 422
sofa 0.0019 332 51 451 453
sofa 0.0014 305 142 482 362
sofa 0.0013 -51 3 487 236
