person 0.0645 269 124 284 147
person 0.0324 210 127 222 145
person 0.0315 285 146 301 175
person 0.0166 468 149 481 178
person 0.0122 479 150 490 176
person 0.0113 463 137 473 164
person 0.0110 160 133 173 154
person 0.0090 491 144 500 180
person 0.0084 430 150 441 176
person 0.0079 307 105 334 181
person 0.0079 217 128 229 144
person 0.0060 259 124 271 146
person 0.0053 440 144 453 176
person 0.0048 313 134 331 171
person 0.0044 456 145 474 182
person 0.0040 422 148 433 175
person 0.0034 273 129 288 148
person 0.0033 204 127 214 145
person 0.0032 468 164 479 198
person 0.0030 450 134 479 189
person 0.0029 468 141 481 166
person 0.0028 271 162 291 196
person 0.0026 278 135 308 190
person 0.0025 294 158 309 184
person 0.0024 365 150 378 173
person 0.0023 402 162 419 176
person 0.0023 294 152 307 174
person 0.0017 460 167 476 198
person 0.0017 170 134 182 149
person 0.0016 258 133 268 146
person 0.0015 0 129 7 155
person 0.0014 450 146 467 180
person 0.0014 461 138 487 205
person 0.0013 312 117 328 153
person 0.0013 310 128 345 180
person 0.0013 266 156 283 191
person 0.0012 62 138 78 163
person 0.0012 320 147 340 175
person 0.0012 256 135 328 209
person 0.0011 283 155 303 185
person 0.0010 257 168 276 192
person 0.0010 477 138 494 169
car 0.0040 0 142 7 162
car 0.0030 1 134 24 152
car 0.0030 491 144 500 180
car 0.0030 -23 133 93 166
car 0.0021 0 129 7 155
car 0.0017 -35 62 552 204
car 0.0015 3 143 22 156
car 0.0013 479 150 490 176
car 0.0010 65 134 78 156
aeroplane 0.0159 13 55 570 201
aeroplane 0.0018 408 115 528 228
aeroplane 0.0014 436 127 515 197
aeroplane 0.0011 114 13 466 245
bus 0.0022 -35 62 552 204
bus 0.0018 484 124 502 199
bus 0.0016 491 135 500 171
bus 0.0012 415 126 440 183
bus 0.0012 319 113 504 193
train 0.0029 -35 62 552 204
boat 0.7192 13 55 570 201
boat 0.0415 96 -42 491 304
boat 0.0077 92 35 345 295
boat 0.0076 -15 134 99 165
boat 0.0010 432 149 516 215
chair 0.0029 157 151 216 208
chair 0.0016 171 169 203 193
pottedplant 0.0015 310 128 345 180
