person 0.9938 290 144 489 360
person 0.6065 213 76 265 175
person 0.0316 189 56 293 193
person 0.0246 355 110 465 390
person 0.0105 75 96 111 156
person 0.0092 58 10 490 412
person 0.0092 123 75 249 195
person 0.0057 221 87 263 147
person 0.0045 93 88 131 164
person 0.0045 157 85 214 186
person 0.0034 316 5 478 448
person 0.0030 63 87 138 177
person 0.0030 -1 112 6 136
person 0.0023 94 71 147 179
person 0.0022 214 89 243 163
person 0.0013 40 71 163 196
person 0.0011 124 97 194 171
person 0.0010 82 105 105 144
bicycle 0.0042 -31 290 239 414
bicycle 0.0011 -3 284 136 418
motorbike 0.0017 -31 290 239 414
aeroplane 0.0030 13 -40 437 366
bus 0.0063 57 -25 496 348
bus 0.0013 -12 33 74 215
train 0.9993 34 -23 472 392
train 0.0189 -25 79 80 228
train 0.0019 -9 45 69 311
