person 0.9962 46 32 122 315
person 0.9361 83 32 131 289
person 0.2128 173 120 188 149
person 0.1153 167 111 191 173
person 0.0276 194 121 223 147
person 0.0191 -3 14 16 303
person 0.0137 -2 121 12 264
person 0.0136 177 122 191 146
person 0.0134 175 111 234 158
person 0.0085 186 124 208 144
person 0.0051 162 127 175 144
person 0.0043 -9 127 63 341
person 0.0037 -1 69 7 276
person 0.0035 166 139 188 163
person 0.0029 49 64 96 289
person 0.0028 -4 117 27 349
person 0.0018 138 116 236 174
person 0.0017 176 126 193 159
person 0.0016 199 106 230 180
person 0.0013 85 126 131 259
person 0.0013 173 117 186 138
person 0.0011 205 142 229 168
person 0.0010 154 115 186 175
person 0.0010 190 127 261 184
person 0.0010 238 111 267 177
person 0.0010 146 134 226 190
bicycle 0.0135 -2 121 12 264
bicycle 0.0037 84 119 396 383
bicycle 0.0020 -13 184 60 325
bicycle 0.0012 -3 43 16 313
bicycle 0.0012 -40 233 636 363
car 0.4225 -40 233 636 363
car 0.1242 49 134 544 492
car 0.0652 76 34 330 343
car 0.0442 69 112 295 213
car 0.0266 136 125 239 182
car 0.0131 95 71 479 380
car 0.0107 123 207 503 384
car 0.0103 122 72 256 200
car 0.0100 19 144 556 294
car 0.0054 305 95 523 484
car 0.0045 178 140 217 164
car 0.0029 -2 121 12 264
car 0.0018 -9 127 63 341
car 0.0013 247 195 568 350
car 0.0013 175 111 234 158
car 0.0011 -1 69 7 276
car 0.0010 260 94 469 337
motorbike 0.8864 76 34 330 343
motorbike 0.6685 -40 233 636 363
motorbike 0.6078 18 150 475 288
motorbike 0.2127 95 71 479 380
motorbike 0.1296 49 134 544 492
motorbike 0.0954 105 105 335 213
motorbike 0.0429 -13 184 60 325
motorbike 0.0289 6 192 489 336
motorbike 0.0272 213 96 335 226
motorbike 0.0269 211 39 443 330
motorbike 0.0253 279 140 471 285
motorbike 0.0250 76 143 247 283
motorbike 0.0217 218 116 309 196
motorbike 0.0133 136 125 239 182
motorbike 0.0118 -2 121 12 264
motorbike 0.0103 -3 67 18 327
motorbike 0.0072 98 134 158 262
motorbike 0.0046 122 79 270 199
motorbike 0.0032 188 135 264 187
motorbike 0.0028 -9 42 61 353
motorbike 0.0024 294 98 508 347
motorbike 0.0022 256 123 293 186
motorbike 0.0018 166 139 188 163
motorbike 0.0018 228 119 397 239
motorbike 0.0016 154 118 564 253
motorbike 0.0016 -1 69 7 276
motorbike 0.0015 -41 172 131 338
motorbike 0.0015 199 130 289 216
motorbike 0.0014 -26 95 143 414
motorbike 0.0012 -12 128 57 273
motorbike 0.0012 -12 119 376 258
motorbike 0.0011 208 148 241 174
motorbike 0.0010 241 141 267 168
boat 0.0018 -2 227 631 364
sofa 0.0036 -40 233 636 363
sofa 0.0014 49 134 544 492
diningtable 0.0047 360 145 549 258
tvmonitor 0.0190 141 81 230 164
