person 0.9983 186 162 243 305
person 0.9578 329 147 373 259
person 0.8569 434 167 457 224
person 0.6852 383 168 420 235
person 0.3549 422 176 436 207
person 0.3298 392 177 411 205
person 0.2591 416 172 443 229
person 0.0916 395 173 409 198
person 0.0600 404 169 414 182
person 0.0409 437 180 454 218
person 0.0263 426 181 442 221
person 0.0261 430 181 442 204
person 0.0257 159 155 279 314
person 0.0245 423 178 434 195
person 0.0092 451 153 478 167
person 0.0089 412 185 426 201
person 0.0085 402 179 436 230
person 0.0080 360 193 384 211
person 0.0069 409 186 429 219
person 0.0050 370 164 430 222
person 0.0048 439 176 450 194
person 0.0041 -32 105 518 281
person 0.0039 399 183 416 219
person 0.0035 396 170 406 183
person 0.0028 289 80 507 310
person 0.0027 377 193 399 211
person 0.0025 390 163 421 207
person 0.0024 350 188 391 242
person 0.0021 309 145 479 257
person 0.0020 388 186 410 215
person 0.0019 498 177 500 228
person 0.0018 226 206 267 261
person 0.0017 11 156 208 344
person 0.0016 246 189 302 285
person 0.0015 339 166 375 239
person 0.0014 298 160 312 186
person 0.0013 372 188 406 240
person 0.0012 365 174 429 253
person 0.0011 433 177 443 194
car 0.0045 11 156 208 344
car 0.0030 153 172 182 194
car 0.0027 451 153 478 167
car 0.0010 404 169 414 182
motorbike 0.0010 11 156 208 344
bird 0.5729 34 199 51 218
bird 0.2855 20 203 29 213
bird 0.0415 27 202 42 214
bird 0.0205 77 204 92 223
bird 0.0048 446 206 462 215
bird 0.0019 0 201 3 218
bird 0.0014 32 154 207 353
bird 0.0014 0 194 3 212
dog 0.0039 34 199 51 218
dog 0.0034 226 206 267 261
dog 0.0026 446 206 462 215
dog 0.0024 32 154 207 353
dog 0.0023 203 184 319 296
horse 0.5939 416 172 443 229
horse 0.3448 365 174 429 253
horse 0.1578 432 171 458 225
horse 0.0870 402 179 436 230
horse 0.0767 328 152 374 266
horse 0.0673 338 178 400 252
horse 0.0456 388 168 450 240
horse 0.0411 437 180 454 218
horse 0.0364 350 188 391 242
horse 0.0310 426 181 442 221
horse 0.0299 391 177 421 242
horse 0.0250 376 190 417 244
horse 0.0229 406 192 429 226
horse 0.0116 11 156 208 344
horse 0.0068 422 176 436 207
horse 0.0063 392 177 411 205
horse 0.0057 402 190 418 233
horse 0.0055 293 158 423 271
horse 0.0050 364 193 392 209
horse 0.0046 -5 191 146 313
horse 0.0043 334 190 364 251
horse 0.0043 430 181 442 204
horse 0.0031 414 170 477 230
horse 0.0025 388 186 410 215
horse 0.0022 203 184 319 296
horse 0.0022 34 199 51 218
horse 0.0018 226 206 267 261
horse 0.0014 399 183 416 219
horse 0.0013 420 193 437 224
horse 0.0012 377 193 399 211
horse 0.0011 327 163 494 262
sheep 0.1845 34 199 51 218
sheep 0.0682 20 203 29 213
sheep 0.0407 2 178 239 329
sheep 0.0232 349 194 390 243
sheep 0.0140 367 182 426 253
sheep 0.0117 27 202 42 214
sheep 0.0100 83 246 156 296
sheep 0.0089 400 184 435 233
sheep 0.0081 406 192 429 226
sheep 0.0071 77 204 92 223
sheep 0.0068 222 176 376 297
sheep 0.0059 373 192 407 242
sheep 0.0053 -5 191 146 313
sheep 0.0049 338 178 400 252
sheep 0.0047 446 206 462 215
sheep 0.0038 225 191 303 289
sheep 0.0037 32 217 131 305
sheep 0.0028 328 152 374 266
sheep 0.0025 432 171 458 225
sheep 0.0020 416 172 443 229
sheep 0.0013 391 177 421 242
sheep 0.0010 247 203 286 278
cow 0.9748 222 176 376 297
cow 0.7245 340 183 397 254
cow 0.5291 11 156 208 344
cow 0.3022 365 174 429 253
cow 0.1930 225 191 303 289
cow 0.1752 328 152 374 266
cow 0.0979 376 190 417 244
cow 0.0960 -5 191 146 313
cow 0.0846 226 206 267 261
cow 0.0520 400 184 435 233
cow 0.0488 361 189 396 239
cow 0.0390 247 203 286 278
cow 0.0344 406 192 429 226
cow 0.0238 364 193 392 209
cow 0.0162 391 175 447 242
cow 0.0147 344 193 380 246
cow 0.0141 416 172 443 229
cow 0.0122 357 203 383 237
cow 0.0118 34 199 51 218
cow 0.0103 293 158 423 271
cow 0.0095 32 217 131 305
cow 0.0087 378 201 400 237
cow 0.0085 244 202 322 240
cow 0.0083 13 214 94 287
cow 0.0078 370 200 387 238
cow 0.0076 83 246 156 296
cow 0.0058 327 163 494 262
cow 0.0051 77 204 92 223
cow 0.0044 288 191 346 280
cow 0.0044 264 186 332 286
cow 0.0043 258 211 290 232
cow 0.0041 432 171 458 225
cow 0.0035 402 190 418 233
cow 0.0031 314 197 348 268
cow 0.0030 330 188 355 255
cow 0.0023 267 209 299 230
cow 0.0022 -31 131 523 312
cow 0.0021 348 182 411 225
cow 0.0019 377 193 399 211
cow 0.0019 383 168 420 235
cow 0.0019 426 181 442 221
cow 0.0015 20 216 144 267
cow 0.0015 172 177 309 302
cow 0.0014 20 203 29 213
cow 0.0012 497 183 500 238
cow 0.0011 386 192 412 230
