person 0.9920 162 32 466 192
person 0.9895 205 -151 419 362
person 0.7591 151 94 262 211
person 0.4435 66 87 189 213
person 0.3034 184 103 247 203
person 0.1017 80 106 145 197
person 0.0518 90 118 132 184
person 0.0466 20 166 43 186
person 0.0446 175 115 216 181
person 0.0258 67 179 97 243
person 0.0209 49 180 78 241
person 0.0169 199 121 236 179
person 0.0168 35 83 171 333
person 0.0131 115 112 181 170
person 0.0109 56 187 73 235
person 0.0100 74 190 92 229
person 0.0084 33 -7 207 424
person 0.0071 87 91 155 267
person 0.0069 62 197 77 235
person 0.0048 206 135 227 167
person 0.0043 104 114 140 168
person 0.0037 112 98 171 223
person 0.0033 80 191 97 224
person 0.0031 105 14 264 400
person 0.0031 14 169 36 186
person 0.0027 108 124 134 143
person 0.0021 33 177 70 243
person 0.0019 0 179 3 257
person 0.0019 -1 137 9 279
person 0.0018 131 120 169 163
person 0.0015 -6 143 55 268
person 0.0013 118 98 253 320
person 0.0012 110 121 133 157
person 0.0012 15 170 91 251
person 0.0011 5 171 25 186
person 0.0011 253 17 465 306
person 0.0010 0 168 6 190
person 0.0010 228 109 248 151
car 0.0023 -33 137 122 277
car 0.0013 95 6 277 435
bus 0.0010 -27 135 95 279
horse 0.9980 124 114 590 303
horse 0.9971 22 -22 193 457
horse 0.9844 111 -13 285 458
horse 0.8674 118 95 256 347
horse 0.8363 34 95 173 342
horse 0.2279 53 143 368 300
horse 0.0800 -24 143 235 298
horse 0.0213 -33 137 122 277
horse 0.0156 61 76 190 243
horse 0.0114 67 179 97 243
horse 0.0085 20 166 43 186
horse 0.0074 160 44 492 255
horse 0.0068 239 154 287 290
horse 0.0038 134 61 366 390
horse 0.0036 16 179 89 251
horse 0.0034 -6 143 55 268
horse 0.0028 222 -6 499 391
horse 0.0027 115 112 181 170
horse 0.0026 112 98 171 223
horse 0.0025 145 83 267 234
horse 0.0023 250 176 280 277
horse 0.0021 47 170 115 248
horse 0.0021 49 180 78 241
horse 0.0019 214 71 304 338
horse 0.0015 -20 45 142 366
horse 0.0014 159 198 235 259
horse 0.0014 124 104 168 303
horse 0.0014 87 91 155 267
horse 0.0013 98 120 302 243
horse 0.0013 14 169 36 186
horse 0.0011 42 151 91 261
horse 0.0011 18 111 231 250
horse 0.0011 -12 160 61 199
horse 0.0011 135 145 184 301
horse 0.0011 244 219 280 273
horse 0.0010 230 213 297 281
horse 0.0010 132 181 312 302
chair 0.0033 82 214 161 283
