person 0.0060 357 86 378 128
person 0.0026 327 92 347 122
car 0.0013 122 62 250 352
bird 0.0034 325 94 345 120
bird 0.0012 132 31 254 351
dog 0.9803 120 18 252 350
dog 0.7894 92 107 279 274
dog 0.0129 325 94 345 120
dog 0.0125 128 62 204 323
dog 0.0016 357 86 378 128
horse 0.3542 357 86 378 128
horse 0.3053 122 62 250 352
horse 0.1176 325 94 345 120
horse 0.0164 108 -76 259 463
horse 0.0034 92 107 279 274
horse 0.0011 387 93 408 110
horse 0.0010 318 87 350 125
sheep 0.0206 122 62 250 352
sheep 0.0105 325 94 345 120
sheep 0.0073 101 105 292 275
sheep 0.0053 123 -90 265 476
sheep 0.0037 357 86 378 128
cow 0.3691 357 86 378 128
cow 0.0910 325 94 345 120
cow 0.0057 123 -90 265 476
cow 0.0031 101 105 292 275
cow 0.0024 122 62 250 352
chair 0.0017 122 62 250 352
chair 0.0010 123 -90 265 476
