person 0.0192 7 6 437 327
person 0.0014 173 -5 468 396
car 0.0018 43 119 465 431
cat 0.9843 42 22 464 387
cat 0.0077 -35 107 468 298
dog 0.0054 40 -2 463 344
chair 0.6357 74 40 477 417
chair 0.0182 23 -9 474 263
chair 0.0136 266 -158 463 316
chair 0.0113 214 2 524 167
chair 0.0052 45 216 463 407
chair 0.0038 61 -27 231 62
chair 0.0021 -33 6 613 160
chair 0.0020 101 -20 197 52
chair 0.0016 278 -32 329 107
chair 0.0012 7 -33 165 71
chair 0.0010 -41 51 166 338
sofa 0.3298 4 19 444 385
sofa 0.0093 214 2 524 167
sofa 0.0091 -42 33 173 287
sofa 0.0072 25 -8 474 188
sofa 0.0048 45 216 463 407
sofa 0.0036 266 -158 463 316
sofa 0.0010 -110 62 447 246
pottedplant 0.0010 81 0 476 342
diningtable 0.2562 43 119 465 431
diningtable 0.0042 -41 51 166 338
diningtable 0.0040 81 0 476 342
