person 0.9983 -38 4 151 363
person 0.9928 310 9 549 362
person 0.8796 86 21 436 179
person 0.4838 282 -25 345 146
person 0.4772 361 -47 440 176
person 0.1457 237 8 355 151
person 0.1384 137 -121 380 328
person 0.0872 -1 145 477 328
person 0.0355 103 37 451 345
person 0.0284 217 280 344 416
person 0.0224 380 -63 535 146
person 0.0223 -12 108 65 440
person 0.0207 330 -134 478 263
person 0.0176 158 1 210 133
person 0.0158 276 18 308 72
person 0.0107 124 21 174 133
person 0.0069 341 7 529 221
person 0.0057 488 -80 501 472
person 0.0053 -6 190 32 430
person 0.0041 480 68 503 480
person 0.0039 236 -95 415 231
person 0.0037 493 29 501 277
person 0.0036 -4 -101 32 457
person 0.0035 366 129 417 265
person 0.0034 473 -125 503 517
person 0.0033 31 232 250 442
person 0.0030 425 -82 510 283
person 0.0022 107 233 381 442
person 0.0021 472 -42 504 131
person 0.0019 101 -25 236 160
person 0.0018 482 -118 502 282
person 0.0018 347 -47 473 108
person 0.0017 438 -34 509 123
person 0.0015 379 -29 442 92
person 0.0014 282 24 304 58
person 0.0014 -2 -35 17 390
person 0.0012 248 295 318 402
person 0.0012 491 -56 501 132
person 0.0012 168 -98 344 196
person 0.0011 480 229 504 426
person 0.0010 494 -51 500 205
person 0.0010 493 196 501 439
bicycle 0.0069 81 235 344 444
bicycle 0.0031 -10 123 65 389
bicycle 0.0016 -25 169 500 343
car 0.0012 311 57 552 369
motorbike 0.0050 -12 108 65 440
motorbike 0.0027 -35 40 151 386
motorbike 0.0019 311 57 552 369
motorbike 0.0017 48 137 391 376
motorbike 0.0010 -4 129 26 419
aeroplane 0.0015 311 57 552 369
train 0.0023 269 68 557 359
train 0.0011 -54 164 497 345
boat 0.0011 48 137 391 376
dog 0.0043 321 14 546 297
horse 0.0017 48 137 391 376
horse 0.0016 321 14 546 297
cow 0.0014 269 68 557 359
bottle 0.0066 85 117 175 184
chair 0.0185 100 276 300 415
chair 0.0117 -54 164 497 345
chair 0.0017 -5 158 28 427
chair 0.0017 -12 108 65 440
chair 0.0015 480 68 503 480
chair 0.0013 311 57 552 369
chair 0.0010 217 280 344 416
sofa 0.0022 311 57 552 369
diningtable 0.0012 -25 169 500 343
