cat 0.9835 94 53 235 349
cat 0.9524 34 116 391 287
cat 0.7006 84 -122 246 524
cat 0.0020 97 -11 331 441
pottedplant 0.1296 -45 42 163 256
pottedplant 0.0866 16 15 123 149
pottedplant 0.0316 -21 -120 140 420
pottedplant 0.0065 -9 32 71 320
pottedplant 0.0055 67 100 406 293
pottedplant 0.0046 15 114 277 285
pottedplant 0.0043 127 12 527 203
pottedplant 0.0040 26 30 112 110
pottedplant 0.0039 19 -20 151 302
pottedplant 0.0018 -16 -16 112 222
pottedplant 0.0014 17 -98 254 237
pottedplant 0.0011 0 10 169 181
