person 0.0826 470 183 475 192
person 0.0550 170 169 202 217
person 0.0280 178 174 197 208
person 0.0086 467 185 472 192
person 0.0041 -91 158 567 294
person 0.0028 171 174 189 205
person 0.0027 186 176 203 206
person 0.0022 160 159 233 224
person 0.0014 11 26 422 381
person 0.0013 196 177 217 204
person 0.0012 178 174 192 194
car 0.0034 11 26 422 381
aeroplane 0.9987 -68 143 545 281
aeroplane 0.4697 11 26 422 381
aeroplane 0.0025 493 154 500 170
boat 0.0042 443 163 467 171
boat 0.0040 493 154 500 170
boat 0.0017 495 158 500 178
