person 0.8642 175 72 286 447
person 0.5365 108 162 343 406
person 0.0039 52 222 422 424
person 0.0033 92 341 123 420
person 0.0031 -64 439 226 528
person 0.0024 166 148 225 292
person 0.0023 167 108 267 308
person 0.0018 307 311 353 435
person 0.0010 237 100 304 458
bicycle 0.4459 91 238 413 420
bicycle 0.0259 227 210 355 499
bicycle 0.0188 104 107 285 485
bicycle 0.0074 66 327 304 580
bicycle 0.0071 149 91 369 573
bicycle 0.0064 61 174 335 398
bicycle 0.0022 110 388 286 546
bicycle 0.0013 -26 377 247 564
car 0.0037 52 222 422 424
motorbike 0.0048 66 327 304 580
motorbike 0.0019 141 386 288 548
motorbike 0.0011 217 331 398 582
bus 0.0011 52 222 422 424
bus 0.0010 125 152 315 372
train 0.0340 125 152 315 372
train 0.0217 21 42 355 531
train 0.0172 89 165 408 416
train 0.0043 -3 -13 236 446
boat 0.0044 52 222 422 424
boat 0.0010 125 152 315 372
chair 0.0367 99 370 174 427
chair 0.0258 -64 439 226 528
chair 0.0182 -25 287 177 605
chair 0.0097 -26 377 247 564
chair 0.0059 141 386 288 548
chair 0.0040 20 485 153 506
chair 0.0037 92 357 145 506
chair 0.0028 115 354 168 476
chair 0.0027 82 389 239 546
chair 0.0025 128 403 191 529
chair 0.0021 184 389 253 524
chair 0.0017 131 411 172 485
chair 0.0012 87 330 190 538
diningtable 0.0111 66 327 304 580
diningtable 0.0075 51 366 269 465
diningtable 0.0025 -25 287 177 605
diningtable 0.0023 -64 439 226 528
diningtable 0.0021 101 372 252 539
diningtable 0.0015 -26 377 247 564
