person 0.9990 13 77 281 280
person 0.9983 333 18 462 340
person 0.9859 179 90 388 297
person 0.9798 204 -101 369 457
person 0.8670 346 -26 411 60
person 0.8165 215 30 348 348
person 0.8159 375 -25 439 65
person 0.6878 409 0 449 55
person 0.6834 397 -12 457 66
person 0.6783 358 -13 401 47
person 0.6485 387 -12 429 51
person 0.3675 298 84 499 276
person 0.3329 324 -17 395 49
person 0.2902 320 -100 480 454
person 0.2771 465 29 489 58
person 0.2582 336 1 363 30
person 0.2204 285 -5 317 21
person 0.2026 296 -13 364 35
person 0.1808 268 -3 298 17
person 0.1595 476 46 504 307
person 0.1467 446 15 509 74
person 0.1119 489 28 500 65
person 0.1062 271 -14 329 33
person 0.0936 458 23 495 64
person 0.0817 240 -12 308 26
person 0.0711 244 -5 269 13
person 0.0553 428 -4 465 59
person 0.0522 339 -7 378 39
person 0.0447 482 1 503 73
person 0.0363 51 -79 240 411
person 0.0352 351 -32 475 78
person 0.0257 434 2 458 32
person 0.0248 493 5 500 70
person 0.0226 306 -6 336 28
person 0.0193 407 21 428 47
person 0.0177 480 111 504 212
person 0.0163 388 10 411 42
person 0.0146 417 6 437 30
person 0.0124 461 21 506 371
person 0.0115 313 -7 351 30
person 0.0111 494 1 500 52
person 0.0102 207 -12 285 23
person 0.0098 344 2 372 32
person 0.0092 398 -4 422 24
person 0.0090 468 -5 506 59
person 0.0084 490 59 501 226
person 0.0073 360 5 380 32
person 0.0073 457 19 478 58
person 0.0060 472 -144 504 462
person 0.0059 425 21 446 49
person 0.0058 228 -4 264 13
person 0.0048 415 -3 438 23
person 0.0047 413 -17 478 74
person 0.0046 318 0 344 28
person 0.0043 463 -36 506 87
person 0.0042 300 -1 321 21
person 0.0039 453 -14 514 50
person 0.0038 466 26 506 79
person 0.0032 473 22 494 56
person 0.0032 377 12 400 41
person 0.0025 365 11 393 41
person 0.0025 270 -28 447 62
person 0.0024 496 81 499 164
person 0.0024 409 2 428 30
person 0.0024 455 -4 493 59
person 0.0022 255 -9 295 23
person 0.0022 388 3 408 31
person 0.0021 369 2 389 31
person 0.0019 494 -10 500 28
person 0.0019 366 -5 392 24
person 0.0017 471 40 502 65
person 0.0015 431 -11 501 67
person 0.0014 471 3 499 31
person 0.0014 23 -108 482 192
person 0.0013 345 52 405 188
person 0.0013 237 -10 274 24
person 0.0013 496 102 499 201
person 0.0012 318 35 470 199
person 0.0011 494 127 499 196
person 0.0011 482 -58 503 259
person 0.0011 380 0 398 34
bicycle 0.9924 185 4 366 495
bicycle 0.9786 -42 162 288 323
bicycle 0.9294 6 0 196 498
bicycle 0.8839 457 150 507 317
bicycle 0.8477 317 44 462 417
bicycle 0.6666 131 165 429 316
bicycle 0.5875 333 139 447 322
bicycle 0.1619 288 100 506 285
bicycle 0.1526 191 126 330 374
bicycle 0.0958 472 68 504 325
bicycle 0.0594 93 23 254 476
bicycle 0.0514 105 142 227 366
bicycle 0.0395 179 90 388 297
bicycle 0.0134 443 48 511 348
bicycle 0.0091 416 140 530 331
bicycle 0.0088 300 132 410 332
bicycle 0.0054 35 64 281 316
bicycle 0.0051 480 122 503 218
bicycle 0.0043 365 6 507 417
bicycle 0.0035 490 101 501 318
bicycle 0.0027 21 127 152 377
bicycle 0.0022 166 136 277 362
bicycle 0.0018 351 124 401 301
bicycle 0.0017 305 162 368 308
bicycle 0.0016 364 135 424 297
bicycle 0.0016 380 161 438 306
bicycle 0.0016 490 143 499 198
bicycle 0.0015 239 142 357 361
bicycle 0.0011 31 126 182 258
car 0.0012 201 -47 370 439
motorbike 0.0038 -31 163 250 320
motorbike 0.0035 6 0 196 498
motorbike 0.0019 313 -14 476 442
motorbike 0.0010 105 142 227 366
motorbike 0.0010 460 98 506 331
bottle 0.0026 225 172 243 203
bottle 0.0015 287 189 300 212
chair 0.0012 104 90 241 450
chair 0.0010 201 -47 370 439
diningtable 0.0012 201 -47 370 439
