person 0.0010 94 34 163 100
bicycle 0.9964 -12 16 270 399
bicycle 0.9928 -59 129 324 274
bicycle 0.9927 144 132 564 263
bicycle 0.9793 197 4 513 400
bicycle 0.2006 145 88 261 308
bicycle 0.0180 191 97 255 296
bicycle 0.0161 316 29 504 358
bicycle 0.0115 364 112 508 275
bicycle 0.0112 216 11 370 347
bicycle 0.0076 208 87 315 303
bicycle 0.0028 207 105 262 248
bicycle 0.0013 231 146 290 283
car 0.0012 496 105 500 158
motorbike 0.0093 151 108 563 258
boat 0.0010 138 129 543 261
bird 0.0018 112 22 182 162
diningtable 0.0023 216 11 370 347
diningtable 0.0020 127 110 541 253
diningtable 0.0011 192 -5 480 406
