person 0.3143 410 165 420 191
person 0.1234 406 166 415 192
person 0.1197 304 231 319 266
person 0.0635 30 170 37 178
person 0.0495 20 170 27 178
person 0.0464 0 163 6 200
person 0.0416 120 181 127 215
person 0.0411 38 169 46 178
person 0.0332 56 169 68 179
person 0.0310 10 169 20 179
person 0.0227 50 174 77 189
person 0.0199 300 222 323 274
person 0.0140 307 242 317 269
person 0.0133 48 169 57 177
person 0.0129 424 129 431 140
person 0.0098 492 142 500 160
person 0.0093 403 179 412 202
person 0.0081 65 168 75 180
person 0.0069 60 108 504 297
person 0.0054 0 166 6 182
person 0.0048 122 181 130 206
person 0.0043 392 172 404 194
person 0.0041 391 146 408 163
person 0.0039 313 233 326 262
person 0.0038 489 132 500 157
person 0.0038 434 168 446 191
person 0.0035 465 253 486 286
person 0.0035 493 147 501 180
person 0.0028 415 126 423 136
person 0.0027 46 176 60 188
person 0.0025 495 273 500 317
person 0.0022 442 275 452 298
person 0.0021 474 133 496 156
person 0.0021 293 317 313 338
person 0.0020 436 168 456 196
person 0.0020 37 175 47 187
person 0.0020 306 125 313 137
person 0.0020 382 155 396 169
person 0.0018 443 128 454 143
person 0.0017 379 163 398 181
person 0.0016 474 145 492 161
person 0.0015 29 174 40 184
person 0.0015 410 189 449 211
person 0.0013 151 189 162 212
person 0.0012 432 128 439 139
person 0.0011 6 172 19 188
person 0.0011 -39 137 119 216
person 0.0011 284 314 302 335
person 0.0011 410 191 427 209
person 0.0011 418 172 432 189
person 0.0010 18 174 29 186
person 0.0010 34 181 71 202
person 0.0010 299 235 311 257
bicycle 0.0109 465 253 486 286
bicycle 0.0049 304 231 319 266
bicycle 0.0034 460 247 492 292
bicycle 0.0025 410 165 420 191
bicycle 0.0020 307 242 317 269
bicycle 0.0016 403 179 412 202
bicycle 0.0014 406 166 415 192
bicycle 0.0014 410 191 427 209
bicycle 0.0012 404 189 417 207
bicycle 0.0011 300 222 323 274
car 0.9570 26 167 91 211
car 0.8529 214 279 397 360
car 0.8475 400 135 419 148
car 0.7346 405 146 427 166
car 0.7230 391 146 408 163
car 0.6949 398 183 463 218
car 0.4852 419 191 453 212
car 0.2719 463 144 491 164
car 0.1665 492 142 500 160
car 0.1247 377 132 395 142
car 0.1218 457 154 477 169
car 0.1145 474 145 492 161
car 0.1138 456 146 477 163
car 0.1081 474 133 496 156
car 0.0879 489 132 500 157
car 0.0650 50 174 77 189
car 0.0635 41 177 82 201
car 0.0631 445 147 466 162
car 0.0595 465 136 489 154
car 0.0559 493 147 501 180
car 0.0402 490 160 501 178
car 0.0351 442 148 456 161
car 0.0306 457 169 476 194
car 0.0300 465 253 486 286
car 0.0273 416 145 496 212
car 0.0243 410 191 427 209
car 0.0237 460 136 475 150
car 0.0234 365 146 377 162
car 0.0222 459 179 478 198
car 0.0205 -30 147 111 213
car 0.0170 363 129 375 140
car 0.0170 285 21 522 316
car 0.0132 404 121 523 224
car 0.0129 60 108 504 297
car 0.0123 384 120 396 129
car 0.0113 354 125 369 137
car 0.0112 375 171 405 190
car 0.0111 400 143 421 162
car 0.0104 477 128 494 143
car 0.0098 401 131 416 143
car 0.0096 365 134 375 148
car 0.0095 431 154 446 171
car 0.0094 434 168 446 191
car 0.0093 415 126 423 136
car 0.0084 410 165 420 191
car 0.0084 457 163 476 181
car 0.0080 493 272 500 303
car 0.0076 433 153 460 171
car 0.0075 444 153 468 168
car 0.0071 36 183 56 201
car 0.0067 460 247 492 292
car 0.0063 372 133 391 144
car 0.0059 441 130 508 175
car 0.0056 332 99 529 220
car 0.0055 476 152 490 165
car 0.0043 382 155 396 169
car 0.0042 406 136 421 152
car 0.0040 470 124 483 139
car 0.0040 56 169 68 179
car 0.0040 424 129 431 140
car 0.0039 492 124 499 147
car 0.0038 374 120 381 128
car 0.0037 0 163 6 200
car 0.0034 462 128 472 139
car 0.0032 442 136 453 144
car 0.0029 447 159 482 202
car 0.0028 406 166 415 192
car 0.0026 436 168 456 196
car 0.0025 494 248 498 305
car 0.0024 65 168 75 180
car 0.0023 465 172 478 192
car 0.0022 394 136 409 149
car 0.0021 401 149 419 171
car 0.0021 374 134 443 174
car 0.0021 451 137 460 147
car 0.0021 418 172 432 189
car 0.0020 416 187 437 200
car 0.0018 468 122 503 166
car 0.0018 482 253 491 281
car 0.0018 404 189 417 207
car 0.0017 0 174 5 204
car 0.0017 359 145 420 203
car 0.0016 390 178 471 236
car 0.0016 407 183 426 201
car 0.0015 447 181 461 197
car 0.0014 441 170 471 194
car 0.0014 441 182 456 197
car 0.0014 443 128 454 143
car 0.0014 367 121 374 129
car 0.0013 370 147 388 162
car 0.0013 453 220 485 275
car 0.0013 46 176 60 188
car 0.0013 374 157 389 168
car 0.0013 379 163 398 181
car 0.0013 398 134 434 172
car 0.0013 327 120 338 129
car 0.0012 422 154 431 169
car 0.0011 378 146 399 164
car 0.0011 -1 155 6 167
car 0.0011 301 125 309 138
motorbike 0.0209 410 165 420 191
motorbike 0.0134 465 253 486 286
motorbike 0.0067 460 247 492 292
motorbike 0.0042 391 146 408 163
motorbike 0.0032 406 166 415 192
motorbike 0.0016 457 154 477 169
motorbike 0.0015 492 142 500 160
motorbike 0.0013 400 135 419 148
motorbike 0.0011 493 147 501 180
bus 0.9631 -37 137 110 218
bus 0.6549 416 145 496 212
bus 0.0422 206 281 414 362
bus 0.0309 489 132 500 157
bus 0.0194 404 121 523 224
bus 0.0174 426 148 464 199
bus 0.0145 474 133 496 156
bus 0.0107 359 145 420 203
bus 0.0100 285 172 529 300
bus 0.0088 487 81 503 166
bus 0.0082 222 103 514 366
bus 0.0072 468 122 503 166
bus 0.0053 7 157 100 211
bus 0.0052 488 222 501 331
bus 0.0052 492 142 500 160
bus 0.0051 493 95 499 149
bus 0.0051 447 159 482 202
bus 0.0045 0 163 6 200
bus 0.0038 492 124 499 147
bus 0.0035 463 144 491 164
bus 0.0027 441 130 508 175
bus 0.0023 -5 154 30 207
bus 0.0020 368 153 407 195
bus 0.0019 406 150 427 167
bus 0.0018 141 165 591 318
bus 0.0017 -38 145 107 182
bus 0.0017 483 113 504 174
bus 0.0016 -17 144 47 216
bus 0.0015 491 239 496 297
bus 0.0014 56 169 68 179
bus 0.0014 465 136 489 154
bus 0.0013 457 169 476 194
bus 0.0011 0 166 6 182
bus 0.0011 474 145 492 161
bus 0.0011 435 159 455 183
train 0.0149 288 107 506 366
train 0.0073 -31 141 103 208
train 0.0062 285 172 529 300
train 0.0021 141 165 591 318
chair 0.0792 284 229 302 253
chair 0.0756 267 225 283 251
chair 0.0570 277 227 290 253
chair 0.0110 304 231 319 266
chair 0.0102 255 225 272 248
chair 0.0071 295 231 311 251
chair 0.0031 299 235 311 257
chair 0.0022 249 220 264 243
chair 0.0012 313 233 326 262
pottedplant 0.0127 304 231 319 266
pottedplant 0.0100 284 229 302 253
pottedplant 0.0067 299 235 311 257
pottedplant 0.0047 295 231 311 251
pottedplant 0.0031 277 227 290 253
pottedplant 0.0026 267 225 283 251
pottedplant 0.0013 442 275 452 298
pottedplant 0.0013 493 272 500 303
pottedplant 0.0012 313 233 326 262
pottedplant 0.0010 255 225 272 248
diningtable 0.0108 284 229 302 253
diningtable 0.0035 277 227 290 253
diningtable 0.0033 267 225 283 251
diningtable 0.0018 295 231 311 251
