person 0.9403 7 -27 283 378
person 0.1730 -29 -119 227 249
person 0.1160 -61 8 252 170
person 0.0684 -68 126 341 360
person 0.0641 -100 21 463 240
person 0.0279 30 69 340 507
person 0.0255 132 -141 369 276
person 0.0101 71 7 426 137
cat 0.0032 88 88 284 212
cat 0.0010 -68 126 341 360
dog 0.0136 -68 126 341 360
dog 0.0024 88 88 284 212
dog 0.0014 26 -5 338 489
bottle 0.0012 294 -1 338 3
chair 0.0029 132 -141 369 276
chair 0.0028 26 -5 338 489
chair 0.0024 264 -34 371 170
chair 0.0013 -49 -114 399 236
chair 0.0011 -80 -4 288 357
sofa 0.5760 26 -5 338 489
sofa 0.1467 -29 -119 227 249
sofa 0.0693 -111 9 459 134
sofa 0.0578 -80 -4 288 357
sofa 0.0257 -61 8 252 170
sofa 0.0220 -56 210 426 450
sofa 0.0175 -100 21 463 240
sofa 0.0106 132 -141 369 276
sofa 0.0094 -81 133 436 353
sofa 0.0042 264 -34 371 170
sofa 0.0026 -2 -23 349 218
