person 0.0026 170 118 203 165
person 0.0022 141 114 174 167
person 0.0021 179 124 198 162
person 0.0018 118 104 198 178
bird 0.0017 103 136 218 262
bird 0.0011 130 149 202 248
bottle 0.1385 444 86 474 146
bottle 0.0022 248 243 274 274
chair 0.9908 277 207 382 365
chair 0.9743 260 137 387 439
chair 0.3821 141 193 307 393
chair 0.3715 145 206 269 331
chair 0.1058 155 225 261 288
chair 0.0618 183 219 248 320
chair 0.0549 90 127 324 432
chair 0.0405 20 242 148 374
chair 0.0271 176 228 251 272
chair 0.0256 212 237 235 255
chair 0.0238 192 233 331 375
chair 0.0232 232 251 285 357
chair 0.0163 256 256 289 357
chair 0.0139 428 298 524 349
chair 0.0092 209 223 279 360
chair 0.0088 251 230 314 361
chair 0.0084 44 256 97 359
chair 0.0064 234 246 253 272
chair 0.0064 68 247 128 325
chair 0.0062 229 227 294 284
chair 0.0057 260 246 282 269
chair 0.0029 187 240 227 256
chair 0.0028 182 278 288 355
chair 0.0027 230 243 245 273
chair 0.0021 75 261 115 310
chair 0.0019 -8 289 32 344
chair 0.0018 168 191 228 317
chair 0.0017 169 236 189 266
chair 0.0016 397 252 534 369
chair 0.0015 274 250 316 324
chair 0.0013 -10 311 34 337
chair 0.0013 223 233 253 302
chair 0.0012 206 231 243 284
chair 0.0012 266 281 296 348
chair 0.0011 331 204 372 347
sofa 0.0093 428 298 524 349
sofa 0.0054 394 252 512 372
sofa 0.0036 260 137 387 439
sofa 0.0023 145 206 269 331
pottedplant 0.9808 29 117 302 438
pottedplant 0.4712 221 206 292 293
pottedplant 0.1057 -41 206 376 329
pottedplant 0.0798 407 272 491 358
pottedplant 0.0526 234 219 277 281
pottedplant 0.0065 193 200 323 312
pottedplant 0.0031 131 188 274 324
pottedplant 0.0025 397 252 534 369
pottedplant 0.0020 234 246 253 272
pottedplant 0.0013 439 283 478 344
pottedplant 0.0013 398 299 511 346
pottedplant 0.0012 227 236 260 281
pottedplant 0.0012 248 243 274 274
pottedplant 0.0011 215 183 311 372
pottedplant 0.0010 168 191 228 317
pottedplant 0.0010 7 247 245 370
diningtable 0.3739 183 205 348 381
diningtable 0.0271 428 298 524 349
diningtable 0.0256 195 246 354 304
diningtable 0.0193 251 230 314 361
diningtable 0.0161 90 127 324 432
diningtable 0.0080 229 228 288 360
diningtable 0.0058 397 252 534 369
diningtable 0.0036 204 246 304 287
diningtable 0.0028 260 137 387 439
diningtable 0.0027 186 220 408 329
diningtable 0.0026 193 200 323 312
diningtable 0.0018 157 209 274 331
diningtable 0.0012 229 227 294 284
diningtable 0.0010 -45 305 113 345
tvmonitor 0.0647 -3 100 24 377
tvmonitor 0.0046 493 138 501 359
tvmonitor 0.0036 80 -34 250 365
tvmonitor 0.0012 0 103 5 375
tvmonitor 0.0010 -2 -57 26 151
tvmonitor 0.0010 497 230 500 305
