person 0.0292 69 37 500 350
person 0.0120 -5 -39 39 130
person 0.0105 22 156 427 380
person 0.0055 -2 -15 7 110
person 0.0041 140 87 523 267
person 0.0036 0 -6 2 83
person 0.0011 177 -31 255 71
cat 0.0156 22 156 427 380
cat 0.0028 151 -27 224 72
cat 0.0022 140 87 523 267
cat 0.0020 275 -39 450 424
dog 0.9908 77 155 481 380
dog 0.3928 140 87 523 267
dog 0.0318 -98 213 614 364
dog 0.0288 275 -39 450 424
dog 0.0020 184 -15 460 242
chair 0.2063 348 48 540 336
chair 0.0700 69 37 500 350
chair 0.0258 197 -25 255 117
chair 0.0171 132 -78 281 218
chair 0.0058 147 -19 253 180
chair 0.0044 152 -5 220 127
chair 0.0017 371 -72 519 218
chair 0.0017 -13 69 532 246
chair 0.0013 215 -81 433 174
chair 0.0012 357 0 546 129
chair 0.0012 229 -37 290 125
chair 0.0011 157 63 233 146
chair 0.0011 201 -7 263 60
chair 0.0010 150 -33 437 256
sofa 0.6925 69 37 500 350
sofa 0.2113 348 48 540 336
sofa 0.0170 -13 69 532 246
sofa 0.0077 22 156 427 380
sofa 0.0066 205 80 507 281
sofa 0.0028 184 -15 460 242
sofa 0.0010 215 -81 433 174
pottedplant 0.2410 129 -38 268 82
pottedplant 0.0860 151 -27 224 72
pottedplant 0.0069 166 -11 212 57
pottedplant 0.0060 177 -31 255 71
pottedplant 0.0023 208 -14 246 56
pottedplant 0.0013 130 -79 281 164
pottedplant 0.0010 160 -9 195 50
diningtable 0.0131 122 -18 251 140
diningtable 0.0035 152 -5 220 127
diningtable 0.0016 144 31 231 61
diningtable 0.0012 95 -98 265 248
tvmonitor 0.7485 -5 -39 39 130
tvmonitor 0.0336 -6 -51 66 168
tvmonitor 0.0207 -32 -66 99 156
