person 0.9975 55 0 359 341
person 0.0321 366 28 517 466
person 0.0232 370 154 502 379
person 0.0148 140 -6 502 333
person 0.0109 250 26 553 294
person 0.0103 -34 27 465 240
person 0.0088 -19 -9 152 490
person 0.0045 -48 136 180 329
person 0.0040 423 83 449 164
person 0.0015 389 170 431 308
person 0.0012 472 131 505 336
person 0.0011 344 102 541 310
car 0.0013 38 -21 384 297
train 0.0089 38 -21 384 297
chair 0.0371 -19 -9 152 490
chair 0.0270 -48 136 180 329
chair 0.0245 -11 102 56 255
chair 0.0134 75 127 137 387
chair 0.0127 8 34 171 317
chair 0.0100 27 100 97 251
chair 0.0098 41 30 379 356
chair 0.0040 25 90 144 270
chair 0.0028 -30 83 91 269
chair 0.0025 86 160 136 271
chair 0.0017 99 104 158 242
chair 0.0014 74 81 218 275
chair 0.0013 -34 27 465 240
chair 0.0012 271 184 411 397
chair 0.0012 -13 81 111 383
sofa 0.0154 61 33 430 357
sofa 0.0046 271 184 411 397
sofa 0.0014 37 153 392 323
tvmonitor 0.0093 4 -35 194 115
tvmonitor 0.0014 71 -17 495 348
