person 0.0124 94 182 106 216
person 0.0067 89 184 99 214
person 0.0034 0 163 4 196
person 0.0026 25 160 57 243
person 0.0019 448 77 468 98
person 0.0013 425 99 446 121
person 0.0011 27 176 44 206
car 0.0014 0 163 4 196
car 0.0012 -35 94 103 284
car 0.0012 198 179 394 276
bus 0.0119 -35 83 99 279
bus 0.0015 7 137 248 242
bus 0.0010 -7 116 67 262
train 0.7870 65 39 610 238
train 0.3813 166 -1 488 275
train 0.2669 -35 83 99 279
train 0.1948 -37 87 227 294
train 0.1126 7 137 248 242
train 0.0256 -12 105 70 258
train 0.0088 14 90 478 294
