person 0.0016 164 132 184 153
person 0.0011 184 125 197 141
bicycle 0.9620 10 104 307 283
bicycle 0.1293 -96 133 406 261
bicycle 0.0501 -66 72 389 212
bicycle 0.0151 164 132 184 153
bicycle 0.0150 151 122 199 162
bicycle 0.0060 160 127 188 158
bicycle 0.0027 18 175 400 326
bicycle 0.0023 133 134 216 164
bicycle 0.0023 -62 154 214 272
bicycle 0.0014 43 16 321 217
bicycle 0.0012 -18 141 110 355
bicycle 0.0011 178 141 199 157
car 0.0013 152 123 207 163
car 0.0010 118 91 236 171
motorbike 0.0028 31 62 325 266
aeroplane 0.0046 30 37 293 252
bus 0.0011 20 62 298 271
train 0.0014 20 62 298 271
boat 0.0073 30 37 293 252
