person 0.0012 -1 12 8 39
chair 0.9964 221 85 453 311
chair 0.9935 62 81 294 274
chair 0.9810 96 -141 261 490
chair 0.9615 244 -21 378 138
chair 0.9301 81 -13 223 125
chair 0.8685 107 23 250 331
chair 0.1228 276 -7 349 125
chair 0.0662 314 22 437 127
chair 0.0552 351 15 425 303
chair 0.0542 80 19 164 227
chair 0.0413 263 -34 367 266
chair 0.0287 84 53 481 205
chair 0.0205 259 -90 410 494
chair 0.0150 151 -56 421 302
chair 0.0085 429 -59 513 223
chair 0.0066 78 42 137 165
chair 0.0055 66 -87 215 279
chair 0.0042 245 15 279 95
chair 0.0033 97 28 152 178
chair 0.0031 470 -47 503 244
chair 0.0030 142 0 311 132
chair 0.0022 283 -48 432 296
chair 0.0022 -6 -25 35 109
chair 0.0020 66 -51 147 213
chair 0.0019 122 -1 194 116
chair 0.0017 86 63 119 143
chair 0.0017 92 73 146 229
chair 0.0016 -3 2 16 90
chair 0.0016 208 59 223 74
chair 0.0014 92 45 168 120
chair 0.0011 36 91 128 169
chair 0.0011 104 52 137 117
chair 0.0011 208 65 223 82
chair 0.0010 213 58 271 116
sofa 0.0033 316 15 434 120
pottedplant 0.8992 175 -16 305 150
pottedplant 0.1214 205 3 277 132
pottedplant 0.0046 213 58 271 116
pottedplant 0.0044 245 15 279 95
pottedplant 0.0029 220 66 257 107
pottedplant 0.0013 -11 -40 58 202
pottedplant 0.0010 225 36 261 115
diningtable 0.7899 64 77 440 310
diningtable 0.4081 39 54 461 203
diningtable 0.0749 115 -63 390 300
diningtable 0.0019 172 -11 307 156
tvmonitor 0.0037 -3 2 16 90
tvmonitor 0.0016 -9 40 54 184
tvmonitor 0.0014 0 15 6 77
tvmonitor 0.0013 -6 -25 35 109
