bird 0.0072 172 272 205 317
bird 0.0043 215 276 247 346
bird 0.0029 152 239 282 392
bird 0.0016 49 107 110 168
bird 0.0011 195 265 264 354
pottedplant 0.8075 308 345 387 524
pottedplant 0.4116 177 374 364 552
pottedplant 0.2900 200 298 335 605
pottedplant 0.0690 107 103 417 393
pottedplant 0.0675 314 196 381 517
pottedplant 0.0656 207 373 311 529
pottedplant 0.0435 263 404 395 543
pottedplant 0.0355 276 225 394 556
pottedplant 0.0307 113 267 420 463
pottedplant 0.0193 280 410 338 526
pottedplant 0.0121 298 417 362 525
pottedplant 0.0120 244 266 379 445
pottedplant 0.0101 82 15 353 474
pottedplant 0.0071 144 171 300 493
pottedplant 0.0056 79 377 235 527
pottedplant 0.0048 229 321 305 419
pottedplant 0.0036 90 278 289 616
pottedplant 0.0035 329 216 381 419
pottedplant 0.0033 212 299 336 446
pottedplant 0.0033 164 150 362 583
pottedplant 0.0031 277 285 344 426
pottedplant 0.0030 205 220 305 488
pottedplant 0.0027 168 314 301 546
pottedplant 0.0027 278 342 315 399
pottedplant 0.0024 -21 59 116 372
pottedplant 0.0021 167 241 266 465
pottedplant 0.0020 262 330 333 410
pottedplant 0.0018 237 330 348 536
pottedplant 0.0015 132 402 295 542
pottedplant 0.0014 267 166 365 471
pottedplant 0.0012 72 176 218 625
