person 0.9978 8 90 266 305
person 0.9852 337 76 447 329
person 0.9655 259 79 421 520
person 0.9488 408 48 521 243
person 0.9438 171 187 346 467
person 0.8943 43 102 106 193
person 0.7523 270 187 412 425
person 0.6420 -5 -34 37 535
person 0.5007 -18 89 84 222
person 0.3768 260 157 378 341
person 0.3166 29 79 129 214
person 0.2578 423 74 494 216
person 0.2430 -3 68 70 329
person 0.0551 209 248 338 412
person 0.0289 297 167 386 271
person 0.0229 17 59 119 331
person 0.0154 -7 87 29 228
person 0.0111 -4 48 26 347
person 0.0089 9 103 71 210
person 0.0086 474 93 503 339
person 0.0078 0 125 5 179
person 0.0066 -2 102 12 205
person 0.0059 2 109 46 199
person 0.0050 50 95 110 256
person 0.0047 326 7 493 386
person 0.0042 34 215 71 284
person 0.0037 165 218 491 372
person 0.0037 33 95 449 289
person 0.0034 433 114 512 351
person 0.0034 266 246 369 405
person 0.0034 230 183 436 327
person 0.0032 0 -26 21 531
person 0.0027 50 120 79 189
person 0.0026 52 69 155 321
person 0.0024 272 234 314 305
person 0.0023 464 17 504 416
person 0.0022 23 120 57 191
person 0.0020 485 137 503 207
person 0.0019 -13 97 101 410
person 0.0018 489 190 501 328
person 0.0018 481 334 505 389
person 0.0015 20 187 76 315
person 0.0015 477 169 503 414
person 0.0015 488 94 503 215
person 0.0014 152 144 587 308
person 0.0013 -2 121 29 202
person 0.0013 84 140 98 167
person 0.0012 208 101 387 414
person 0.0011 489 261 502 370
person 0.0011 102 56 226 337
person 0.0011 94 58 164 148
person 0.0011 268 214 324 327
person 0.0010 288 142 531 482
person 0.0010 7 125 39 145
boat 0.0306 158 64 407 328
boat 0.0159 -57 81 483 291
boat 0.0030 24 102 300 292
boat 0.0010 481 199 505 261
bottle 0.8612 44 151 58 196
bottle 0.6766 19 159 33 192
bottle 0.4799 416 252 435 284
bottle 0.2419 25 156 38 192
bottle 0.1986 111 159 126 187
bottle 0.1964 451 170 474 230
bottle 0.1148 454 174 470 211
bottle 0.0997 69 170 89 198
bottle 0.0721 28 169 40 191
bottle 0.0695 38 157 51 191
bottle 0.0550 410 241 438 316
bottle 0.0529 467 190 485 227
bottle 0.0479 65 171 81 196
bottle 0.0388 430 171 447 198
bottle 0.0350 73 160 89 188
bottle 0.0310 106 162 121 186
bottle 0.0289 439 265 456 286
bottle 0.0273 64 160 94 205
bottle 0.0268 451 184 467 220
bottle 0.0227 477 194 492 226
bottle 0.0200 430 268 446 284
bottle 0.0179 461 175 488 231
bottle 0.0146 33 147 58 199
bottle 0.0146 429 161 450 220
bottle 0.0127 120 160 131 187
bottle 0.0125 104 174 129 193
bottle 0.0087 12 173 22 188
bottle 0.0083 77 153 89 176
bottle 0.0076 64 168 83 183
bottle 0.0070 103 151 134 198
bottle 0.0065 482 328 504 389
bottle 0.0059 12 155 40 210
bottle 0.0055 54 165 66 185
bottle 0.0050 308 301 355 397
bottle 0.0040 35 151 52 178
bottle 0.0037 418 327 464 388
bottle 0.0030 56 177 73 193
bottle 0.0030 21 150 45 198
bottle 0.0029 115 158 125 176
bottle 0.0028 457 195 473 223
bottle 0.0027 418 255 432 272
bottle 0.0027 27 154 39 177
bottle 0.0027 82 152 94 174
bottle 0.0027 447 265 461 286
bottle 0.0026 265 156 281 172
bottle 0.0025 486 342 501 384
bottle 0.0023 75 147 103 199
bottle 0.0022 246 139 258 169
bottle 0.0020 121 169 132 192
bottle 0.0019 234 142 256 165
bottle 0.0018 494 280 501 320
bottle 0.0018 489 193 500 228
bottle 0.0017 -11 154 63 213
bottle 0.0015 432 166 498 237
bottle 0.0015 228 144 243 162
bottle 0.0015 489 261 502 370
bottle 0.0015 470 185 503 234
bottle 0.0015 -57 81 483 291
bottle 0.0014 24 102 300 292
bottle 0.0012 446 173 467 198
bottle 0.0011 20 157 31 174
bottle 0.0010 11 176 35 206
bottle 0.0010 163 362 206 381
chair 0.4347 91 190 158 350
chair 0.3171 -10 206 111 424
chair 0.0890 63 168 184 371
chair 0.0673 10 251 76 407
chair 0.0395 91 201 252 458
chair 0.0200 -22 151 154 318
chair 0.0174 -9 49 63 496
chair 0.0171 490 152 501 179
chair 0.0170 158 166 346 472
chair 0.0150 192 258 239 371
chair 0.0144 386 60 530 243
chair 0.0130 82 209 160 285
chair 0.0112 87 193 231 355
chair 0.0102 308 301 355 397
chair 0.0083 119 236 154 322
chair 0.0075 489 190 501 328
chair 0.0074 427 72 504 231
chair 0.0064 359 227 540 358
chair 0.0062 494 258 501 297
chair 0.0061 477 143 505 364
chair 0.0060 -7 98 95 332
chair 0.0059 72 164 145 308
chair 0.0059 74 180 252 290
chair 0.0053 182 334 247 394
chair 0.0053 -9 18 149 493
chair 0.0050 -6 253 38 411
chair 0.0049 485 137 503 207
chair 0.0048 180 136 220 296
chair 0.0046 2 148 56 325
chair 0.0044 494 236 499 282
chair 0.0037 495 127 500 182
chair 0.0036 33 194 70 285
chair 0.0036 60 70 227 440
chair 0.0035 145 239 258 388
chair 0.0034 272 234 314 305
chair 0.0034 35 151 52 178
chair 0.0032 155 207 185 276
chair 0.0031 53 181 118 319
chair 0.0030 38 97 112 207
chair 0.0029 472 72 503 247
chair 0.0028 36 171 99 299
chair 0.0028 468 114 498 195
chair 0.0025 197 203 236 274
chair 0.0023 186 149 211 275
chair 0.0022 -52 149 191 239
chair 0.0022 131 173 194 338
chair 0.0021 488 94 503 215
chair 0.0020 174 147 344 287
chair 0.0019 494 280 501 320
chair 0.0018 -6 -35 36 575
chair 0.0018 281 279 306 296
chair 0.0017 64 197 95 265
chair 0.0017 48 191 76 286
chair 0.0016 135 127 223 350
chair 0.0015 49 222 118 293
chair 0.0015 185 194 249 283
chair 0.0014 496 259 500 318
chair 0.0014 97 212 204 267
chair 0.0014 24 102 300 292
chair 0.0014 470 147 506 198
chair 0.0013 474 159 500 185
chair 0.0013 158 150 212 322
chair 0.0013 207 181 323 260
chair 0.0013 -1 153 278 475
chair 0.0012 -5 120 71 204
chair 0.0012 278 266 309 295
chair 0.0012 484 192 504 287
chair 0.0011 20 291 50 382
chair 0.0011 469 235 506 302
chair 0.0011 145 342 225 390
chair 0.0011 194 191 215 272
chair 0.0011 55 135 71 172
chair 0.0010 20 187 76 315
chair 0.0010 -3 266 86 343
sofa 0.0023 359 227 540 358
sofa 0.0018 171 187 346 467
sofa 0.0010 91 201 252 458
sofa 0.0010 405 55 526 248
diningtable 0.6874 374 62 517 382
diningtable 0.6013 344 190 527 465
diningtable 0.4027 344 139 545 290
diningtable 0.2306 -12 66 152 380
diningtable 0.1419 158 64 407 328
diningtable 0.1024 6 109 267 316
diningtable 0.0932 -52 149 191 239
diningtable 0.0287 359 227 540 358
diningtable 0.0250 331 289 534 409
diningtable 0.0212 -57 81 483 291
diningtable 0.0154 125 137 432 249
diningtable 0.0130 37 43 246 412
diningtable 0.0063 320 164 563 360
diningtable 0.0054 -7 162 59 217
diningtable 0.0046 6 141 130 323
diningtable 0.0031 221 227 583 363
diningtable 0.0031 273 181 446 472
diningtable 0.0029 -61 172 242 346
diningtable 0.0025 91 201 252 458
diningtable 0.0025 484 192 504 287
diningtable 0.0018 205 154 341 191
diningtable 0.0016 20 152 304 243
diningtable 0.0015 -10 206 111 424
diningtable 0.0014 391 186 511 398
diningtable 0.0011 174 147 344 287
diningtable 0.0011 6 170 118 214
diningtable 0.0011 384 185 457 223
diningtable 0.0011 474 93 503 339
diningtable 0.0011 490 152 501 179
diningtable 0.0010 432 102 512 332
diningtable 0.0010 247 85 400 385
diningtable 0.0010 397 114 536 240
tvmonitor 0.0010 91 201 252 458
