person 0.8703 85 156 149 273
person 0.2698 68 141 171 290
person 0.0213 144 186 214 255
person 0.0134 161 197 200 241
person 0.0113 410 9 459 161
person 0.0041 168 201 192 228
person 0.0028 26 -12 102 30
person 0.0026 208 164 229 246
person 0.0017 -41 -9 128 27
person 0.0016 113 170 145 254
person 0.0012 132 153 183 273
cat 0.0072 410 9 459 161
cat 0.0024 391 -23 482 192
cat 0.0015 144 186 214 255
dog 0.0010 410 9 459 161
bottle 0.3454 207 170 230 251
bottle 0.0235 209 214 225 249
bottle 0.0092 217 229 231 252
bottle 0.0090 203 203 231 260
bottle 0.0083 218 216 231 247
bottle 0.0037 209 186 226 233
bottle 0.0018 203 234 215 250
bottle 0.0016 0 59 13 96
bottle 0.0015 156 180 175 212
bottle 0.0015 198 158 238 273
bottle 0.0014 226 221 237 246
bottle 0.0013 20 200 50 265
bottle 0.0012 213 178 224 208
bottle 0.0011 299 223 307 245
chair 0.9950 199 137 378 494
chair 0.2356 213 210 350 421
chair 0.0657 79 187 215 430
chair 0.0125 83 193 121 425
chair 0.0122 65 206 108 420
chair 0.0107 82 174 155 268
chair 0.0101 37 251 92 408
chair 0.0054 20 205 111 423
chair 0.0052 177 229 415 356
chair 0.0048 95 206 147 378
chair 0.0043 134 223 225 258
chair 0.0032 115 191 146 250
chair 0.0027 122 230 159 250
chair 0.0023 124 204 138 242
chair 0.0021 110 222 173 258
chair 0.0018 24 293 82 397
chair 0.0017 68 141 171 290
chair 0.0015 129 220 149 243
sofa 0.0011 134 223 225 258
pottedplant 0.0248 154 187 176 212
pottedplant 0.0155 203 203 231 260
pottedplant 0.0082 144 186 214 255
pottedplant 0.0080 141 175 180 225
pottedplant 0.0063 209 214 225 249
pottedplant 0.0052 205 162 231 274
pottedplant 0.0051 161 197 200 241
pottedplant 0.0050 128 166 189 236
pottedplant 0.0033 218 216 231 247
pottedplant 0.0023 168 201 192 228
pottedplant 0.0021 -22 -140 126 282
pottedplant 0.0020 177 197 255 266
pottedplant 0.0015 148 179 172 211
diningtable 0.0018 78 121 358 466
diningtable 0.0017 79 187 215 430
diningtable 0.0014 30 222 409 273
tvmonitor 0.9916 208 152 316 270
tvmonitor 0.4855 228 166 295 260
tvmonitor 0.0017 344 254 408 409
