person 0.9993 73 -22 486 394
person 0.7574 107 136 147 186
person 0.2793 144 134 177 189
person 0.2028 72 126 106 186
person 0.1084 137 124 196 201
person 0.1048 92 125 152 196
person 0.0729 85 124 120 188
person 0.0572 62 144 81 180
person 0.0455 159 138 191 188
person 0.0442 55 136 86 184
person 0.0421 71 143 93 180
person 0.0379 124 134 155 187
person 0.0306 -62 47 276 338
person 0.0282 150 141 171 184
person 0.0273 131 143 149 182
person 0.0258 59 114 122 198
person 0.0224 115 144 141 181
person 0.0216 25 127 58 184
person 0.0212 165 144 185 184
person 0.0210 81 141 98 180
person 0.0132 0 136 12 175
person 0.0113 157 144 177 183
person 0.0106 16 142 36 179
person 0.0097 98 142 118 182
person 0.0095 30 144 52 179
person 0.0087 111 139 129 171
person 0.0083 137 142 156 185
person 0.0081 156 160 167 180
person 0.0080 5 182 62 300
person 0.0077 132 121 162 191
person 0.0072 91 144 112 180
person 0.0068 -5 128 28 182
person 0.0063 43 128 103 193
person 0.0054 34 229 69 289
person 0.0048 120 138 139 172
person 0.0042 55 142 74 181
person 0.0041 11 223 75 297
person 0.0039 2 146 21 176
person 0.0038 133 159 149 180
person 0.0038 80 97 206 216
person 0.0036 -19 180 110 318
person 0.0036 -3 209 18 292
person 0.0036 117 110 170 202
person 0.0030 17 138 49 182
person 0.0030 0 236 8 284
person 0.0027 -7 227 30 290
person 0.0025 40 125 66 185
person 0.0025 30 251 53 281
person 0.0024 24 136 42 176
person 0.0021 13 116 72 195
person 0.0020 9 129 39 182
person 0.0019 188 143 207 170
person 0.0019 12 96 161 214
person 0.0019 168 142 185 167
person 0.0017 16 231 53 288
person 0.0017 138 159 156 181
person 0.0016 114 116 146 175
person 0.0015 46 146 61 178
person 0.0014 -2 125 16 196
person 0.0014 99 129 120 161
person 0.0012 47 217 79 282
person 0.0011 81 131 99 160
person 0.0011 150 131 168 158
person 0.0011 170 132 202 191
person 0.0010 128 130 146 159
car 0.0304 13 14 437 413
car 0.0017 136 -40 499 363
aeroplane 0.0010 -6 -24 456 344
bus 0.2928 -62 47 276 338
bus 0.2333 -6 -24 456 344
train 0.0019 66 -39 491 363
bottle 0.0016 39 -26 466 349
chair 0.0756 66 30 489 399
sofa 0.0101 66 30 489 399
diningtable 0.0034 13 14 437 413
tvmonitor 0.0082 66 30 489 399
tvmonitor 0.0013 -59 74 275 360
