person 0.9648 164 85 410 308
person 0.0451 96 166 484 297
person 0.0448 475 73 503 401
person 0.0143 158 129 361 265
person 0.0099 258 116 418 276
person 0.0082 67 114 150 205
person 0.0027 235 49 492 309
person 0.0025 -9 134 68 414
person 0.0018 352 129 405 254
person 0.0010 482 204 503 352
cat 0.0022 472 178 504 373
dog 0.0045 472 178 504 373
chair 0.9930 400 86 490 254
chair 0.9552 236 88 293 194
chair 0.8984 175 96 235 233
chair 0.7615 292 103 334 171
chair 0.7376 280 93 344 182
chair 0.7238 364 60 512 281
chair 0.5639 -9 134 68 414
chair 0.5471 269 106 303 179
chair 0.5447 354 100 420 145
chair 0.4396 149 96 432 406
chair 0.3055 215 73 314 208
chair 0.2306 366 80 418 240
chair 0.1493 157 80 260 247
chair 0.1372 367 110 391 138
chair 0.1287 254 89 378 192
chair 0.0893 327 113 411 188
chair 0.0847 384 108 409 139
chair 0.0766 303 73 444 244
chair 0.0674 96 166 484 297
chair 0.0477 347 83 404 202
chair 0.0474 334 106 441 163
chair 0.0388 -5 70 133 398
chair 0.0316 365 152 400 212
chair 0.0316 302 114 326 133
chair 0.0260 366 111 378 139
chair 0.0237 448 80 484 242
chair 0.0236 460 105 487 182
chair 0.0176 340 118 378 172
chair 0.0175 241 95 270 187
chair 0.0141 300 106 383 166
chair 0.0132 386 106 435 242
chair 0.0131 475 73 503 401
chair 0.0119 251 93 318 192
chair 0.0091 302 92 481 188
chair 0.0086 293 118 314 134
chair 0.0075 452 103 481 201
chair 0.0072 399 87 465 197
chair 0.0067 274 120 293 145
chair 0.0066 384 108 490 182
chair 0.0065 352 129 405 254
chair 0.0065 364 99 394 171
chair 0.0064 345 130 374 141
chair 0.0053 384 96 410 189
chair 0.0052 372 159 390 191
chair 0.0049 388 119 408 228
chair 0.0045 310 120 432 152
chair 0.0041 326 135 354 151
chair 0.0040 376 108 402 125
chair 0.0038 154 36 515 271
chair 0.0037 349 137 367 165
chair 0.0036 257 100 275 149
chair 0.0034 360 135 380 148
chair 0.0033 350 135 370 150
chair 0.0033 346 135 360 167
chair 0.0028 357 100 387 149
chair 0.0027 371 114 404 191
chair 0.0026 442 102 475 183
chair 0.0025 394 119 420 228
chair 0.0024 320 117 358 167
chair 0.0024 369 142 390 165
chair 0.0021 332 118 390 236
chair 0.0021 27 142 131 329
chair 0.0021 197 97 397 217
chair 0.0020 391 117 429 170
chair 0.0020 400 141 431 223
chair 0.0017 170 144 242 202
chair 0.0017 386 111 407 124
chair 0.0017 432 97 500 189
chair 0.0016 364 126 378 141
chair 0.0015 278 127 291 160
chair 0.0015 279 135 289 169
chair 0.0015 362 106 379 130
chair 0.0014 349 123 389 180
chair 0.0013 285 126 299 162
chair 0.0013 372 124 386 139
chair 0.0012 344 133 358 153
chair 0.0012 380 143 396 164
chair 0.0012 391 132 429 151
chair 0.0012 361 142 379 163
chair 0.0012 467 118 482 151
chair 0.0012 313 111 329 157
chair 0.0011 369 137 387 149
chair 0.0011 348 119 376 133
chair 0.0010 482 204 503 352
chair 0.0010 296 133 366 173
chair 0.0010 344 130 360 143
sofa 0.6101 148 51 429 407
sofa 0.5428 96 166 484 297
sofa 0.5179 -9 134 68 414
sofa 0.0349 474 102 504 405
sofa 0.0073 -12 36 136 472
sofa 0.0038 152 90 370 300
sofa 0.0027 282 92 359 189
sofa 0.0018 342 99 422 149
sofa 0.0014 300 106 383 166
sofa 0.0011 175 100 234 240
sofa 0.0010 5 161 101 223
diningtable 0.3125 303 73 444 244
diningtable 0.0663 254 38 481 270
diningtable 0.0514 314 112 445 160
diningtable 0.0361 -5 70 133 398
diningtable 0.0143 302 92 481 188
diningtable 0.0143 228 84 316 200
diningtable 0.0133 364 60 512 281
diningtable 0.0124 342 99 422 149
diningtable 0.0123 386 106 435 242
diningtable 0.0114 320 113 402 177
diningtable 0.0080 300 106 383 166
diningtable 0.0072 269 106 303 179
diningtable 0.0055 368 101 416 245
diningtable 0.0042 346 84 408 233
diningtable 0.0041 251 94 421 186
diningtable 0.0034 200 96 355 213
diningtable 0.0033 373 115 442 171
diningtable 0.0024 345 130 374 141
diningtable 0.0019 384 108 490 182
diningtable 0.0017 203 80 440 311
diningtable 0.0016 171 136 241 223
diningtable 0.0016 196 109 476 203
diningtable 0.0014 391 132 429 151
diningtable 0.0012 367 110 391 138
diningtable 0.0011 383 134 474 173
diningtable 0.0010 -24 150 150 244
tvmonitor 0.9922 31 80 176 241
tvmonitor 0.0074 67 102 143 219
tvmonitor 0.0044 -5 70 133 398
