person 0.9994 153 212 196 341
person 0.9984 189 142 296 431
person 0.9974 353 144 431 396
person 0.9924 466 195 504 329
person 0.9740 424 237 445 303
person 0.9738 36 243 60 306
person 0.9262 15 244 37 305
person 0.9099 436 241 463 302
person 0.7708 8 243 26 301
person 0.3789 406 240 423 303
person 0.3434 268 250 279 291
person 0.3107 357 236 385 301
person 0.2140 322 256 334 289
person 0.1240 19 254 31 297
person 0.0624 11 259 23 292
person 0.0604 440 255 455 283
person 0.0486 450 255 463 281
person 0.0444 133 264 146 287
person 0.0442 320 261 330 288
person 0.0440 489 209 502 310
person 0.0404 39 255 52 296
person 0.0393 495 245 501 288
person 0.0352 297 267 304 285
person 0.0308 43 259 56 293
person 0.0305 409 258 420 296
person 0.0238 365 246 379 277
person 0.0232 357 197 394 350
person 0.0215 185 267 194 287
person 0.0211 201 171 240 379
person 0.0210 108 253 117 286
person 0.0207 430 251 442 286
person 0.0173 19 254 27 270
person 0.0167 405 253 418 287
person 0.0165 243 203 285 387
person 0.0160 60 150 438 397
person 0.0156 268 263 277 286
person 0.0151 495 224 499 278
person 0.0136 251 247 275 313
person 0.0131 113 266 129 287
person 0.0114 423 255 434 283
person 0.0102 262 255 273 287
person 0.0092 25 252 37 291
person 0.0092 259 264 271 292
person 0.0080 112 263 144 288
person 0.0076 471 257 481 282
person 0.0074 254 276 268 303
person 0.0070 122 261 138 282
person 0.0069 182 252 190 288
person 0.0065 496 213 499 268
person 0.0060 197 270 210 285
person 0.0049 45 260 55 281
person 0.0045 183 267 211 286
person 0.0044 262 242 284 296
person 0.0040 201 248 227 351
person 0.0040 497 242 500 312
person 0.0037 442 262 454 291
person 0.0035 442 255 452 270
person 0.0035 412 234 481 306
person 0.0034 471 245 503 310
person 0.0033 46 252 55 270
person 0.0033 270 251 278 273
person 0.0031 0 233 3 306
person 0.0028 125 252 134 271
person 0.0026 13 253 21 271
person 0.0026 394 220 422 301
person 0.0023 458 256 469 285
person 0.0022 410 247 420 276
person 0.0021 112 260 126 283
person 0.0019 315 247 342 293
person 0.0018 370 170 424 309
person 0.0017 433 250 442 272
person 0.0017 362 266 379 294
person 0.0017 199 255 209 286
person 0.0017 358 270 366 284
person 0.0017 370 247 376 257
person 0.0015 187 264 205 282
person 0.0015 467 225 505 279
person 0.0014 370 249 380 271
person 0.0013 473 146 505 436
person 0.0011 345 226 415 313
person 0.0011 358 256 368 285
person 0.0010 164 234 193 305
person 0.0010 252 255 275 360
person 0.0010 471 247 481 274
bicycle 0.0043 409 258 420 296
bicycle 0.0041 268 250 279 291
bicycle 0.0025 11 259 23 292
bicycle 0.0018 399 244 422 307
bicycle 0.0010 197 270 210 285
car 0.5478 183 267 211 286
car 0.1321 112 263 144 288
car 0.0634 197 270 210 285
car 0.0586 97 259 162 292
car 0.0082 185 267 194 287
car 0.0070 113 266 129 287
car 0.0057 187 264 205 282
car 0.0031 177 247 214 293
car 0.0022 133 264 146 287
car 0.0022 122 261 138 282
bottle 0.0039 207 294 220 336
bottle 0.0027 254 276 268 303
bottle 0.0025 236 268 251 311
bottle 0.0021 251 279 264 300
bottle 0.0017 231 260 256 318
bottle 0.0017 230 279 241 298
bottle 0.0016 203 292 217 326
chair 0.0013 409 258 420 296
