person 0.9989 29 172 301 491
person 0.9958 -43 156 173 475
person 0.9917 193 187 435 490
person 0.9894 275 183 545 493
person 0.8659 157 194 333 478
person 0.2535 198 104 314 601
person 0.1794 173 119 303 400
person 0.1694 474 127 500 429
person 0.1164 358 89 499 356
person 0.0526 315 8 496 436
person 0.0333 184 175 244 339
person 0.0199 -24 266 204 615
person 0.0173 89 35 245 394
person 0.0131 272 151 537 345
person 0.0125 465 62 502 494
person 0.0087 104 161 130 235
person 0.0084 192 150 237 297
person 0.0076 158 110 248 372
person 0.0068 -8 90 58 354
person 0.0060 416 59 512 381
person 0.0054 82 74 416 434
person 0.0051 303 110 401 325
person 0.0046 240 48 407 384
person 0.0045 142 34 341 308
person 0.0044 201 119 336 247
person 0.0033 482 174 497 334
person 0.0033 168 206 235 281
person 0.0032 -97 360 351 499
person 0.0031 200 183 229 268
person 0.0031 472 172 498 280
person 0.0030 322 136 382 301
person 0.0030 185 217 221 270
person 0.0028 102 142 140 302
person 0.0027 213 219 250 289
person 0.0027 486 151 496 395
person 0.0027 196 228 214 259
person 0.0027 -11 12 60 505
person 0.0023 89 166 401 347
person 0.0020 344 114 474 223
person 0.0018 473 202 495 325
person 0.0017 329 96 450 383
person 0.0014 27 135 394 287
person 0.0013 144 165 258 316
person 0.0012 282 145 352 212
person 0.0010 457 153 492 364
person 0.0010 417 125 478 352
person 0.0010 207 173 222 215
train 0.0014 38 167 294 424
train 0.0011 59 112 433 458
train 0.0010 145 182 343 399
