person 0.9727 221 209 300 363
person 0.9717 337 183 459 378
person 0.8997 359 208 439 356
person 0.6293 186 198 329 386
person 0.0062 491 211 502 367
person 0.0017 497 241 499 336
person 0.0014 486 256 503 361
person 0.0010 491 287 500 346
bicycle 0.9753 302 237 495 375
bicycle 0.9630 169 236 345 374
bicycle 0.5546 485 272 503 359
bicycle 0.0723 491 287 500 346
bicycle 0.0560 208 213 309 361
bicycle 0.0274 374 254 542 368
bicycle 0.0157 345 208 448 363
bicycle 0.0126 494 264 499 354
bicycle 0.0070 479 207 504 386
bicycle 0.0063 414 299 519 350
bicycle 0.0062 496 250 499 346
bicycle 0.0053 491 211 502 367
bicycle 0.0032 218 274 453 352
bicycle 0.0023 169 211 479 395
bicycle 0.0021 244 272 323 337
bicycle 0.0014 495 308 499 360
bicycle 0.0010 205 253 266 357
car 0.0052 486 256 503 361
motorbike 0.0158 173 207 321 380
motorbike 0.0016 486 256 503 361
bottle 0.0023 266 296 283 318
chair 0.0042 186 198 329 386
chair 0.0025 295 238 519 376
