person 0.0074 65 -17 136 37
person 0.0047 -13 -20 59 46
person 0.0047 89 -2 115 24
person 0.0025 84 -7 121 31
person 0.0021 0 -15 3 52
person 0.0016 -29 -38 95 92
person 0.0012 7 -10 43 37
dog 0.1342 201 144 407 362
dog 0.0112 226 43 372 433
horse 0.0693 203 139 425 366
horse 0.0015 228 -64 403 517
sheep 0.0856 201 144 407 362
sheep 0.0237 226 43 372 433
cow 0.9664 42 -8 224 223
cow 0.9144 198 136 433 342
cow 0.1696 0 32 278 178
cow 0.1000 228 -64 403 517
cow 0.0491 96 37 240 168
cow 0.0058 212 41 521 325
cow 0.0038 224 50 370 390
cow 0.0024 116 59 221 132
cow 0.0021 146 50 212 158
