person 0.9996 -45 110 205 303
person 0.9991 39 75 488 299
person 0.9971 135 73 226 269
person 0.8791 -1 103 60 205
person 0.5470 -18 87 78 220
person 0.3888 -13 -44 179 432
person 0.3119 91 112 163 257
person 0.1857 64 94 184 277
person 0.1142 289 107 351 229
person 0.0825 175 105 228 233
person 0.0580 260 113 370 245
person 0.0380 96 12 250 325
person 0.0333 187 130 222 190
person 0.0181 89 122 169 199
person 0.0164 194 148 213 177
person 0.0154 189 152 206 183
person 0.0093 34 126 50 152
person 0.0068 23 116 58 164
person 0.0034 311 136 349 205
person 0.0023 177 141 219 217
person 0.0017 183 151 197 183
person 0.0016 141 100 193 262
person 0.0016 -16 71 108 370
person 0.0015 30 133 42 149
person 0.0013 172 133 205 190
person 0.0013 102 132 137 189
person 0.0013 -1 151 27 205
person 0.0011 147 90 214 212
person 0.0010 198 132 217 168
chair 0.6196 418 146 456 297
chair 0.1922 312 173 406 223
chair 0.1560 372 149 400 249
chair 0.1246 327 180 412 252
chair 0.1011 464 168 507 360
chair 0.0515 299 148 420 262
chair 0.0339 4 182 197 369
chair 0.0256 408 141 505 352
chair 0.0175 333 186 504 365
chair 0.0130 361 196 399 242
chair 0.0120 371 230 421 334
chair 0.0115 89 212 158 344
chair 0.0108 469 197 503 296
chair 0.0061 338 133 488 311
chair 0.0057 334 201 488 290
chair 0.0050 -19 154 537 311
chair 0.0049 -20 -29 163 479
chair 0.0043 344 162 400 281
chair 0.0025 355 189 384 207
chair 0.0025 365 210 400 270
chair 0.0021 329 187 371 207
chair 0.0018 317 69 493 415
chair 0.0017 372 181 387 216
chair 0.0017 487 231 502 342
chair 0.0016 440 242 517 345
chair 0.0015 401 231 470 334
chair 0.0015 -3 124 20 364
chair 0.0015 330 185 371 198
chair 0.0013 418 165 441 268
chair 0.0012 492 159 501 374
chair 0.0011 -17 262 84 331
chair 0.0011 453 122 499 327
chair 0.0010 -43 128 204 302
sofa 0.0051 -67 149 577 383
sofa 0.0028 327 180 412 252
diningtable 0.0417 334 173 495 358
diningtable 0.0140 334 201 488 290
diningtable 0.0088 -67 149 577 383
diningtable 0.0087 12 146 178 391
diningtable 0.0081 -12 -12 178 472
diningtable 0.0070 312 173 406 223
diningtable 0.0034 464 168 507 360
diningtable 0.0031 327 180 412 252
diningtable 0.0015 299 148 420 262
