person 0.9873 154 122 235 299
person 0.9778 274 88 410 338
person 0.9593 206 112 287 291
person 0.7167 -8 104 32 151
person 0.0273 0 106 8 146
person 0.0137 265 53 281 79
person 0.0114 -4 71 26 241
person 0.0080 -2 97 19 166
person 0.0072 260 36 286 98
person 0.0072 285 124 344 267
person 0.0071 186 104 326 256
person 0.0069 240 45 261 73
person 0.0068 321 35 338 76
person 0.0048 283 82 299 109
person 0.0044 226 63 243 91
person 0.0041 202 161 312 358
person 0.0030 230 37 265 97
person 0.0030 -1 80 7 247
person 0.0030 295 90 349 221
person 0.0029 0 119 25 145
person 0.0029 121 184 190 328
person 0.0029 270 117 359 314
person 0.0028 265 153 331 288
person 0.0028 236 57 255 76
person 0.0026 223 58 234 93
person 0.0022 44 40 58 67
person 0.0021 266 61 283 92
person 0.0021 275 54 304 116
person 0.0020 46 100 64 133
person 0.0019 169 60 187 79
person 0.0019 320 53 337 79
person 0.0019 314 28 343 84
person 0.0019 -1 93 4 137
person 0.0016 258 54 268 80
person 0.0015 125 141 243 369
person 0.0013 244 53 264 78
person 0.0013 481 -37 504 199
person 0.0013 491 -14 502 169
person 0.0013 226 120 326 314
person 0.0012 206 130 464 311
person 0.0011 39 88 71 142
person 0.0010 -8 65 42 170
person 0.0010 168 54 175 81
bicycle 0.9344 253 109 422 416
bicycle 0.9173 207 176 309 362
bicycle 0.8367 130 188 243 402
bicycle 0.4526 186 116 319 412
bicycle 0.3057 208 180 270 320
bicycle 0.1958 331 188 429 361
bicycle 0.1020 274 164 399 345
bicycle 0.0942 115 96 253 494
bicycle 0.0883 241 159 360 314
bicycle 0.0470 267 175 333 297
bicycle 0.0237 92 164 228 346
bicycle 0.0230 243 223 302 354
bicycle 0.0225 121 184 190 328
bicycle 0.0074 157 173 287 331
bicycle 0.0072 168 220 244 299
bicycle 0.0069 207 215 243 306
bicycle 0.0060 213 187 242 272
bicycle 0.0034 166 148 232 314
bicycle 0.0031 151 206 212 382
bicycle 0.0025 275 191 349 269
bicycle 0.0023 187 234 227 302
bicycle 0.0022 304 198 339 263
bicycle 0.0020 218 205 251 293
bicycle 0.0020 294 202 332 279
car 0.0010 226 63 243 91
motorbike 0.0670 131 213 245 398
motorbike 0.0192 115 182 183 324
motorbike 0.0147 331 188 429 361
motorbike 0.0083 115 96 253 494
motorbike 0.0073 92 164 228 346
motorbike 0.0073 270 97 431 436
motorbike 0.0072 241 159 360 314
motorbike 0.0039 186 116 319 412
motorbike 0.0037 267 175 333 297
motorbike 0.0012 228 177 316 365
bird 0.0045 43 36 58 67
dog 0.0016 115 182 183 324
bottle 0.0223 325 244 340 278
bottle 0.0066 248 215 263 243
bottle 0.0038 317 232 345 287
bottle 0.0037 337 251 359 281
bottle 0.0020 44 40 58 67
bottle 0.0016 261 220 283 244
bottle 0.0014 171 254 185 299
chair 0.8688 196 75 237 137
chair 0.2227 166 79 192 132
chair 0.1750 255 63 326 150
chair 0.1122 164 79 214 203
chair 0.1036 199 81 214 113
chair 0.0807 190 62 256 151
chair 0.0588 214 84 240 106
chair 0.0585 206 82 225 107
chair 0.0580 226 63 243 91
chair 0.0229 273 73 316 136
chair 0.0225 170 84 188 112
chair 0.0222 225 78 243 94
chair 0.0211 195 77 205 115
chair 0.0205 210 74 243 120
chair 0.0196 177 104 218 166
chair 0.0191 194 70 221 124
chair 0.0185 223 58 234 93
chair 0.0183 167 105 193 162
chair 0.0180 283 82 299 109
chair 0.0177 264 64 301 129
chair 0.0174 219 53 250 99
chair 0.0145 200 77 211 99
chair 0.0143 266 61 283 92
chair 0.0118 136 72 158 102
chair 0.0116 276 70 293 100
chair 0.0107 218 81 236 95
chair 0.0096 224 61 245 75
chair 0.0091 135 67 203 144
chair 0.0082 275 54 304 116
chair 0.0077 264 81 284 109
chair 0.0075 169 60 187 79
chair 0.0071 184 112 210 141
chair 0.0071 265 78 282 93
chair 0.0062 176 83 190 124
chair 0.0058 171 109 187 144
chair 0.0058 281 67 299 104
chair 0.0056 168 73 189 102
chair 0.0051 275 80 295 109
chair 0.0051 170 135 203 205
chair 0.0051 165 118 209 187
chair 0.0049 125 71 240 210
chair 0.0042 205 89 226 120
chair 0.0035 265 53 281 79
chair 0.0033 138 61 196 212
chair 0.0032 134 61 160 132
chair 0.0031 147 39 338 166
chair 0.0030 196 74 205 100
chair 0.0030 164 56 195 118
chair 0.0027 170 70 197 158
chair 0.0027 218 71 248 141
chair 0.0025 150 85 161 128
chair 0.0023 187 66 210 126
chair 0.0020 120 -14 378 238
chair 0.0020 120 80 160 129
chair 0.0019 170 93 187 132
chair 0.0017 166 148 232 314
chair 0.0017 143 84 158 128
chair 0.0017 213 99 235 130
chair 0.0016 391 40 424 97
chair 0.0016 221 62 236 73
chair 0.0015 233 63 253 88
chair 0.0015 176 146 199 175
chair 0.0014 258 183 327 258
chair 0.0014 255 67 272 89
chair 0.0014 212 39 282 113
chair 0.0013 150 74 188 136
chair 0.0013 216 96 236 113
chair 0.0013 231 75 255 95
chair 0.0012 486 77 502 229
chair 0.0012 236 57 255 76
chair 0.0012 291 88 312 123
chair 0.0012 235 44 356 161
chair 0.0012 304 192 340 252
chair 0.0011 168 54 175 81
chair 0.0011 260 36 286 98
chair 0.0011 474 73 507 241
chair 0.0010 259 54 291 117
chair 0.0010 258 54 268 80
chair 0.0010 137 85 158 104
chair 0.0010 175 118 195 150
chair 0.0010 92 51 273 153
chair 0.0010 204 102 231 127
chair 0.0010 239 46 258 73
sofa 0.0025 190 62 245 151
sofa 0.0016 136 72 158 102
sofa 0.0014 164 79 214 203
sofa 0.0014 -23 79 104 242
sofa 0.0014 255 63 326 150
sofa 0.0011 219 53 250 99
sofa 0.0011 226 63 243 91
pottedplant 0.7089 432 69 505 217
pottedplant 0.4565 411 51 528 235
pottedplant 0.1588 224 20 288 179
pottedplant 0.1262 274 62 295 93
pottedplant 0.1227 270 54 300 103
pottedplant 0.0556 369 92 428 153
pottedplant 0.0527 266 61 283 92
pottedplant 0.0463 218 79 293 151
pottedplant 0.0415 182 82 333 237
pottedplant 0.0391 297 77 348 204
pottedplant 0.0376 275 7 406 383
pottedplant 0.0359 269 49 319 152
pottedplant 0.0297 234 37 270 94
pottedplant 0.0294 278 63 393 220
pottedplant 0.0289 240 45 261 73
pottedplant 0.0225 247 133 324 214
pottedplant 0.0201 473 51 507 230
pottedplant 0.0196 370 33 427 164
pottedplant 0.0195 202 82 290 280
pottedplant 0.0166 194 24 322 178
pottedplant 0.0152 378 101 418 146
pottedplant 0.0141 200 100 272 188
pottedplant 0.0134 222 30 281 104
pottedplant 0.0128 244 53 264 78
pottedplant 0.0123 384 108 413 139
pottedplant 0.0120 215 57 291 115
pottedplant 0.0119 369 54 404 137
pottedplant 0.0118 281 99 347 170
pottedplant 0.0107 236 57 255 76
pottedplant 0.0080 235 116 351 240
pottedplant 0.0079 265 53 281 79
pottedplant 0.0078 260 50 288 102
pottedplant 0.0062 436 92 473 178
pottedplant 0.0061 255 67 272 89
pottedplant 0.0057 365 30 388 48
pottedplant 0.0057 226 63 243 91
pottedplant 0.0056 187 234 227 302
pottedplant 0.0053 254 75 273 94
pottedplant 0.0053 487 51 501 239
pottedplant 0.0052 310 137 348 207
pottedplant 0.0047 170 220 242 314
pottedplant 0.0045 255 47 312 109
pottedplant 0.0044 480 -59 503 264
pottedplant 0.0042 306 115 342 189
pottedplant 0.0041 376 100 400 129
pottedplant 0.0041 292 117 318 155
pottedplant 0.0041 169 60 187 79
pottedplant 0.0041 242 75 270 96
pottedplant 0.0036 265 78 282 93
pottedplant 0.0036 224 61 245 75
pottedplant 0.0034 226 46 262 105
pottedplant 0.0034 281 67 299 104
pottedplant 0.0033 319 210 455 376
pottedplant 0.0033 399 107 416 141
pottedplant 0.0033 371 91 407 140
pottedplant 0.0033 359 59 503 182
pottedplant 0.0032 258 54 268 80
pottedplant 0.0032 259 72 293 135
pottedplant 0.0032 245 64 267 88
pottedplant 0.0031 381 74 420 138
pottedplant 0.0030 380 110 402 137
pottedplant 0.0029 290 108 329 160
pottedplant 0.0029 265 186 285 214
pottedplant 0.0029 273 148 313 201
pottedplant 0.0029 265 131 329 262
pottedplant 0.0027 43 36 58 67
pottedplant 0.0026 168 96 221 212
pottedplant 0.0026 219 53 250 99
pottedplant 0.0025 235 87 277 143
pottedplant 0.0025 231 121 300 204
pottedplant 0.0024 495 31 500 65
pottedplant 0.0023 237 58 274 114
pottedplant 0.0023 254 130 292 197
pottedplant 0.0022 290 114 345 239
pottedplant 0.0020 337 24 450 176
pottedplant 0.0020 52 98 67 129
pottedplant 0.0019 214 110 256 179
pottedplant 0.0017 304 88 343 163
pottedplant 0.0017 235 44 356 161
pottedplant 0.0016 158 11 352 294
pottedplant 0.0014 233 63 253 88
pottedplant 0.0014 374 93 390 124
pottedplant 0.0013 283 82 299 109
pottedplant 0.0013 492 -7 502 143
pottedplant 0.0013 277 61 290 77
pottedplant 0.0013 247 50 279 103
pottedplant 0.0013 259 70 544 306
pottedplant 0.0012 494 90 499 140
pottedplant 0.0012 260 173 290 230
pottedplant 0.0012 240 102 271 127
pottedplant 0.0011 261 158 285 190
pottedplant 0.0010 221 62 236 73
pottedplant 0.0010 184 -4 467 233
pottedplant 0.0010 256 167 328 238
pottedplant 0.0010 456 -39 511 277
pottedplant 0.0010 261 99 283 128
diningtable 0.0252 214 84 240 106
diningtable 0.0118 190 62 245 151
diningtable 0.0110 224 61 245 75
diningtable 0.0089 226 63 243 91
diningtable 0.0071 167 146 209 162
diningtable 0.0050 225 78 243 94
diningtable 0.0038 135 67 203 144
diningtable 0.0036 207 81 224 97
diningtable 0.0034 167 133 207 195
diningtable 0.0034 197 84 238 140
diningtable 0.0033 221 62 236 73
diningtable 0.0033 199 81 214 113
diningtable 0.0032 159 111 222 193
diningtable 0.0025 218 81 236 95
diningtable 0.0025 166 79 192 132
diningtable 0.0020 216 96 236 113
diningtable 0.0015 223 58 234 93
diningtable 0.0014 200 77 211 99
diningtable 0.0013 265 78 282 93
diningtable 0.0012 138 61 196 212
diningtable 0.0012 212 66 295 123
diningtable 0.0012 266 61 283 92
diningtable 0.0010 92 51 273 153
diningtable 0.0010 249 59 323 150
tvmonitor 0.1878 388 31 415 62
tvmonitor 0.0755 314 28 343 84
tvmonitor 0.0113 321 35 338 76
tvmonitor 0.0082 -6 51 55 164
tvmonitor 0.0081 -25 28 86 185
tvmonitor 0.0058 164 30 194 88
tvmonitor 0.0023 373 21 428 74
tvmonitor 0.0017 266 48 280 71
tvmonitor 0.0010 170 37 186 77
