person 0.0019 493 183 501 197
person 0.0010 424 200 434 223
person 0.0010 400 198 417 224
car 0.0723 179 196 215 216
car 0.0538 486 202 500 218
car 0.0185 167 185 226 226
car 0.0113 177 199 201 216
car 0.0064 194 199 214 215
car 0.0040 493 205 500 227
car 0.0035 178 194 200 211
car 0.0035 493 183 501 197
car 0.0029 146 192 169 209
car 0.0025 162 199 193 215
car 0.0019 492 191 500 210
car 0.0017 183 184 206 197
car 0.0012 147 200 169 214
car 0.0010 156 200 180 214
train 0.9972 162 43 442 334
train 0.0094 98 111 536 238
train 0.0070 373 183 443 236
train 0.0010 354 128 553 262
