person 0.9976 -17 -50 137 544
person 0.9952 97 97 179 317
person 0.9949 -21 91 127 402
person 0.9822 327 68 461 346
person 0.9813 55 114 147 332
person 0.9760 284 157 548 335
person 0.9490 340 -45 520 542
person 0.9146 184 74 363 269
person 0.6939 140 106 214 266
person 0.6884 329 89 412 276
person 0.6883 115 87 252 285
person 0.2624 406 107 471 201
person 0.1790 383 76 518 417
person 0.1213 -55 141 177 319
person 0.1002 414 119 458 188
person 0.0745 484 118 504 224
person 0.0577 475 74 504 264
person 0.0307 53 15 201 400
person 0.0232 489 129 501 177
person 0.0211 441 110 510 191
person 0.0181 -77 191 448 339
person 0.0145 439 112 469 172
person 0.0136 484 48 503 440
person 0.0120 471 120 504 187
person 0.0082 384 83 516 242
person 0.0079 490 157 500 188
person 0.0066 132 24 513 317
person 0.0063 378 111 401 134
person 0.0062 449 120 485 170
person 0.0061 -44 150 471 291
person 0.0061 405 82 467 283
person 0.0059 223 109 583 266
person 0.0053 486 149 503 271
person 0.0052 491 138 498 184
person 0.0046 367 93 423 279
person 0.0037 470 -58 503 508
person 0.0032 -61 304 183 374
person 0.0031 492 130 499 157
person 0.0029 348 131 399 277
person 0.0029 409 113 447 169
person 0.0026 253 191 276 308
person 0.0025 244 103 315 237
person 0.0024 396 100 461 167
person 0.0023 190 199 226 328
person 0.0023 144 112 190 233
person 0.0023 486 79 503 190
person 0.0022 423 120 448 144
person 0.0022 108 158 127 187
person 0.0018 356 98 426 150
person 0.0018 428 39 514 333
person 0.0017 213 171 232 251
person 0.0016 432 139 508 425
person 0.0015 240 162 262 256
person 0.0015 365 154 389 230
person 0.0015 369 116 387 135
person 0.0013 -6 108 514 252
person 0.0013 167 115 234 254
person 0.0013 113 82 382 421
person 0.0013 368 118 390 145
person 0.0013 492 172 501 210
person 0.0013 334 177 367 225
person 0.0012 349 152 375 231
person 0.0011 446 124 464 165
person 0.0011 445 121 465 144
person 0.0011 303 211 520 433
person 0.0011 -1 82 17 444
person 0.0011 415 125 438 159
person 0.0010 339 184 361 217
person 0.0010 372 102 407 146
person 0.0010 361 114 378 136
person 0.0010 420 103 492 182
person 0.0010 346 102 375 167
person 0.0010 -2 259 11 372
person 0.0010 493 110 499 157
person 0.0010 476 179 502 422
bird 0.0013 269 62 338 153
cat 0.0027 269 62 338 153
bottle 0.9305 302 211 337 344
bottle 0.8917 163 253 203 345
bottle 0.8639 308 161 334 244
bottle 0.7159 191 205 222 312
bottle 0.6517 280 169 307 249
bottle 0.5626 216 178 253 342
bottle 0.4746 295 166 314 238
bottle 0.4691 260 169 290 256
bottle 0.4464 253 191 276 308
bottle 0.3041 213 171 232 251
bottle 0.2636 240 162 262 256
bottle 0.2028 222 194 252 265
bottle 0.1496 216 177 230 223
bottle 0.1161 256 197 270 243
bottle 0.1060 208 184 227 255
bottle 0.0978 218 202 232 240
bottle 0.0898 194 195 221 263
bottle 0.0863 227 198 242 240
bottle 0.0855 253 188 277 252
bottle 0.0714 182 200 205 279
bottle 0.0699 198 205 216 235
bottle 0.0690 210 201 223 239
bottle 0.0663 227 217 256 320
bottle 0.0608 256 173 287 350
bottle 0.0465 299 187 312 231
bottle 0.0454 212 217 238 321
bottle 0.0355 243 217 267 298
bottle 0.0334 212 200 239 276
bottle 0.0323 375 55 417 132
bottle 0.0308 260 208 285 310
bottle 0.0304 250 161 275 223
bottle 0.0303 312 170 328 210
bottle 0.0284 -24 190 510 332
bottle 0.0281 185 215 230 341
bottle 0.0264 294 184 323 257
bottle 0.0251 196 183 212 219
bottle 0.0244 278 148 317 271
bottle 0.0236 189 28 365 322
bottle 0.0221 301 163 324 238
bottle 0.0218 209 187 221 219
bottle 0.0209 113 82 382 421
bottle 0.0206 284 169 299 197
bottle 0.0202 285 194 302 228
bottle 0.0184 236 206 250 248
bottle 0.0182 297 176 310 209
bottle 0.0164 246 170 260 211
bottle 0.0142 265 227 281 266
bottle 0.0141 188 143 365 265
bottle 0.0137 198 198 215 224
bottle 0.0134 233 185 259 255
bottle 0.0134 198 220 216 255
bottle 0.0125 307 190 335 269
bottle 0.0116 246 202 260 242
bottle 0.0110 314 188 330 232
bottle 0.0108 192 178 218 228
bottle 0.0108 183 230 206 306
bottle 0.0104 189 207 203 231
bottle 0.0092 469 54 497 132
bottle 0.0090 207 204 227 291
bottle 0.0078 219 223 236 255
bottle 0.0073 189 214 204 242
bottle 0.0069 187 166 226 287
bottle 0.0067 255 170 271 210
bottle 0.0065 240 151 282 262
bottle 0.0063 277 201 289 240
bottle 0.0063 185 240 201 278
bottle 0.0062 210 219 224 259
bottle 0.0061 170 69 209 129
bottle 0.0059 168 239 201 296
bottle 0.0059 187 186 208 255
bottle 0.0057 306 180 319 223
bottle 0.0055 249 178 262 221
bottle 0.0053 174 254 195 280
bottle 0.0051 156 108 249 383
bottle 0.0051 265 199 281 242
bottle 0.0043 246 230 262 266
bottle 0.0042 258 227 271 267
bottle 0.0037 278 168 294 192
bottle 0.0036 239 194 255 225
bottle 0.0035 266 193 281 225
bottle 0.0031 287 172 302 206
bottle 0.0030 300 209 320 247
bottle 0.0030 196 232 216 263
bottle 0.0030 129 173 310 311
bottle 0.0027 290 212 322 268
bottle 0.0025 215 241 234 274
bottle 0.0024 224 225 240 252
bottle 0.0024 200 211 242 347
bottle 0.0022 35 106 616 245
bottle 0.0022 133 105 512 319
bottle 0.0022 244 186 259 234
bottle 0.0021 479 150 493 174
bottle 0.0020 257 199 272 223
bottle 0.0019 237 233 252 265
bottle 0.0019 174 262 199 292
bottle 0.0019 246 172 264 190
bottle 0.0019 241 169 256 212
bottle 0.0019 190 219 203 257
bottle 0.0019 192 201 204 222
bottle 0.0019 268 240 283 273
chair 0.0864 253 315 576 374
chair 0.0711 108 158 127 187
chair 0.0643 183 101 366 266
chair 0.0567 489 129 501 177
chair 0.0560 483 118 504 189
chair 0.0440 112 82 286 284
chair 0.0427 485 131 503 232
chair 0.0413 491 161 501 200
chair 0.0346 55 150 131 193
chair 0.0328 -61 304 183 374
chair 0.0316 157 129 184 157
chair 0.0276 485 166 503 272
chair 0.0253 491 138 498 184
chair 0.0245 492 172 501 210
chair 0.0168 325 329 549 364
chair 0.0166 441 110 510 191
chair 0.0138 152 122 188 165
chair 0.0136 7 143 98 180
chair 0.0105 216 177 230 223
chair 0.0094 449 120 485 170
chair 0.0089 481 69 503 378
chair 0.0088 306 342 532 360
chair 0.0084 289 133 375 225
chair 0.0058 218 166 232 200
chair 0.0055 143 113 210 174
chair 0.0053 494 173 499 246
chair 0.0051 492 130 499 157
chair 0.0051 274 120 394 253
chair 0.0050 479 150 493 174
chair 0.0050 178 204 198 221
chair 0.0038 214 158 234 227
chair 0.0038 491 140 501 338
chair 0.0037 174 119 207 169
chair 0.0036 439 112 469 172
chair 0.0034 51 121 133 306
chair 0.0033 332 92 393 268
chair 0.0033 140 106 214 266
chair 0.0032 -24 98 129 415
chair 0.0028 67 157 114 172
chair 0.0026 348 163 358 198
chair 0.0025 86 160 119 182
chair 0.0023 -77 191 448 339
chair 0.0023 493 110 499 157
chair 0.0023 103 149 133 212
chair 0.0022 366 166 394 253
chair 0.0022 167 185 180 214
chair 0.0021 454 128 478 161
chair 0.0021 178 128 199 161
chair 0.0021 209 187 221 219
chair 0.0021 -2 249 11 363
chair 0.0020 351 164 372 184
chair 0.0020 198 185 209 203
chair 0.0020 446 124 464 165
chair 0.0019 154 224 186 237
chair 0.0018 196 183 212 219
chair 0.0018 104 164 121 192
chair 0.0017 54 75 372 440
chair 0.0017 463 154 489 171
chair 0.0016 154 222 164 239
chair 0.0016 412 102 478 184
chair 0.0016 169 181 179 202
chair 0.0015 152 135 165 167
chair 0.0015 110 103 174 166
chair 0.0014 148 126 164 159
chair 0.0014 445 121 465 144
chair 0.0014 40 152 82 173
chair 0.0013 342 60 477 382
chair 0.0013 -4 134 107 205
chair 0.0013 307 174 321 209
chair 0.0012 476 179 502 422
chair 0.0012 337 145 364 217
chair 0.0012 0 189 4 250
chair 0.0012 167 115 234 254
chair 0.0012 369 259 448 318
chair 0.0011 378 162 401 258
chair 0.0011 164 104 228 183
chair 0.0011 0 141 10 298
chair 0.0011 411 81 527 214
chair 0.0010 300 160 325 227
chair 0.0010 144 113 169 172
chair 0.0010 407 116 431 136
chair 0.0010 496 196 499 280
chair 0.0010 455 123 477 142
sofa 0.0416 -77 191 448 339
sofa 0.0069 112 82 286 284
sofa 0.0024 -18 -19 139 480
sofa 0.0012 481 69 503 378
pottedplant 0.7640 190 -15 331 183
pottedplant 0.7613 392 -28 504 147
pottedplant 0.1830 220 14 299 156
pottedplant 0.1295 271 69 338 156
pottedplant 0.0713 302 112 338 172
pottedplant 0.0631 267 106 304 157
pottedplant 0.0600 288 103 356 179
pottedplant 0.0519 198 -132 353 272
pottedplant 0.0465 391 -112 507 243
pottedplant 0.0318 252 98 316 165
pottedplant 0.0297 286 106 319 162
pottedplant 0.0246 251 -31 353 171
pottedplant 0.0185 270 110 298 139
pottedplant 0.0167 282 83 325 143
pottedplant 0.0156 291 117 313 152
pottedplant 0.0109 342 112 360 138
pottedplant 0.0106 441 104 513 146
pottedplant 0.0104 280 120 303 148
pottedplant 0.0082 208 77 387 184
pottedplant 0.0071 308 128 331 160
pottedplant 0.0064 474 112 496 133
pottedplant 0.0060 332 98 367 151
pottedplant 0.0053 202 48 252 142
pottedplant 0.0049 229 102 300 146
pottedplant 0.0044 462 114 491 135
pottedplant 0.0039 396 100 461 167
pottedplant 0.0039 304 127 322 160
pottedplant 0.0035 301 119 323 149
pottedplant 0.0033 318 119 341 148
pottedplant 0.0032 310 119 334 148
pottedplant 0.0031 332 112 354 139
pottedplant 0.0031 312 111 347 159
pottedplant 0.0029 351 112 369 137
pottedplant 0.0024 228 103 256 161
pottedplant 0.0024 337 101 364 123
pottedplant 0.0024 468 99 503 149
pottedplant 0.0023 346 102 375 167
pottedplant 0.0021 263 113 284 136
pottedplant 0.0020 54 75 372 440
pottedplant 0.0020 234 108 254 137
pottedplant 0.0020 327 107 359 159
pottedplant 0.0019 363 98 430 150
pottedplant 0.0017 447 94 503 203
pottedplant 0.0017 409 109 447 160
pottedplant 0.0017 491 108 499 137
pottedplant 0.0016 319 129 342 155
pottedplant 0.0015 310 137 328 167
pottedplant 0.0014 456 116 477 136
pottedplant 0.0014 320 93 380 156
pottedplant 0.0014 249 112 280 135
pottedplant 0.0014 233 120 251 149
pottedplant 0.0013 250 161 275 223
pottedplant 0.0012 361 114 378 136
pottedplant 0.0011 376 46 419 143
pottedplant 0.0011 -24 190 510 332
pottedplant 0.0010 332 130 352 154
pottedplant 0.0010 438 -9 496 152
diningtable 0.9245 -71 212 488 339
diningtable 0.1543 7 104 416 470
diningtable 0.0317 490 157 500 188
diningtable 0.0243 492 172 501 210
diningtable 0.0157 59 227 441 411
diningtable 0.0136 486 136 503 246
diningtable 0.0037 489 129 501 177
diningtable 0.0033 491 138 498 184
diningtable 0.0030 483 118 504 189
diningtable 0.0024 90 204 277 324
diningtable 0.0023 310 199 396 237
diningtable 0.0022 15 155 354 367
diningtable 0.0022 253 315 576 374
diningtable 0.0020 144 170 378 279
diningtable 0.0016 492 130 499 157
diningtable 0.0015 441 109 507 181
diningtable 0.0012 494 173 499 246
diningtable 0.0011 -28 316 150 372
diningtable 0.0010 287 327 531 363
diningtable 0.0010 97 263 182 290
