person 0.9839 307 187 334 276
person 0.9452 363 166 413 330
person 0.6939 334 200 348 244
person 0.3778 341 200 356 247
person 0.2715 330 196 353 250
person 0.1110 437 209 470 293
person 0.0547 195 216 212 243
person 0.0329 344 202 376 258
person 0.0252 324 214 341 242
person 0.0206 361 211 376 249
person 0.0179 351 216 365 244
person 0.0162 441 218 457 260
person 0.0136 317 201 347 257
person 0.0104 295 178 344 285
person 0.0099 40 53 370 399
person 0.0079 335 206 346 221
person 0.0061 298 210 309 231
person 0.0059 428 207 478 327
person 0.0059 159 203 191 257
person 0.0055 406 185 461 334
person 0.0052 311 160 441 314
person 0.0047 314 205 330 239
person 0.0045 493 152 501 328
person 0.0040 107 207 134 271
person 0.0038 45 173 99 300
person 0.0030 363 189 505 326
person 0.0029 37 191 106 250
person 0.0029 166 214 185 250
person 0.0028 355 190 383 256
person 0.0026 496 202 500 257
person 0.0026 307 209 319 233
person 0.0024 183 205 214 254
person 0.0023 348 224 366 253
person 0.0023 162 209 178 255
person 0.0020 381 198 395 227
person 0.0019 15 174 70 306
person 0.0015 497 186 499 292
person 0.0014 97 198 164 279
person 0.0014 110 216 126 265
person 0.0013 447 226 461 255
person 0.0013 -84 138 412 366
person 0.0012 344 206 354 222
person 0.0011 389 233 421 291
person 0.0011 448 231 465 269
person 0.0010 363 203 397 263
person 0.0010 372 198 407 298
person 0.0010 315 216 327 241
person 0.0010 377 202 388 224
person 0.0010 315 225 325 255
person 0.0010 217 207 233 240
bicycle 0.0023 309 198 332 276
aeroplane 0.0012 -94 60 414 333
bus 0.0033 -86 59 382 333
bus 0.0017 18 7 282 381
train 0.9932 -95 101 416 352
train 0.9886 28 10 294 384
train 0.0034 355 55 522 391
train 0.0018 362 166 412 319
chair 0.0038 436 217 472 298
chair 0.0012 35 203 113 294
tvmonitor 0.0016 359 173 387 202
