person 0.3682 352 98 405 340
person 0.1063 329 112 453 275
person 0.0638 354 126 423 261
person 0.0192 375 146 440 236
person 0.0140 354 143 390 222
person 0.0121 388 160 429 219
person 0.0045 364 161 377 185
person 0.0019 367 160 385 187
person 0.0013 368 135 410 208
person 0.0013 308 184 321 221
person 0.0011 261 -19 464 467
car 0.0164 207 137 518 320
car 0.0128 261 -19 464 467
bus 0.0385 207 137 518 320
bus 0.0132 261 -19 464 467
train 0.0060 211 149 516 346
boat 0.0043 202 104 522 301
dog 0.0016 354 105 403 354
bottle 0.0027 386 199 409 221
