person 0.0579 20 54 318 387
person 0.0024 158 14 474 379
person 0.0021 -57 157 241 364
person 0.0011 383 200 522 421
cat 0.9829 170 60 458 368
cat 0.9826 30 104 598 341
cat 0.0019 62 51 433 246
dog 0.0161 170 60 458 368
dog 0.0056 30 104 598 341
bottle 0.0018 65 -21 332 59
chair 0.0194 -5 -41 28 246
chair 0.0049 -2 -9 12 163
chair 0.0013 -9 -27 58 261
sofa 0.0043 158 14 474 379
sofa 0.0041 134 33 598 248
sofa 0.0028 20 54 318 387
sofa 0.0012 44 152 456 381
diningtable 0.0024 47 65 463 375
tvmonitor 0.0225 72 -21 295 57
