person 0.9882 22 67 271 358
person 0.9867 227 0 485 375
person 0.9848 130 35 593 278
person 0.0442 50 174 613 361
person 0.0139 237 116 557 339
person 0.0081 187 88 358 417
person 0.0035 -3 15 14 120
person 0.0032 -4 -31 35 154
person 0.0025 41 66 467 384
person 0.0023 285 44 437 208
person 0.0019 -1 40 9 75
person 0.0010 420 109 513 442
dog 0.0010 144 110 584 335
bottle 0.7324 172 93 353 411
bottle 0.1002 167 162 357 310
bottle 0.0295 142 112 199 254
bottle 0.0067 167 134 194 207
bottle 0.0023 179 111 234 206
bottle 0.0022 148 148 190 238
bottle 0.0020 96 116 412 323
bottle 0.0012 209 170 268 305
chair 0.0837 144 110 584 335
chair 0.0533 216 46 493 384
chair 0.0189 285 44 437 208
chair 0.0188 178 -39 380 331
chair 0.0049 124 97 447 285
chair 0.0048 155 203 571 370
chair 0.0046 99 60 576 255
chair 0.0033 420 109 513 442
chair 0.0029 -12 70 73 323
chair 0.0020 -32 157 98 305
chair 0.0013 323 162 548 370
sofa 0.2199 216 46 493 384
sofa 0.2017 144 110 584 335
sofa 0.0096 420 109 513 442
sofa 0.0087 155 203 571 370
sofa 0.0039 178 -39 380 331
sofa 0.0034 285 44 437 208
sofa 0.0032 323 162 548 370
sofa 0.0017 99 60 576 255
sofa 0.0013 -13 94 77 334
tvmonitor 0.8913 -11 -44 70 171
tvmonitor 0.0125 -4 -31 35 154
