bicycle 0.0207 34 0 425 193
motorbike 0.0014 53 3 463 197
motorbike 0.0011 137 65 411 305
cat 0.0028 137 65 411 305
bottle 0.9985 11 83 212 345
bottle 0.9883 150 83 400 346
bottle 0.5167 42 -23 186 430
bottle 0.0251 53 3 463 197
bottle 0.0188 35 -54 128 225
bottle 0.0162 -7 -44 91 211
bottle 0.0134 203 157 225 403
bottle 0.0127 -7 -56 47 300
bottle 0.0111 -9 -177 152 352
bottle 0.0104 -45 3 188 203
bottle 0.0055 185 -73 366 425
bottle 0.0035 37 3 341 510
bottle 0.0033 18 -87 109 333
bottle 0.0031 13 -45 159 112
bottle 0.0023 108 -36 165 126
bottle 0.0019 121 -63 231 270
bottle 0.0015 44 -21 112 154
bottle 0.0013 91 -56 191 264
bottle 0.0012 199 37 305 252
chair 0.0029 170 73 404 418
sofa 0.0018 37 3 341 510
pottedplant 0.0059 53 3 463 197
pottedplant 0.0040 137 65 411 305
pottedplant 0.0013 8 63 211 310
diningtable 0.1969 36 46 347 526
diningtable 0.0021 170 73 404 418
diningtable 0.0013 -58 408 427 545
diningtable 0.0011 11 118 213 438
