person 0.9978 34 -7 108 263
person 0.0038 51 302 192 409
person 0.0037 -2 157 16 246
person 0.0013 -2 121 10 243
person 0.0011 -1 118 7 341
person 0.0011 8 50 22 66
car 0.0290 357 15 509 306
car 0.0166 406 52 529 221
car 0.0019 207 -12 460 383
car 0.0012 -77 139 296 330
car 0.0010 495 42 500 73
car 0.0010 220 58 245 79
motorbike 0.9989 -70 178 315 357
motorbike 0.9955 104 142 425 289
motorbike 0.9813 161 -18 391 455
motorbike 0.9758 259 -24 478 390
motorbike 0.8754 396 77 510 245
motorbike 0.4577 186 112 534 246
motorbike 0.3268 357 15 509 306
motorbike 0.1624 316 62 464 295
motorbike 0.0469 -9 100 263 484
motorbike 0.0066 85 54 256 386
motorbike 0.0027 -15 45 144 468
motorbike 0.0015 471 69 502 248
motorbike 0.0013 141 129 268 310
motorbike 0.0010 259 79 374 351
motorbike 0.0010 492 81 501 263
dog 0.0019 -22 61 217 393
dog 0.0012 -77 139 296 330
dog 0.0010 81 141 106 178
