person 0.9984 146 152 245 381
person 0.9962 83 152 188 367
person 0.9906 209 140 317 380
person 0.9883 262 122 376 385
person 0.8497 243 -6 400 407
person 0.3216 260 94 383 269
person 0.3147 59 100 203 442
person 0.0985 198 145 442 323
person 0.0114 -4 162 20 381
person 0.0084 203 125 321 273
person 0.0076 137 109 367 444
person 0.0041 486 134 503 264
person 0.0040 21 54 330 360
person 0.0036 228 142 301 258
person 0.0033 130 134 283 291
person 0.0029 -32 222 122 369
person 0.0029 477 99 503 326
person 0.0028 -47 163 317 323
person 0.0028 70 139 214 289
person 0.0026 -16 127 132 430
person 0.0018 359 127 515 435
person 0.0016 -2 189 9 346
person 0.0013 90 123 107 146
person 0.0012 191 150 254 199
person 0.0010 158 156 212 269
person 0.0010 327 216 384 363
person 0.0010 282 255 429 364
bird 0.0024 150 128 165 143
dog 0.0016 -52 257 145 361
bottle 0.0918 90 307 106 340
bottle 0.0210 181 90 204 153
bottle 0.0100 100 122 117 146
bottle 0.0081 185 87 196 156
bottle 0.0081 205 128 219 144
bottle 0.0072 114 121 129 146
bottle 0.0063 127 120 143 146
bottle 0.0059 85 288 112 343
bottle 0.0058 163 283 197 346
bottle 0.0054 58 122 72 147
bottle 0.0053 183 300 194 332
bottle 0.0040 181 316 210 337
bottle 0.0040 86 124 102 147
bottle 0.0036 83 313 101 338
bottle 0.0028 70 123 87 146
bottle 0.0023 -4 256 19 334
bottle 0.0022 187 302 201 332
bottle 0.0022 63 123 77 147
bottle 0.0021 180 288 209 345
bottle 0.0018 0 124 5 165
bottle 0.0016 198 311 215 339
bottle 0.0016 166 301 226 349
bottle 0.0015 145 311 173 339
bottle 0.0012 0 216 3 280
bottle 0.0012 21 106 40 135
chair 0.5126 41 28 211 472
chair 0.1019 264 154 373 376
chair 0.0642 359 127 515 435
chair 0.0580 32 148 136 364
chair 0.0506 77 160 184 368
chair 0.0355 251 86 400 456
chair 0.0197 -47 163 317 323
chair 0.0067 87 103 262 442
chair 0.0064 334 205 386 340
chair 0.0063 -4 162 20 381
chair 0.0062 32 265 221 357
chair 0.0061 321 266 555 358
chair 0.0060 145 138 227 207
chair 0.0056 130 206 265 382
chair 0.0043 52 188 117 354
chair 0.0041 70 139 214 289
chair 0.0040 137 109 367 444
chair 0.0037 130 134 283 291
chair 0.0029 72 289 153 341
chair 0.0026 398 209 532 368
chair 0.0024 82 197 127 344
chair 0.0021 425 152 511 354
chair 0.0020 166 138 224 186
chair 0.0019 486 134 503 264
chair 0.0017 121 142 153 184
chair 0.0017 -3 239 17 334
chair 0.0016 88 239 115 333
chair 0.0016 214 140 326 389
chair 0.0015 229 243 408 368
chair 0.0014 316 189 360 355
chair 0.0014 90 230 158 348
chair 0.0013 187 149 251 200
chair 0.0013 209 194 246 260
chair 0.0012 -120 201 540 333
chair 0.0012 92 211 131 263
chair 0.0011 337 114 381 314
chair 0.0011 198 145 442 323
chair 0.0010 176 236 349 374
chair 0.0010 148 198 186 350
sofa 0.2772 41 28 211 472
sofa 0.1567 -51 172 397 320
sofa 0.0546 75 68 346 342
sofa 0.0346 137 109 367 444
sofa 0.0170 243 -6 400 407
sofa 0.0108 135 132 304 293
sofa 0.0104 87 103 262 442
sofa 0.0068 -32 232 465 390
sofa 0.0046 32 148 136 364
sofa 0.0031 72 117 187 361
sofa 0.0024 -4 162 20 381
sofa 0.0023 198 145 442 323
sofa 0.0021 359 127 515 435
sofa 0.0014 -52 257 145 361
sofa 0.0012 176 236 349 374
pottedplant 0.0010 -1 180 7 335
diningtable 0.0129 -55 251 259 381
diningtable 0.0068 -94 293 304 353
diningtable 0.0033 32 265 221 357
diningtable 0.0022 -16 307 103 346
diningtable 0.0014 71 304 155 346
tvmonitor 0.0769 437 170 512 294
tvmonitor 0.0297 483 140 504 240
tvmonitor 0.0087 478 83 503 309
tvmonitor 0.0063 427 113 513 355
tvmonitor 0.0051 398 209 532 368
tvmonitor 0.0015 493 145 499 218
tvmonitor 0.0014 -89 175 498 321
tvmonitor 0.0013 359 127 515 435
tvmonitor 0.0012 494 171 500 227
