person 0.5540 -4 244 107 420
person 0.1749 -20 144 159 517
person 0.0740 35 256 104 386
person 0.0095 -7 193 35 431
person 0.0048 -26 297 83 419
person 0.0017 -3 240 53 395
person 0.0015 -43 298 180 415
person 0.0013 261 27 299 98
person 0.0010 16 236 77 355
person 0.0010 25 216 152 425
cat 0.0015 -5 233 128 426
cat 0.0010 95 269 492 363
dog 0.0067 -24 233 127 430
dog 0.0020 -26 297 83 419
bottle 0.0045 61 302 86 363
bottle 0.0029 37 335 66 383
bottle 0.0022 67 311 81 349
bottle 0.0017 66 313 80 332
chair 0.3598 -20 144 159 517
chair 0.0108 -5 233 128 426
chair 0.0103 -61 230 201 389
chair 0.0063 8 229 574 365
chair 0.0061 -8 186 36 417
chair 0.0040 36 226 165 417
chair 0.0030 102 157 478 455
chair 0.0030 55 267 104 370
chair 0.0020 -43 298 180 415
chair 0.0010 -15 209 69 421
chair 0.0010 43 180 97 299
sofa 0.9676 8 229 574 365
sofa 0.7399 -21 109 162 532
sofa 0.4883 86 88 494 467
sofa 0.0398 -61 230 201 389
sofa 0.0077 107 199 457 404
sofa 0.0075 -8 186 36 417
sofa 0.0050 8 250 113 413
sofa 0.0046 36 226 165 417
sofa 0.0025 61 141 293 462
sofa 0.0020 -43 298 180 415
sofa 0.0019 91 270 467 361
sofa 0.0015 -15 209 69 421
pottedplant 0.5659 21 104 496 229
pottedplant 0.3559 102 -39 417 370
pottedplant 0.1000 -44 41 173 267
pottedplant 0.0438 -16 -57 147 427
pottedplant 0.0368 -4 120 94 321
pottedplant 0.0272 34 79 178 193
pottedplant 0.0187 17 179 75 303
pottedplant 0.0140 274 40 394 291
pottedplant 0.0102 56 126 515 336
pottedplant 0.0075 -10 -70 70 391
pottedplant 0.0053 143 44 263 286
pottedplant 0.0045 13 57 116 304
pottedplant 0.0024 2 126 58 275
pottedplant 0.0020 43 180 97 299
pottedplant 0.0018 25 225 55 286
pottedplant 0.0016 -3 -100 33 392
pottedplant 0.0011 43 116 91 255
pottedplant 0.0010 20 130 79 272
diningtable 0.0019 -14 110 172 530
diningtable 0.0018 87 210 500 464
tvmonitor 0.0028 46 263 114 361
tvmonitor 0.0020 34 79 178 193
