person 0.1274 167 100 205 150
person 0.0923 393 135 403 171
person 0.0523 197 87 236 146
person 0.0493 184 76 245 158
person 0.0490 173 111 199 143
person 0.0457 158 90 215 160
person 0.0176 138 77 181 152
person 0.0165 386 134 396 173
person 0.0102 495 142 500 164
person 0.0063 404 137 417 174
person 0.0055 177 100 199 130
person 0.0032 178 89 213 145
person 0.0029 206 99 228 130
person 0.0029 409 143 425 167
person 0.0026 129 67 204 162
person 0.0025 150 95 185 154
person 0.0024 185 110 206 139
person 0.0024 435 142 454 162
person 0.0021 185 100 205 131
person 0.0018 213 94 233 120
person 0.0018 168 117 191 147
person 0.0017 261 80 325 132
person 0.0016 214 108 232 138
person 0.0016 277 87 314 125
person 0.0015 234 88 253 117
person 0.0014 147 109 170 141
person 0.0013 451 147 461 159
person 0.0013 378 122 401 182
person 0.0013 432 119 496 206
person 0.0013 471 144 482 160
person 0.0011 460 147 472 158
person 0.0011 194 109 217 138
person 0.0011 332 103 349 127
person 0.0011 262 94 290 121
person 0.0010 478 140 489 164
car 0.8909 412 112 512 213
car 0.0916 411 124 478 188
car 0.0760 420 133 460 180
car 0.0617 495 142 500 164
car 0.0347 427 145 448 178
car 0.0117 427 139 462 153
car 0.0100 493 135 498 189
car 0.0065 409 143 425 167
car 0.0042 486 124 502 203
car 0.0033 472 135 498 192
car 0.0026 479 145 495 185
car 0.0016 435 142 454 162
car 0.0015 435 147 451 176
motorbike 0.0024 407 113 511 211
motorbike 0.0014 427 145 448 178
bus 0.9998 46 63 472 203
bus 0.6905 112 -54 406 323
bus 0.0021 402 110 516 214
bus 0.0020 432 119 496 206
