person 0.4081 272 280 277 289
person 0.2107 248 275 259 286
person 0.1852 291 281 295 289
person 0.1822 300 281 304 289
person 0.1589 281 280 285 289
person 0.1564 263 280 268 289
person 0.1306 261 277 267 287
person 0.0752 311 278 316 286
person 0.0694 415 284 422 290
person 0.0674 309 281 314 288
person 0.0386 290 278 294 286
person 0.0349 316 277 322 286
person 0.0333 300 279 305 286
person 0.0167 317 281 322 288
person 0.0148 247 279 259 288
person 0.0118 214 266 355 310
person 0.0043 82 281 95 290
person 0.0031 399 285 419 291
person 0.0029 243 282 252 288
person 0.0026 243 276 254 286
person 0.0025 282 267 287 276
person 0.0015 395 285 403 290
train 0.0028 214 157 366 353
boat 0.9797 237 143 337 341
boat 0.9021 373 226 441 318
boat 0.8786 384 238 429 305
boat 0.8076 -1 235 34 309
boat 0.6725 77 240 105 305
boat 0.1232 82 281 95 290
boat 0.0989 248 275 259 286
boat 0.0879 83 262 97 293
boat 0.0701 227 78 356 405
boat 0.0651 -11 228 54 316
boat 0.0538 218 267 364 310
boat 0.0365 247 279 259 288
boat 0.0316 128 282 137 288
boat 0.0301 131 282 140 288
boat 0.0287 415 284 422 290
boat 0.0271 346 218 470 325
boat 0.0258 4 280 29 291
boat 0.0200 164 283 173 288
boat 0.0195 14 283 26 290
boat 0.0129 79 282 91 289
boat 0.0097 243 282 252 288
boat 0.0095 30 286 38 290
boat 0.0089 399 285 419 291
boat 0.0069 38 288 47 292
boat 0.0067 62 231 137 314
boat 0.0055 243 276 254 286
boat 0.0041 241 231 267 304
boat 0.0037 7 264 26 293
boat 0.0030 439 287 456 292
boat 0.0030 -38 233 171 316
boat 0.0020 317 281 322 288
boat 0.0020 149 283 168 288
boat 0.0016 101 283 119 289
boat 0.0016 8 152 497 365
boat 0.0016 92 283 107 290
boat 0.0015 112 283 128 289
boat 0.0014 78 272 91 288
boat 0.0013 0 282 6 292
boat 0.0013 316 277 322 286
boat 0.0013 207 202 374 333
boat 0.0013 126 276 135 288
boat 0.0012 365 275 450 298
boat 0.0011 446 286 463 291
boat 0.0010 422 287 429 292
boat 0.0010 -2 221 13 316
bird 0.0024 292 181 311 194
bird 0.0013 415 284 422 290
