person 0.9931 162 153 482 367
person 0.0953 471 179 505 441
person 0.0075 389 83 409 114
person 0.0052 450 44 484 111
person 0.0044 449 6 499 127
person 0.0037 466 14 504 495
person 0.0029 400 83 416 114
person 0.0025 480 292 504 400
person 0.0018 -3 74 16 175
person 0.0015 383 78 416 119
person 0.0014 407 82 422 114
person 0.0010 -96 188 580 357
person 0.0010 492 -17 502 152
bird 0.0032 450 44 484 111
dog 0.0015 389 83 409 114
chair 0.8387 189 178 526 361
chair 0.4954 471 179 505 441
chair 0.4362 65 140 137 230
chair 0.3550 18 149 63 233
chair 0.2965 7 136 78 246
chair 0.2222 48 155 89 223
chair 0.2033 261 81 471 464
chair 0.1956 95 153 129 217
chair 0.1761 38 145 106 232
chair 0.1482 77 155 120 214
chair 0.1353 128 141 165 219
chair 0.1232 -7 155 33 223
chair 0.0623 108 152 145 217
chair 0.0387 65 154 96 216
chair 0.0331 150 137 186 223
chair 0.0212 285 138 353 212
chair 0.0209 480 292 504 400
chair 0.0169 475 67 503 365
chair 0.0156 -36 140 170 241
chair 0.0155 440 -5 507 440
chair 0.0152 315 149 342 173
chair 0.0151 -5 121 33 265
chair 0.0145 466 -69 502 539
chair 0.0143 111 180 143 203
chair 0.0142 244 117 378 242
chair 0.0101 472 187 506 275
chair 0.0089 379 147 415 218
chair 0.0084 84 154 154 225
chair 0.0075 111 139 204 224
chair 0.0068 113 163 129 200
chair 0.0062 364 137 433 226
chair 0.0056 232 144 479 246
chair 0.0051 -2 150 16 231
chair 0.0050 10 152 39 230
chair 0.0042 -96 188 580 357
chair 0.0042 -26 157 312 224
chair 0.0038 0 153 7 212
chair 0.0035 34 153 70 226
chair 0.0035 366 161 461 346
chair 0.0032 397 146 419 221
chair 0.0030 80 185 118 199
chair 0.0030 176 151 377 318
chair 0.0028 115 174 139 192
chair 0.0026 60 155 140 193
chair 0.0024 -1 166 25 198
chair 0.0023 71 181 93 203
chair 0.0021 407 70 449 255
chair 0.0021 0 184 7 218
chair 0.0020 401 45 467 349
chair 0.0020 -72 209 293 367
chair 0.0019 170 137 207 225
chair 0.0018 56 182 83 200
chair 0.0017 104 171 195 213
chair 0.0017 81 164 116 181
chair 0.0017 440 197 510 420
chair 0.0015 -71 126 351 263
chair 0.0013 439 50 469 306
chair 0.0013 104 158 119 205
chair 0.0012 -2 188 27 211
chair 0.0012 491 179 500 434
chair 0.0011 451 59 489 296
chair 0.0011 354 104 542 351
chair 0.0011 479 229 504 506
chair 0.0011 57 168 82 194
chair 0.0010 85 166 110 195
chair 0.0010 50 167 89 179
chair 0.0010 -19 145 65 221
chair 0.0010 392 109 438 244
sofa 0.7484 -122 193 461 355
sofa 0.2262 471 179 505 441
sofa 0.1153 189 178 526 361
sofa 0.0172 261 81 471 464
sofa 0.0145 -21 68 273 454
sofa 0.0084 8 155 348 387
sofa 0.0051 -52 126 391 259
sofa 0.0022 232 121 373 244
sofa 0.0019 109 88 392 370
sofa 0.0017 466 14 504 495
sofa 0.0012 440 197 510 420
sofa 0.0011 480 292 504 400
sofa 0.0010 176 151 377 318
pottedplant 0.0025 -31 -39 99 84
pottedplant 0.0015 448 48 484 119
diningtable 0.0167 -51 142 188 224
diningtable 0.0072 65 140 137 230
diningtable 0.0063 470 123 505 429
diningtable 0.0034 472 187 506 275
diningtable 0.0033 -71 126 351 263
diningtable 0.0028 -12 133 110 250
diningtable 0.0027 -1 159 164 187
diningtable 0.0024 38 143 106 227
diningtable 0.0021 -43 153 187 176
diningtable 0.0011 -89 126 228 196
diningtable 0.0010 -101 231 535 439
tvmonitor 0.0084 -17 40 112 198
tvmonitor 0.0038 -4 36 16 112
tvmonitor 0.0017 405 2 522 148
tvmonitor 0.0012 -1 46 11 92
tvmonitor 0.0011 424 20 482 129
tvmonitor 0.0010 -7 49 29 195
