person 0.9982 -17 97 507 356
person 0.9944 426 115 480 247
person 0.8785 374 118 438 239
person 0.7188 331 124 364 200
person 0.0801 480 119 505 173
person 0.0595 357 101 464 252
person 0.0562 486 122 501 165
person 0.0434 391 103 508 255
person 0.0333 392 200 410 238
person 0.0240 420 122 448 179
person 0.0226 387 189 415 247
person 0.0209 264 162 286 185
person 0.0174 345 156 360 188
person 0.0171 425 133 443 171
person 0.0157 489 134 502 170
person 0.0110 -38 250 120 426
person 0.0084 258 152 290 193
person 0.0070 389 139 515 413
person 0.0062 378 133 421 197
person 0.0057 140 155 158 173
person 0.0056 354 160 365 187
person 0.0049 396 154 457 253
person 0.0039 357 158 381 191
person 0.0031 448 153 516 255
person 0.0031 317 113 381 213
person 0.0030 -3 139 10 248
person 0.0029 183 165 207 194
person 0.0029 380 160 393 188
person 0.0026 491 124 500 151
person 0.0024 263 156 279 176
person 0.0023 437 134 474 215
person 0.0020 223 152 303 197
person 0.0019 342 132 355 159
person 0.0017 162 157 253 196
person 0.0016 488 95 502 231
person 0.0016 462 107 507 251
person 0.0014 335 137 351 171
person 0.0014 334 145 348 181
person 0.0012 373 177 409 242
person 0.0012 377 159 385 191
person 0.0012 374 156 419 273
person 0.0011 325 141 398 203
person 0.0010 126 132 270 268
car 0.0085 -51 153 540 357
car 0.0013 457 148 509 250
bottle 0.0853 377 159 385 191
bottle 0.0099 357 158 381 191
bottle 0.0052 374 174 385 187
bottle 0.0050 354 160 365 187
bottle 0.0030 194 183 233 295
bottle 0.0013 380 160 393 188
chair 0.9670 41 144 139 323
chair 0.9467 396 194 514 419
chair 0.8872 383 82 521 519
chair 0.8560 13 139 77 260
chair 0.7478 -13 123 106 275
chair 0.6161 -6 143 39 254
chair 0.5006 -51 153 540 357
chair 0.3868 73 155 166 214
chair 0.3679 375 142 486 265
chair 0.3596 51 146 109 203
chair 0.3262 396 154 457 253
chair 0.3125 140 155 218 194
chair 0.2944 116 149 181 200
chair 0.2510 24 72 169 387
chair 0.2241 167 154 247 203
chair 0.1548 -39 274 121 417
chair 0.1339 91 59 250 392
chair 0.1319 133 160 165 186
chair 0.1277 142 170 175 192
chair 0.1241 70 140 221 299
chair 0.1198 -2 148 13 252
chair 0.1004 183 165 207 194
chair 0.0725 126 132 270 268
chair 0.0709 226 157 301 207
chair 0.0652 264 162 286 185
chair 0.0611 379 203 453 422
chair 0.0571 48 137 197 227
chair 0.0558 218 165 256 219
chair 0.0547 147 146 214 285
chair 0.0535 66 156 158 188
chair 0.0502 366 196 542 307
chair 0.0492 63 158 99 188
chair 0.0491 480 119 505 173
chair 0.0477 427 120 478 259
chair 0.0456 140 155 158 173
chair 0.0411 76 163 204 200
chair 0.0410 334 161 421 237
chair 0.0385 197 133 315 252
chair 0.0367 234 166 276 180
chair 0.0340 142 176 210 249
chair 0.0331 195 165 233 193
chair 0.0302 448 153 516 255
chair 0.0293 221 166 251 183
chair 0.0289 168 165 206 184
chair 0.0275 -5 147 94 217
chair 0.0272 326 145 424 447
chair 0.0266 109 149 177 315
chair 0.0261 486 122 501 165
chair 0.0244 426 171 487 235
chair 0.0224 240 167 273 193
chair 0.0215 203 157 267 227
chair 0.0207 72 156 110 213
chair 0.0205 319 141 436 278
chair 0.0199 145 162 169 182
chair 0.0192 169 159 209 200
chair 0.0184 381 124 437 265
chair 0.0170 0 161 3 242
chair 0.0165 61 162 81 186
chair 0.0156 489 134 502 170
chair 0.0142 40 140 94 260
chair 0.0135 96 165 142 179
chair 0.0128 393 221 419 294
chair 0.0126 81 171 103 207
chair 0.0124 166 167 192 192
chair 0.0116 372 171 409 231
chair 0.0116 46 157 78 248
chair 0.0112 -1 160 5 204
chair 0.0112 15 153 48 249
chair 0.0108 20 94 480 288
chair 0.0103 439 190 473 216
chair 0.0101 270 172 291 188
chair 0.0100 155 163 181 185
chair 0.0097 44 156 122 222
chair 0.0096 55 139 113 250
chair 0.0093 57 154 91 197
chair 0.0093 435 186 475 234
chair 0.0088 29 151 174 194
chair 0.0088 161 166 252 239
chair 0.0088 202 158 292 189
chair 0.0082 258 152 290 193
chair 0.0080 93 145 151 249
chair 0.0079 463 177 483 204
chair 0.0074 385 180 415 245
chair 0.0074 122 171 155 190
chair 0.0072 376 183 416 406
chair 0.0071 192 143 248 253
chair 0.0066 -22 162 109 187
chair 0.0066 256 160 274 172
chair 0.0063 130 158 505 233
chair 0.0061 241 161 281 202
chair 0.0059 224 176 248 208
chair 0.0053 100 179 120 205
chair 0.0052 380 182 396 220
chair 0.0052 377 159 385 191
chair 0.0050 263 156 279 176
chair 0.0049 128 161 153 186
chair 0.0047 105 53 451 404
chair 0.0047 380 160 393 188
chair 0.0046 -7 165 39 181
chair 0.0046 441 210 469 227
sofa 0.1082 -51 153 540 357
sofa 0.0075 406 176 519 419
sofa 0.0013 375 142 486 265
sofa 0.0012 91 59 250 392
sofa 0.0011 383 82 521 519
sofa 0.0010 -39 274 121 417
pottedplant 0.2260 419 117 450 175
pottedplant 0.1001 357 158 381 191
pottedplant 0.0965 448 153 516 255
pottedplant 0.0221 341 145 399 201
pottedplant 0.0086 425 125 445 165
pottedplant 0.0058 377 159 385 191
pottedplant 0.0045 310 170 432 199
pottedplant 0.0028 361 174 378 185
pottedplant 0.0020 354 160 365 187
pottedplant 0.0017 216 36 297 240
pottedplant 0.0016 487 158 503 245
pottedplant 0.0014 463 176 507 240
pottedplant 0.0011 138 66 187 207
pottedplant 0.0011 496 164 499 238
pottedplant 0.0010 462 107 507 251
diningtable 0.3101 -39 274 121 417
diningtable 0.2617 -27 125 92 272
diningtable 0.2554 -6 143 39 254
diningtable 0.1375 365 183 545 293
diningtable 0.1319 70 140 221 299
diningtable 0.1307 140 155 218 194
diningtable 0.1141 -14 157 49 190
diningtable 0.1006 213 154 294 193
diningtable 0.1006 328 164 425 222
diningtable 0.0938 390 174 519 421
diningtable 0.0822 320 142 435 261
diningtable 0.0795 377 204 555 256
diningtable 0.0598 234 166 276 180
diningtable 0.0573 -39 160 106 187
diningtable 0.0537 -31 145 100 216
diningtable 0.0526 40 70 231 388
diningtable 0.0499 68 173 229 208
diningtable 0.0342 310 170 432 199
diningtable 0.0314 379 203 453 422
diningtable 0.0276 -7 165 39 181
diningtable 0.0197 221 166 251 183
diningtable 0.0169 168 165 206 184
diningtable 0.0161 401 206 533 240
diningtable 0.0161 264 162 286 185
diningtable 0.0158 115 159 199 201
diningtable 0.0147 28 126 170 341
diningtable 0.0141 -2 148 13 252
diningtable 0.0140 71 176 151 228
diningtable 0.0122 109 149 177 315
diningtable 0.0122 66 156 158 188
diningtable 0.0102 374 174 385 187
diningtable 0.0102 162 157 253 196
diningtable 0.0081 133 160 165 186
diningtable 0.0078 142 170 175 192
diningtable 0.0076 441 210 469 227
diningtable 0.0070 344 148 406 253
diningtable 0.0068 54 141 191 246
diningtable 0.0065 73 155 166 214
diningtable 0.0065 120 163 236 219
diningtable 0.0054 -1 159 5 188
diningtable 0.0054 409 148 527 281
diningtable 0.0050 61 138 264 222
diningtable 0.0045 361 174 378 185
diningtable 0.0045 -51 153 540 357
diningtable 0.0044 0 161 4 223
diningtable 0.0042 130 158 505 233
diningtable 0.0041 391 215 421 287
diningtable 0.0040 193 131 317 235
diningtable 0.0039 439 190 473 216
diningtable 0.0038 96 195 121 208
diningtable 0.0036 395 225 418 240
diningtable 0.0036 372 171 409 231
diningtable 0.0032 440 200 471 222
diningtable 0.0031 90 193 114 206
diningtable 0.0030 427 177 484 242
diningtable 0.0030 379 177 400 189
diningtable 0.0030 378 140 487 278
diningtable 0.0029 243 168 280 193
diningtable 0.0028 135 160 197 307
diningtable 0.0024 184 115 466 320
diningtable 0.0024 29 151 174 194
diningtable 0.0024 145 162 169 182
diningtable 0.0021 195 153 275 211
diningtable 0.0021 270 172 291 188
diningtable 0.0021 376 182 401 199
diningtable 0.0020 -23 152 70 180
diningtable 0.0019 126 132 270 268
diningtable 0.0019 448 153 516 255
diningtable 0.0019 -12 68 142 379
diningtable 0.0018 80 167 216 231
diningtable 0.0017 13 139 77 260
diningtable 0.0016 354 175 369 185
diningtable 0.0016 377 116 424 267
diningtable 0.0016 230 162 261 171
diningtable 0.0016 242 161 267 171
diningtable 0.0015 183 165 207 194
diningtable 0.0015 1 161 31 172
diningtable 0.0015 131 176 211 248
diningtable 0.0014 -21 200 118 472
diningtable 0.0014 317 80 489 523
diningtable 0.0013 50 142 114 219
diningtable 0.0013 231 161 311 202
diningtable 0.0013 -2 170 32 191
diningtable 0.0013 263 156 279 176
diningtable 0.0012 256 160 274 172
diningtable 0.0012 437 181 475 226
diningtable 0.0011 178 170 235 326
diningtable 0.0011 96 165 142 179
diningtable 0.0010 465 145 504 321
diningtable 0.0010 93 202 128 219
diningtable 0.0010 18 167 50 175
diningtable 0.0010 68 152 141 316
