person 0.9993 16 5 343 470
person 0.0065 -3 256 9 343
person 0.0052 235 -16 321 40
person 0.0041 222 189 366 613
person 0.0031 56 231 288 586
person 0.0028 -41 302 397 461
person 0.0023 199 -23 349 51
person 0.0016 245 289 367 516
person 0.0010 -1 273 7 328
car 0.0017 43 33 358 482
bottle 0.0095 18 3 340 414
chair 0.0224 24 131 332 479
chair 0.0062 -17 76 142 452
chair 0.0028 -41 302 397 461
chair 0.0010 103 188 165 265
sofa 0.0797 24 131 332 479
sofa 0.0044 -41 302 397 461
pottedplant 0.0147 238 197 377 604
tvmonitor 0.0101 -17 76 142 452
tvmonitor 0.0019 18 3 340 414
