person 0.1244 276 69 321 184
person 0.0301 315 49 329 80
person 0.0254 325 38 342 63
person 0.0128 306 52 320 79
person 0.0056 301 25 326 90
person 0.0052 344 40 358 60
person 0.0048 307 43 321 73
person 0.0047 319 31 347 84
person 0.0035 333 46 347 66
person 0.0030 296 53 311 79
person 0.0021 322 55 339 77
person 0.0019 353 46 366 67
person 0.0016 383 34 394 65
person 0.0013 312 39 328 61
person 0.0012 64 58 139 298
bicycle 0.0040 406 100 529 218
bicycle 0.0021 436 121 517 201
bicycle 0.0011 34 126 543 274
bicycle 0.0010 167 7 342 381
cat 0.0015 141 77 234 138
dog 0.0010 274 79 323 187
bottle 0.0085 392 41 405 69
bottle 0.0066 384 42 394 67
bottle 0.0066 306 52 320 79
bottle 0.0059 388 58 408 79
bottle 0.0051 381 60 398 79
bottle 0.0041 278 19 303 93
bottle 0.0039 315 49 329 80
bottle 0.0033 296 53 311 79
bottle 0.0031 373 43 385 67
bottle 0.0028 404 57 415 80
bottle 0.0025 354 55 367 78
bottle 0.0020 362 57 377 79
bottle 0.0018 343 57 358 76
bottle 0.0018 288 21 318 91
bottle 0.0012 308 35 320 65
bottle 0.0011 370 60 387 78
bottle 0.0010 333 58 351 76
chair 0.9149 321 109 427 237
chair 0.8590 343 113 523 441
chair 0.7742 383 107 520 296
chair 0.6518 342 122 409 224
chair 0.5845 300 109 362 197
chair 0.5770 65 105 139 368
chair 0.4540 277 112 314 171
chair 0.4206 84 124 134 312
chair 0.3098 274 79 323 187
chair 0.1898 132 54 243 194
chair 0.1528 296 272 572 415
chair 0.1324 411 127 486 274
chair 0.1307 102 75 150 194
chair 0.0783 461 147 506 278
chair 0.0774 99 92 135 268
chair 0.0551 75 71 136 249
chair 0.0473 311 198 555 345
chair 0.0445 399 92 458 231
chair 0.0295 340 93 425 179
chair 0.0287 362 89 417 227
chair 0.0243 104 115 131 211
chair 0.0220 61 106 113 247
chair 0.0203 322 124 355 187
chair 0.0190 93 145 128 238
chair 0.0185 219 81 305 169
chair 0.0168 442 205 515 276
chair 0.0153 272 67 393 214
chair 0.0139 368 79 499 242
chair 0.0136 484 157 502 264
chair 0.0125 64 68 184 187
chair 0.0124 153 86 224 177
chair 0.0122 406 100 529 218
chair 0.0111 467 122 506 187
chair 0.0105 394 111 463 176
chair 0.0085 281 117 304 156
chair 0.0080 298 109 327 175
chair 0.0071 374 134 403 216
chair 0.0065 307 88 370 162
chair 0.0053 466 94 505 227
chair 0.0051 188 223 550 448
chair 0.0050 292 117 308 168
chair 0.0050 290 81 343 196
chair 0.0047 402 122 438 202
chair 0.0046 89 148 117 218
chair 0.0046 465 177 505 362
chair 0.0040 95 246 407 437
chair 0.0039 436 121 517 201
chair 0.0039 442 95 508 268
chair 0.0035 422 117 454 172
chair 0.0033 342 154 358 186
chair 0.0031 398 157 433 226
chair 0.0030 172 89 346 183
chair 0.0029 415 114 497 173
chair 0.0026 487 100 502 208
chair 0.0026 5 152 619 351
chair 0.0025 23 155 248 363
chair 0.0024 60 19 213 512
chair 0.0024 17 4 159 372
chair 0.0023 421 105 477 213
chair 0.0023 102 93 137 172
chair 0.0021 43 62 159 254
chair 0.0020 406 117 446 169
chair 0.0016 490 214 499 249
chair 0.0016 155 90 475 375
chair 0.0016 487 196 503 303
chair 0.0016 398 196 491 264
chair 0.0015 62 130 99 215
chair 0.0013 410 121 430 149
chair 0.0013 415 124 437 148
chair 0.0013 95 158 109 204
chair 0.0012 495 120 500 188
chair 0.0012 198 106 399 212
chair 0.0011 450 163 483 257
chair 0.0010 496 152 499 269
chair 0.0010 61 139 87 204
chair 0.0010 385 163 514 383
sofa 0.0921 132 54 243 194
sofa 0.0645 64 58 139 298
sofa 0.0362 335 113 527 467
sofa 0.0266 -17 -27 157 386
sofa 0.0243 87 104 135 287
sofa 0.0191 102 75 150 194
sofa 0.0095 74 75 131 206
sofa 0.0084 61 106 113 247
sofa 0.0067 64 68 184 187
sofa 0.0035 305 168 567 364
sofa 0.0032 296 272 572 415
sofa 0.0022 149 78 227 175
sofa 0.0014 383 107 520 296
sofa 0.0013 -50 69 150 216
pottedplant 0.3884 147 -34 327 86
pottedplant 0.0736 167 7 342 381
pottedplant 0.0199 1 133 521 330
pottedplant 0.0158 201 134 363 293
pottedplant 0.0056 288 21 318 91
pottedplant 0.0040 129 96 351 251
pottedplant 0.0033 187 0 282 60
pottedplant 0.0032 259 155 291 212
pottedplant 0.0026 75 71 136 249
pottedplant 0.0014 420 36 434 60
pottedplant 0.0014 278 19 303 93
pottedplant 0.0013 296 53 311 79
pottedplant 0.0012 352 40 365 59
pottedplant 0.0011 379 30 416 85
pottedplant 0.0011 333 17 406 80
diningtable 0.9835 -9 134 579 333
diningtable 0.8986 85 96 438 366
diningtable 0.0081 377 91 529 229
diningtable 0.0052 366 103 528 148
diningtable 0.0052 167 7 342 381
diningtable 0.0049 128 108 353 213
diningtable 0.0023 463 111 506 280
diningtable 0.0016 387 108 488 163
diningtable 0.0016 401 111 505 280
diningtable 0.0015 386 36 511 350
diningtable 0.0013 95 246 407 437
diningtable 0.0011 91 84 163 168
tvmonitor 0.0675 433 9 476 70
tvmonitor 0.0610 425 -3 484 84
tvmonitor 0.0146 53 0 174 115
tvmonitor 0.0072 72 17 150 99
tvmonitor 0.0027 153 86 224 177
