person 0.8596 60 132 280 460
person 0.8442 99 205 541 467
person 0.3147 314 155 541 423
person 0.0640 330 45 488 385
person 0.0378 333 117 443 323
person 0.0149 198 97 436 405
person 0.0062 89 67 112 136
person 0.0052 480 76 501 328
person 0.0052 387 140 514 377
person 0.0023 84 185 564 332
person 0.0016 181 238 284 293
person 0.0014 488 89 499 305
person 0.0012 -52 176 249 423
dog 0.0018 322 178 533 479
bottle 0.0069 169 174 243 235
bottle 0.0017 141 148 256 250
chair 0.9864 -52 185 247 473
chair 0.9285 90 301 547 493
chair 0.1151 174 200 463 512
chair 0.0884 -31 256 226 632
chair 0.0438 -62 310 263 503
chair 0.0437 325 217 534 502
chair 0.0182 364 154 507 258
chair 0.0111 42 136 299 493
chair 0.0070 181 247 283 300
chair 0.0052 153 207 296 312
chair 0.0022 382 174 492 225
chair 0.0022 120 320 205 548
chair 0.0015 350 284 515 608
chair 0.0014 305 121 473 279
sofa 0.0038 134 210 455 503
sofa 0.0030 325 217 534 502
sofa 0.0024 -49 167 294 486
diningtable 0.0054 42 136 299 493
diningtable 0.0036 134 210 455 503
diningtable 0.0011 -57 206 257 502
