person 0.8712 412 93 423 116
person 0.8552 428 101 441 129
person 0.6847 396 72 405 98
person 0.6785 385 96 395 116
person 0.6559 478 109 489 135
person 0.6093 471 109 480 136
person 0.6078 441 129 452 153
person 0.6073 489 101 498 124
person 0.5841 413 75 422 95
person 0.5521 450 131 462 154
person 0.5127 414 124 423 143
person 0.5101 391 96 400 116
person 0.4997 463 90 474 117
person 0.4912 460 129 473 155
person 0.4903 462 122 473 145
person 0.4877 449 109 461 134
person 0.4799 461 99 472 127
person 0.4601 403 73 411 99
person 0.4573 423 125 432 144
person 0.4490 430 129 442 151
person 0.4201 481 102 490 123
person 0.4129 471 149 484 176
person 0.4038 478 150 490 175
person 0.3770 432 124 443 145
person 0.3754 488 157 500 183
person 0.3692 459 138 472 163
person 0.3639 450 137 464 161
person 0.3627 359 90 368 115
person 0.3615 425 128 435 149
person 0.3439 441 123 451 144
person 0.3395 451 105 461 125
person 0.3371 305 79 316 110
person 0.3292 471 104 480 125
person 0.3087 442 113 453 133
person 0.2792 470 142 481 160
person 0.2630 297 80 308 109
person 0.2603 402 80 409 101
person 0.2501 367 58 373 78
person 0.2446 286 80 299 108
person 0.1992 424 111 435 130
person 0.1963 461 148 473 172
person 0.1916 488 176 500 203
person 0.1905 491 129 499 154
person 0.1796 450 123 461 143
person 0.1625 462 110 472 135
person 0.1611 377 58 383 78
person 0.1379 397 83 406 99
person 0.1364 490 152 498 173
person 0.1336 480 146 489 160
person 0.1323 493 122 499 145
person 0.1251 318 85 328 108
person 0.1166 468 120 478 142
person 0.1124 338 91 344 109
person 0.1121 288 76 299 96
person 0.1100 468 132 478 153
person 0.1054 228 122 248 146
person 0.1023 489 165 499 196
person 0.0890 443 137 454 161
person 0.0826 490 139 499 163
person 0.0745 481 99 489 115
person 0.0704 363 81 373 110
person 0.0671 411 102 420 118
person 0.0667 404 113 414 132
person 0.0577 298 76 307 96
person 0.0577 335 87 345 106
person 0.0559 491 97 498 115
person 0.0535 480 168 492 193
person 0.0532 326 85 334 105
person 0.0530 420 74 429 94
person 0.0524 385 66 392 87
person 0.0440 372 56 534 217
person 0.0419 404 122 413 141
person 0.0367 353 -36 522 301
person 0.0350 218 118 255 160
person 0.0338 490 110 498 135
person 0.0333 366 73 374 95
person 0.0328 482 149 503 211
person 0.0326 415 84 423 98
person 0.0260 63 47 491 280
person 0.0258 483 177 494 199
person 0.0229 454 75 460 93
person 0.0218 356 84 369 109
person 0.0217 444 107 454 126
person 0.0211 239 -22 499 202
person 0.0203 465 90 472 106
person 0.0201 281 84 291 108
person 0.0192 306 78 313 96
person 0.0191 388 72 394 90
person 0.0190 474 71 480 92
person 0.0182 289 90 299 109
person 0.0170 407 107 415 122
person 0.0170 411 115 422 132
person 0.0161 450 146 465 171
person 0.0153 209 107 265 172
person 0.0150 382 55 394 75
person 0.0148 455 85 479 140
person 0.0145 295 63 307 85
person 0.0145 468 93 477 117
person 0.0144 395 69 402 86
person 0.0131 452 127 480 175
bicycle 0.0125 359 90 368 115
bicycle 0.0063 397 83 406 99
bicycle 0.0035 363 81 373 110
bicycle 0.0030 385 101 395 117
bicycle 0.0023 411 102 420 118
bicycle 0.0022 318 91 327 109
bicycle 0.0018 297 90 307 110
bicycle 0.0014 307 91 316 110
bicycle 0.0011 362 -16 513 341
bicycle 0.0011 289 90 299 109
bicycle 0.0011 286 80 299 108
bicycle 0.0011 491 129 499 154
bicycle 0.0010 412 93 423 116
bicycle 0.0010 488 176 500 203
car 0.2238 425 70 448 91
car 0.0881 346 75 372 94
car 0.0473 389 49 412 66
car 0.0238 382 55 394 75
car 0.0194 388 55 406 71
car 0.0187 491 129 499 154
car 0.0111 286 80 299 108
car 0.0100 340 78 363 93
car 0.0099 413 75 422 95
car 0.0074 325 80 357 93
car 0.0070 360 86 422 193
car 0.0066 420 74 429 94
car 0.0065 488 176 500 203
car 0.0064 492 178 500 216
car 0.0046 356 84 369 109
car 0.0040 310 69 390 103
car 0.0033 383 48 393 67
car 0.0033 492 73 499 94
car 0.0029 490 139 499 163
car 0.0027 403 73 411 99
car 0.0021 478 73 490 92
car 0.0018 377 58 383 78
car 0.0017 489 101 498 124
car 0.0016 442 77 450 91
car 0.0016 397 83 406 99
car 0.0016 489 165 499 196
car 0.0016 266 67 337 121
car 0.0013 493 122 499 145
car 0.0013 486 162 503 237
car 0.0013 411 50 422 63
car 0.0013 396 72 405 98
car 0.0012 353 66 366 85
car 0.0011 338 73 447 206
car 0.0010 363 81 373 110
motorbike 0.0177 359 90 368 115
motorbike 0.0081 397 83 406 99
motorbike 0.0037 385 96 395 116
motorbike 0.0021 286 80 299 108
motorbike 0.0019 412 93 423 116
motorbike 0.0014 413 75 422 95
motorbike 0.0014 363 81 373 110
motorbike 0.0013 491 129 499 154
motorbike 0.0011 411 102 420 118
motorbike 0.0011 396 72 405 98
motorbike 0.0010 402 80 409 101
motorbike 0.0010 391 96 400 116
motorbike 0.0010 297 80 308 109
bus 0.0218 425 70 448 91
bus 0.0095 360 86 422 193
bus 0.0095 278 46 382 101
bus 0.0026 248 26 396 132
bus 0.0023 309 64 390 123
bus 0.0014 338 73 447 206
train 0.8508 -120 87 487 234
train 0.5741 47 47 464 281
train 0.1448 360 86 422 193
train 0.0464 -21 -18 385 333
train 0.0394 338 73 447 206
train 0.0172 362 -16 513 341
train 0.0015 46 147 461 329
boat 0.0037 21 62 412 325
boat 0.0020 489 101 498 124
boat 0.0019 260 -34 400 124
boat 0.0014 277 40 383 90
boat 0.0012 -120 87 487 234
boat 0.0011 425 70 448 91
bird 0.0021 303 293 309 303
chair 0.0068 491 129 499 154
chair 0.0015 493 122 499 145
chair 0.0015 490 139 499 163
chair 0.0011 391 54 541 217
