person 0.8406 40 50 61 112
person 0.7519 21 48 48 115
person 0.2594 -3 46 29 102
person 0.1677 32 2 418 273
person 0.1322 437 91 455 116
person 0.1253 49 36 60 61
person 0.1117 66 57 81 93
person 0.1070 27 46 38 64
person 0.0996 -1 59 11 93
person 0.0913 39 38 50 61
person 0.0787 16 59 30 94
person 0.0657 5 57 22 94
person 0.0549 44 59 57 105
person 0.0540 1 50 12 83
person 0.0483 72 57 87 91
person 0.0431 492 89 501 122
person 0.0419 54 37 66 59
person 0.0360 458 100 471 120
person 0.0355 36 62 48 93
person 0.0338 20 56 45 75
person 0.0296 57 47 89 102
person 0.0294 3 53 21 78
person 0.0282 26 60 41 92
person 0.0277 444 95 466 117
person 0.0232 55 62 71 92
person 0.0176 56 40 68 69
person 0.0150 224 75 262 137
person 0.0135 10 49 36 103
person 0.0129 245 85 280 139
person 0.0126 210 60 277 151
person 0.0124 314 47 352 119
person 0.0122 342 58 361 80
person 0.0120 20 25 68 128
person 0.0111 16 58 31 77
person 0.0110 56 50 68 81
person 0.0110 152 67 217 143
person 0.0105 178 81 209 141
person 0.0103 173 50 306 178
person 0.0082 -16 39 43 110
person 0.0076 70 2 78 20
person 0.0075 34 58 50 74
person 0.0074 60 42 78 65
person 0.0073 19 70 31 95
person 0.0073 234 72 313 151
person 0.0068 491 86 500 105
person 0.0065 430 86 463 125
person 0.0064 329 60 351 84
person 0.0063 2 48 8 71
person 0.0060 440 91 453 106
person 0.0056 48 53 58 78
person 0.0053 48 27 75 88
person 0.0052 168 46 186 63
person 0.0051 349 58 370 79
person 0.0051 319 104 345 127
person 0.0050 306 38 377 131
person 0.0050 88 52 173 134
person 0.0049 174 65 228 167
person 0.0047 323 58 343 91
person 0.0043 0 43 85 112
person 0.0043 297 74 314 112
person 0.0042 259 87 325 142
person 0.0040 487 70 504 140
person 0.0035 -5 -70 197 178
person 0.0033 42 29 66 81
person 0.0032 -62 -47 475 161
person 0.0031 464 96 487 112
person 0.0031 466 104 485 116
person 0.0031 278 102 308 128
person 0.0031 7 51 18 67
person 0.0030 477 102 493 119
person 0.0030 55 26 74 47
person 0.0027 497 88 500 156
person 0.0026 100 19 108 33
person 0.0024 102 22 110 35
person 0.0024 -3 20 9 169
person 0.0023 423 83 489 129
person 0.0022 48 49 76 102
person 0.0022 63 20 77 39
person 0.0021 172 -90 354 209
person 0.0020 252 95 273 133
person 0.0019 451 43 461 63
person 0.0018 171 50 204 64
person 0.0018 350 66 386 87
person 0.0017 41 0 51 16
person 0.0016 161 44 178 65
person 0.0015 -68 95 572 286
person 0.0014 30 42 39 59
person 0.0014 198 47 210 64
person 0.0014 237 97 256 128
person 0.0013 -33 17 98 137
person 0.0013 123 44 243 165
person 0.0012 175 91 206 122
person 0.0011 434 92 448 116
person 0.0011 312 94 349 137
person 0.0011 192 63 251 167
person 0.0011 474 94 496 113
person 0.0011 200 62 390 165
person 0.0010 466 89 501 104
person 0.0010 81 61 93 85
person 0.0010 334 54 407 99
bicycle 0.0061 -1 59 11 93
bicycle 0.0049 19 70 31 95
bicycle 0.0046 -3 46 29 102
bicycle 0.0036 -16 39 43 110
bicycle 0.0019 5 57 22 94
bicycle 0.0018 16 59 30 94
bicycle 0.0018 44 59 57 105
bicycle 0.0015 55 69 70 94
bicycle 0.0013 26 67 40 100
car 0.9303 69 24 436 309
car 0.9090 -47 65 551 269
car 0.9087 404 57 531 190
car 0.3479 275 32 475 158
car 0.0767 435 66 506 179
car 0.0522 -1 59 11 93
car 0.0373 456 89 499 104
car 0.0355 152 41 225 76
car 0.0211 0 43 85 112
car 0.0187 -16 39 43 110
car 0.0185 -4 46 19 103
car 0.0171 433 77 518 130
car 0.0141 492 89 501 122
car 0.0126 179 50 211 66
car 0.0115 55 62 71 92
car 0.0103 5 -4 212 121
car 0.0099 90 -2 113 13
car 0.0071 102 0 117 16
car 0.0069 302 44 399 129
car 0.0054 39 28 104 104
car 0.0053 436 98 457 123
car 0.0047 165 55 211 69
car 0.0046 20 56 45 75
car 0.0039 18 45 49 112
car 0.0038 491 86 500 105
car 0.0033 331 53 427 102
car 0.0028 0 47 67 85
car 0.0027 -5 -70 197 178
car 0.0025 422 86 490 136
car 0.0024 16 59 30 94
car 0.0024 190 0 473 245
car 0.0022 53 36 88 96
car 0.0021 464 96 487 112
car 0.0019 490 70 503 176
car 0.0017 48 49 76 102
car 0.0017 168 46 186 63
car 0.0017 -38 19 104 186
car 0.0015 1 50 12 83
car 0.0015 430 88 463 134
car 0.0013 26 60 41 92
car 0.0013 -3 37 13 128
car 0.0012 198 47 210 64
car 0.0012 497 88 500 156
car 0.0011 36 62 48 93
motorbike 0.0846 -3 46 29 102
motorbike 0.0467 -16 39 43 110
motorbike 0.0451 -1 59 11 93
motorbike 0.0111 5 57 22 94
motorbike 0.0108 55 62 71 92
motorbike 0.0103 -5 -70 197 178
motorbike 0.0079 66 57 81 93
motorbike 0.0051 57 47 89 102
motorbike 0.0045 16 59 30 94
motorbike 0.0043 35 12 92 117
motorbike 0.0030 48 49 76 102
motorbike 0.0028 -20 -8 118 137
motorbike 0.0023 19 70 31 95
motorbike 0.0023 72 57 87 91
motorbike 0.0021 437 91 455 116
motorbike 0.0021 18 45 49 112
motorbike 0.0017 20 25 68 128
motorbike 0.0012 10 49 36 103
motorbike 0.0011 1 50 12 83
motorbike 0.0010 275 32 475 158
bus 0.0034 98 6 449 272
boat 0.0011 -38 19 104 186
horse 0.0055 -3 46 29 102
horse 0.0027 -16 39 43 110
bottle 0.0014 451 37 461 60
bottle 0.0011 319 104 345 127
chair 0.0020 319 104 345 127
chair 0.0017 -1 59 11 93
chair 0.0011 19 70 31 95
diningtable 0.0461 61 46 487 340
