person 0.9991 64 26 196 324
person 0.9908 226 39 486 362
person 0.9800 16 78 84 212
person 0.3394 46 -78 202 437
person 0.1542 493 146 499 161
person 0.0470 -8 71 109 244
person 0.0417 23 87 222 271
person 0.0256 495 134 499 156
person 0.0103 494 113 500 138
person 0.0076 435 156 452 167
person 0.0052 492 154 500 165
person 0.0049 301 96 319 194
person 0.0035 484 140 490 148
person 0.0026 463 150 471 157
person 0.0017 470 151 479 158
person 0.0012 490 98 503 187
person 0.0011 303 126 315 181
person 0.0010 55 186 647 368
bicycle 0.9992 22 201 664 372
bicycle 0.9669 -1 101 107 249
bicycle 0.8949 180 156 515 392
bicycle 0.3317 32 149 169 319
bicycle 0.0731 64 60 192 322
bicycle 0.0359 29 119 87 232
bicycle 0.0307 56 176 127 299
bicycle 0.0088 46 -78 202 437
bicycle 0.0063 93 144 149 290
bicycle 0.0037 110 164 190 240
bicycle 0.0018 56 148 223 279
bicycle 0.0014 115 146 176 287
bicycle 0.0012 66 186 154 256
motorbike 0.0013 16 116 87 232
boat 0.0197 493 146 499 161
boat 0.0106 494 113 500 138
boat 0.0038 495 134 499 156
boat 0.0023 490 90 502 179
boat 0.0016 492 154 500 165
bird 0.0027 493 146 499 161
bird 0.0027 435 156 452 167
bottle 0.0907 391 174 435 308
