car 0.0065 79 -9 425 355
motorbike 0.0013 79 -9 425 355
bird 0.8554 -14 110 516 306
bird 0.3849 79 -9 425 355
bird 0.2309 167 171 493 325
bird 0.1255 155 -157 332 306
bird 0.0652 224 22 435 479
bird 0.0088 88 14 245 329
bird 0.0059 264 6 415 205
bird 0.0027 170 -55 316 204
bird 0.0025 79 35 491 230
bird 0.0018 254 -62 413 320
bird 0.0011 187 29 551 298
cat 0.1708 155 -157 332 306
cat 0.0737 170 -55 316 204
cat 0.0189 23 69 476 278
cat 0.0024 88 14 245 329
cat 0.0020 79 -9 425 355
cat 0.0018 91 4 402 156
cat 0.0011 -25 146 527 320
dog 0.0092 23 69 476 278
dog 0.0023 155 -157 332 306
dog 0.0019 79 -9 425 355
dog 0.0017 170 -55 316 204
sheep 0.0024 147 -148 337 279
bottle 0.0017 139 -34 215 111
chair 0.0065 79 -9 425 355
pottedplant 0.0051 79 -9 425 355
diningtable 0.1239 79 -9 425 355
diningtable 0.0045 351 12 538 320
diningtable 0.0034 -23 107 465 304
diningtable 0.0012 -41 -2 135 325
