person 0.0663 140 200 156 223
person 0.0079 103 202 117 215
person 0.0058 47 197 58 211
person 0.0055 45 203 62 215
person 0.0043 180 203 196 217
person 0.0038 37 201 50 218
person 0.0036 187 203 206 218
person 0.0032 461 197 472 221
person 0.0027 209 204 226 215
person 0.0026 30 201 39 221
person 0.0026 110 203 127 215
person 0.0024 94 200 109 219
person 0.0023 120 202 142 216
person 0.0023 66 201 97 220
person 0.0023 39 195 48 213
person 0.0022 56 196 68 212
person 0.0022 52 204 69 214
person 0.0020 240 202 252 223
person 0.0019 246 199 260 222
person 0.0018 66 195 80 210
person 0.0018 112 199 124 210
person 0.0017 224 205 243 220
person 0.0015 139 195 156 212
person 0.0015 95 200 108 209
person 0.0015 158 192 178 211
person 0.0014 70 198 89 209
person 0.0013 372 202 389 214
person 0.0010 174 201 183 217
person 0.0010 381 202 396 215
person 0.0010 125 200 151 218
bicycle 0.0047 472 246 504 419
bicycle 0.0017 469 319 506 392
bicycle 0.0013 484 291 503 402
car 0.9253 67 193 174 239
car 0.9197 16 191 101 243
car 0.8944 252 191 376 246
car 0.7917 49 187 119 240
car 0.7870 121 180 235 249
car 0.7767 220 181 330 247
car 0.5218 160 193 272 243
car 0.4461 452 181 513 252
car 0.4317 294 175 469 256
car 0.1310 225 179 402 257
car 0.0744 1 199 24 220
car 0.0509 -17 107 514 279
car 0.0365 395 175 479 251
car 0.0318 125 200 151 218
car 0.0299 227 196 304 238
car 0.0276 326 202 371 218
car 0.0258 178 185 219 200
car 0.0241 118 194 156 213
car 0.0204 211 203 241 217
car 0.0188 140 200 156 223
car 0.0154 71 196 109 232
car 0.0149 106 184 187 240
car 0.0094 219 206 249 231
car 0.0085 120 202 142 216
car 0.0085 147 201 167 219
car 0.0079 103 202 117 215
car 0.0077 209 204 226 215
car 0.0072 199 196 266 238
car 0.0066 66 201 97 220
car 0.0065 408 187 448 240
car 0.0055 316 204 346 215
car 0.0055 300 198 382 229
car 0.0051 0 196 7 223
car 0.0050 181 196 208 208
car 0.0045 63 201 85 218
car 0.0043 492 196 500 226
car 0.0043 77 201 103 222
car 0.0040 94 200 109 219
car 0.0040 224 205 243 220
car 0.0039 263 197 302 209
car 0.0038 117 191 158 233
car 0.0038 319 191 383 244
car 0.0033 308 184 432 241
car 0.0030 213 197 235 210
car 0.0030 153 179 242 222
car 0.0029 110 203 127 215
car 0.0027 187 203 206 218
car 0.0024 435 187 476 238
car 0.0023 196 206 215 216
car 0.0023 241 187 324 219
car 0.0020 281 202 305 216
car 0.0020 70 198 89 209
car 0.0018 12 201 31 219
car 0.0018 240 202 252 223
car 0.0017 282 199 302 210
car 0.0017 242 205 283 231
car 0.0016 210 186 237 200
car 0.0014 37 201 50 218
car 0.0013 115 207 147 229
car 0.0012 176 187 198 199
car 0.0011 481 184 504 242
car 0.0011 -26 175 157 250
car 0.0011 139 195 156 212
car 0.0010 95 200 108 209
car 0.0010 30 201 39 221
car 0.0010 90 195 131 233
car 0.0010 45 203 62 215
motorbike 0.0017 140 190 274 244
motorbike 0.0016 472 246 504 419
bus 0.0047 104 183 172 222
bus 0.0016 297 172 482 257
bus 0.0014 402 175 490 251
bus 0.0014 436 181 522 252
bus 0.0014 18 183 94 247
bus 0.0013 178 185 219 200
train 0.0060 -17 107 514 279
boat 0.0048 161 179 250 207
boat 0.0030 178 185 219 200
boat 0.0024 -17 107 514 279
boat 0.0020 210 186 237 200
