person 0.0495 494 155 500 181
person 0.0206 474 156 481 176
person 0.0128 454 159 464 182
person 0.0103 489 161 501 190
person 0.0095 139 172 155 206
person 0.0092 134 172 149 207
person 0.0091 47 171 78 241
person 0.0086 287 165 298 189
person 0.0081 459 158 468 179
person 0.0077 480 159 489 178
person 0.0071 0 184 7 211
person 0.0069 92 165 111 194
person 0.0063 231 172 244 197
person 0.0057 -3 159 15 255
person 0.0052 36 45 68 94
person 0.0049 236 173 252 196
person 0.0047 0 196 8 239
person 0.0044 496 141 500 179
person 0.0032 62 176 83 201
person 0.0026 422 164 437 192
person 0.0026 265 167 278 190
person 0.0023 54 182 70 208
person 0.0022 88 157 114 215
person 0.0022 474 151 481 170
person 0.0020 314 163 326 194
person 0.0017 62 181 77 208
person 0.0016 458 165 466 184
person 0.0015 158 173 174 200
person 0.0015 0 170 8 203
person 0.0014 485 145 503 207
person 0.0014 13 -26 475 322
person 0.0013 128 165 154 227
person 0.0013 480 147 488 171
person 0.0012 443 147 453 170
person 0.0011 436 163 454 189
person 0.0010 46 179 64 215
car 0.0057 435 160 455 178
car 0.0049 494 155 500 181
car 0.0016 427 163 450 178
car 0.0014 489 161 501 190
aeroplane 0.0012 13 -26 475 322
bus 0.0011 16 -19 363 306
train 0.9979 24 -20 374 274
chair 0.0034 47 171 78 241
chair 0.0015 453 162 465 187
chair 0.0012 0 196 8 239
chair 0.0010 436 163 454 189
pottedplant 0.0033 494 155 500 181
pottedplant 0.0027 489 161 501 190
diningtable 0.0022 425 167 450 189
diningtable 0.0014 423 173 450 200
diningtable 0.0010 13 -26 475 322
tvmonitor 0.0360 196 -14 412 134
tvmonitor 0.0117 349 -102 519 200
tvmonitor 0.0093 329 -27 546 118
tvmonitor 0.0026 220 -93 412 220
