person 0.9335 278 298 288 331
person 0.8186 261 298 271 329
person 0.8151 402 293 414 336
person 0.7536 390 297 403 335
person 0.6496 287 299 296 330
person 0.5971 420 298 433 329
person 0.5871 428 299 442 321
person 0.5348 249 302 259 320
person 0.4978 239 302 250 317
person 0.4640 267 298 276 331
person 0.4611 446 296 461 311
person 0.4486 298 295 311 340
person 0.3666 302 297 318 341
person 0.3349 479 297 490 310
person 0.2927 259 300 269 322
person 0.2670 476 310 495 330
person 0.2652 470 299 481 312
person 0.2628 331 294 348 317
person 0.2383 230 303 239 316
person 0.2159 234 270 446 368
person 0.1950 488 308 499 331
person 0.1572 392 300 403 318
person 0.1327 335 294 346 308
person 0.1286 403 298 414 321
person 0.1028 415 295 425 332
person 0.0986 76 296 86 337
person 0.0948 -124 235 626 377
person 0.0859 467 310 487 329
person 0.0832 386 303 397 318
person 0.0747 364 303 374 317
person 0.0744 343 301 356 316
person 0.0714 224 303 233 315
person 0.0560 220 302 235 331
person 0.0559 492 295 499 313
person 0.0519 68 300 77 316
person 0.0503 355 301 367 318
person 0.0501 461 298 473 311
person 0.0497 373 303 383 317
person 0.0424 384 291 410 341
person 0.0413 228 306 240 322
person 0.0351 238 306 252 321
person 0.0334 58 292 82 345
person 0.0329 287 302 296 319
person 0.0310 395 289 420 340
person 0.0309 360 270 516 369
person 0.0304 279 303 287 319
person 0.0298 462 290 472 306
person 0.0283 344 291 357 304
person 0.0264 314 299 328 334
person 0.0263 194 285 292 357
person 0.0261 70 201 270 397
person 0.0242 77 300 84 319
person 0.0241 326 298 340 319
person 0.0235 86 303 97 316
person 0.0207 64 300 80 331
person 0.0207 268 302 275 320
person 0.0206 495 291 500 311
person 0.0170 90 284 469 346
person 0.0138 354 291 369 302
person 0.0132 95 304 105 314
person 0.0131 443 293 457 310
person 0.0122 212 297 242 342
person 0.0116 104 303 115 313
person 0.0108 446 308 466 327
person 0.0102 133 308 146 320
person 0.0102 -46 141 549 411
person 0.0088 50 274 248 365
person 0.0086 324 287 357 330
person 0.0086 23 301 41 318
person 0.0083 180 283 192 312
person 0.0082 306 302 316 319
person 0.0075 27 299 60 319
person 0.0069 299 302 308 319
person 0.0063 -83 193 590 328
person 0.0060 55 302 71 314
person 0.0059 413 293 440 336
person 0.0053 85 302 99 328
person 0.0051 72 290 92 346
person 0.0050 94 305 107 326
person 0.0050 180 297 191 313
person 0.0048 2 300 24 321
person 0.0041 345 305 357 321
person 0.0037 -1 298 13 322
person 0.0035 322 301 338 328
person 0.0034 331 303 349 324
person 0.0034 309 295 336 341
person 0.0032 191 287 202 312
person 0.0031 198 113 524 434
person 0.0030 200 288 213 311
person 0.0030 468 293 477 309
person 0.0027 312 309 326 339
person 0.0027 438 306 457 325
person 0.0026 10 300 38 323
person 0.0026 37 32 457 348
person 0.0025 185 278 600 350
person 0.0025 150 309 164 320
person 0.0024 249 294 279 339
person 0.0023 362 291 374 301
person 0.0022 144 308 154 322
person 0.0022 38 300 63 317
bicycle 0.0011 76 296 86 337
car 0.9953 83 285 220 360
car 0.9835 412 267 533 401
car 0.9588 192 291 293 354
car 0.9419 57 284 146 351
car 0.8475 -1 298 13 322
car 0.7687 8 300 42 326
car 0.6383 272 272 437 367
car 0.6274 7 289 98 340
car 0.4155 393 281 499 370
car 0.2951 2 300 24 321
car 0.1371 -6 295 55 332
car 0.1322 55 251 271 372
car 0.0713 27 299 60 319
car 0.0470 47 303 80 327
car 0.0346 64 300 80 331
car 0.0223 23 301 41 318
car 0.0202 38 300 63 317
car 0.0139 55 302 71 314
car 0.0084 76 296 86 337
car 0.0067 58 292 82 345
car 0.0065 212 297 242 342
car 0.0061 41 305 64 325
car 0.0060 18 277 192 356
car 0.0059 68 300 77 316
car 0.0049 178 288 254 351
car 0.0048 125 282 355 354
car 0.0044 -7 288 21 329
car 0.0039 85 302 99 328
car 0.0039 -124 235 626 377
car 0.0039 220 302 235 331
car 0.0038 238 306 252 321
car 0.0033 492 295 499 313
car 0.0029 25 293 62 328
car 0.0029 93 293 128 342
car 0.0027 418 294 491 343
car 0.0025 74 293 105 342
car 0.0024 86 303 97 316
car 0.0020 228 306 240 322
car 0.0018 -2 206 288 393
car 0.0015 0 292 5 310
car 0.0014 479 297 490 310
car 0.0014 299 283 365 349
car 0.0013 27 193 474 332
car 0.0013 462 279 508 386
car 0.0012 -97 285 231 345
car 0.0012 385 299 400 332
car 0.0011 488 308 499 331
car 0.0011 230 303 239 316
car 0.0010 312 309 326 339
car 0.0010 495 291 500 311
car 0.0010 227 296 261 342
motorbike 0.0031 193 287 281 354
motorbike 0.0013 4 302 25 324
bus 0.0619 36 231 292 370
bus 0.0091 272 272 437 367
bus 0.0036 373 262 524 378
bus 0.0023 7 292 95 330
