person 0.0046 178 15 484 281
bottle 0.9926 214 8 249 162
bottle 0.9893 187 9 223 162
bottle 0.0045 206 12 224 156
bottle 0.0028 196 38 213 72
bottle 0.0020 192 29 219 98
chair 0.2768 102 53 597 270
chair 0.0320 203 4 495 289
chair 0.0124 -51 216 159 301
chair 0.0019 459 -20 506 346
sofa 0.9833 56 65 605 265
sofa 0.9340 178 15 484 281
sofa 0.0055 148 129 260 314
sofa 0.0019 140 35 291 390
sofa 0.0018 -51 216 159 301
sofa 0.0011 62 56 208 309
sofa 0.0010 459 -20 506 346
pottedplant 0.1275 36 92 227 278
diningtable 0.0120 -51 216 159 301
