person 0.9812 404 74 470 162
person 0.9666 446 68 501 186
person 0.9345 361 87 400 137
person 0.9275 381 85 421 140
person 0.6620 352 96 374 134
person 0.4775 143 77 199 138
person 0.3723 340 97 356 128
person 0.3326 5 98 21 136
person 0.3314 -1 96 12 136
person 0.2719 375 76 435 152
person 0.2709 24 99 37 131
person 0.2670 15 99 33 134
person 0.2157 9 92 37 141
person 0.1808 149 88 189 129
person 0.1400 98 103 119 125
person 0.1120 163 93 187 124
person 0.1062 -1 94 28 141
person 0.1031 113 104 129 124
person 0.0763 135 97 156 127
person 0.0744 83 102 101 125
person 0.0629 488 74 502 175
person 0.0565 68 107 89 126
person 0.0555 42 75 502 271
person 0.0527 0 88 8 121
person 0.0406 -3 91 17 154
person 0.0368 494 91 501 139
person 0.0323 493 114 500 153
person 0.0306 209 65 278 163
person 0.0249 246 85 318 142
person 0.0248 216 81 252 149
person 0.0193 -2 78 12 190
person 0.0185 371 95 392 120
person 0.0167 408 98 425 137
person 0.0161 335 94 365 136
person 0.0158 -17 28 585 193
person 0.0154 379 93 396 121
person 0.0139 449 112 466 141
person 0.0138 424 86 463 150
person 0.0128 130 89 162 129
person 0.0113 388 92 406 123
person 0.0113 -3 60 16 132
person 0.0112 375 58 493 176
person 0.0110 -6 80 35 203
person 0.0106 468 54 503 214
person 0.0101 6 69 39 125
person 0.0096 399 100 417 133
person 0.0095 0 120 9 148
person 0.0095 417 53 527 195
person 0.0087 152 101 170 125
person 0.0083 362 101 374 118
person 0.0077 445 100 470 151
person 0.0077 403 93 434 140
person 0.0067 -16 84 46 150
person 0.0059 7 96 21 118
person 0.0059 0 110 3 197
person 0.0058 90 87 166 136
person 0.0056 2 79 23 113
person 0.0055 117 102 139 125
person 0.0054 85 83 117 131
person 0.0052 228 80 266 136
person 0.0050 173 64 309 168
person 0.0048 339 84 403 144
person 0.0045 13 79 33 114
person 0.0041 20 15 264 183
person 0.0040 90 90 109 125
person 0.0037 67 91 135 134
person 0.0037 485 93 501 214
person 0.0037 390 101 408 127
person 0.0032 0 117 5 169
person 0.0027 208 68 386 167
person 0.0024 0 64 6 109
person 0.0022 338 97 351 121
person 0.0021 -98 104 652 246
person 0.0021 -5 100 31 166
person 0.0021 0 55 9 76
person 0.0017 238 82 344 165
person 0.0016 455 90 494 161
person 0.0016 111 94 131 123
person 0.0014 20 75 42 136
person 0.0014 259 101 292 127
person 0.0014 357 99 370 119
person 0.0013 2 49 22 68
person 0.0013 448 79 480 156
person 0.0013 493 122 499 182
person 0.0012 419 103 432 129
person 0.0012 221 97 235 135
person 0.0012 451 108 464 128
person 0.0010 456 110 472 140
person 0.0010 113 86 144 131
person 0.0010 -8 61 50 132
person 0.0010 181 65 210 91
bicycle 0.0018 -3 120 33 185
bicycle 0.0011 -2 108 11 197
car 0.2663 42 37 278 131
car 0.1989 49 61 493 262
car 0.0286 -3 47 15 71
car 0.0241 0 55 9 76
car 0.0193 493 114 500 153
car 0.0085 -3 120 33 185
car 0.0084 -98 104 652 246
car 0.0083 488 78 502 189
car 0.0081 -6 80 35 203
car 0.0075 44 45 160 107
car 0.0061 2 49 22 68
car 0.0059 71 78 169 137
car 0.0059 -10 38 39 162
car 0.0056 -16 106 47 184
car 0.0055 449 112 466 141
car 0.0054 -56 37 194 126
car 0.0047 31 43 184 154
car 0.0045 -13 43 46 108
car 0.0035 -104 20 604 198
car 0.0029 98 45 255 105
car 0.0028 -2 108 11 197
car 0.0028 0 110 3 197
car 0.0028 52 -12 274 181
car 0.0024 217 63 416 166
car 0.0020 13 49 34 69
car 0.0018 0 149 3 195
car 0.0018 6 69 39 125
car 0.0015 0 59 8 95
car 0.0015 2 54 23 76
car 0.0015 393 77 468 159
car 0.0015 -13 50 120 104
car 0.0014 13 61 36 94
car 0.0013 -4 32 18 103
car 0.0013 0 79 10 115
car 0.0011 22 228 462 372
car 0.0011 -8 61 50 132
car 0.0011 -1 89 8 233
car 0.0010 408 98 425 137
car 0.0010 5 51 40 101
car 0.0010 0 117 5 169
car 0.0010 -14 92 43 154
bus 0.0037 -3 47 15 71
bus 0.0022 22 37 272 132
bus 0.0019 0 55 9 76
bus 0.0018 263 -9 552 239
bus 0.0014 -9 21 40 146
bus 0.0010 -13 34 45 101
boat 0.0011 -3 47 15 71
chair 0.0049 -3 120 33 185
chair 0.0029 0 120 9 148
chair 0.0024 0 110 3 197
chair 0.0020 0 102 11 142
chair 0.0020 480 135 503 228
chair 0.0016 0 117 5 169
chair 0.0012 -2 108 11 197
chair 0.0011 12 139 31 169
chair 0.0011 -6 126 32 142
sofa 0.0010 42 75 502 271
diningtable 0.0084 -6 126 32 142
diningtable 0.0032 0 120 9 148
diningtable 0.0027 -3 120 33 185
diningtable 0.0018 -16 106 47 184
diningtable 0.0013 0 134 29 152
