person 0.9987 180 112 474 348
person 0.9836 126 178 151 256
person 0.5440 465 197 484 224
person 0.4607 147 165 193 274
person 0.4408 396 199 418 224
person 0.1677 445 206 462 221
person 0.1163 92 192 107 223
person 0.0995 436 198 454 225
person 0.0915 151 185 165 224
person 0.0666 84 193 100 224
person 0.0647 457 196 476 225
person 0.0626 159 185 175 214
person 0.0598 115 189 129 223
person 0.0444 180 188 194 229
person 0.0439 121 193 133 223
person 0.0415 490 193 501 223
person 0.0373 170 189 186 225
person 0.0368 430 195 448 232
person 0.0322 176 178 198 238
person 0.0312 460 189 490 249
person 0.0311 152 179 183 235
person 0.0300 164 181 193 237
person 0.0274 181 185 193 212
person 0.0231 394 204 409 222
person 0.0231 125 186 593 349
person 0.0176 186 198 203 231
person 0.0167 494 189 499 242
person 0.0147 27 189 39 206
person 0.0139 465 211 487 245
person 0.0129 64 191 78 228
person 0.0126 406 198 422 224
person 0.0094 487 174 503 261
person 0.0090 101 190 114 221
person 0.0085 455 216 480 244
person 0.0083 74 187 86 211
person 0.0080 18 191 32 206
person 0.0078 422 192 453 240
person 0.0076 58 181 84 234
person 0.0072 475 213 494 243
person 0.0063 74 190 90 224
person 0.0052 172 177 201 272
person 0.0049 180 189 209 244
person 0.0049 153 208 186 265
person 0.0045 145 196 156 216
person 0.0044 2 190 25 207
person 0.0043 116 164 166 267
person 0.0041 468 200 501 254
person 0.0040 35 174 54 258
person 0.0038 390 194 425 240
person 0.0037 42 175 62 256
person 0.0035 415 203 515 253
person 0.0033 367 135 391 165
person 0.0031 432 186 499 232
person 0.0029 84 187 97 211
person 0.0029 0 200 4 270
person 0.0029 83 184 114 229
person 0.0028 0 186 7 213
person 0.0028 176 155 229 275
person 0.0028 -3 176 10 277
person 0.0027 36 187 46 209
person 0.0027 128 207 135 224
person 0.0025 251 173 263 204
person 0.0022 191 181 222 253
person 0.0020 244 161 265 234
person 0.0019 477 206 491 228
person 0.0018 237 199 254 234
person 0.0018 237 195 250 221
person 0.0018 67 182 95 232
person 0.0017 132 197 144 220
person 0.0017 159 202 176 231
person 0.0017 133 202 144 231
person 0.0016 232 188 261 247
person 0.0014 145 179 174 224
person 0.0014 -28 126 109 294
person 0.0013 372 189 443 245
person 0.0012 107 183 135 230
person 0.0012 39 195 50 240
person 0.0011 198 200 215 232
person 0.0011 443 214 468 242
person 0.0011 68 185 81 212
person 0.0010 495 210 500 262
person 0.0010 449 190 484 227
person 0.0010 301 177 364 245
person 0.0010 170 213 186 244
person 0.0010 37 190 48 225
bicycle 0.0997 153 208 186 265
bicycle 0.0975 122 216 558 358
bicycle 0.0657 139 198 200 276
bicycle 0.0595 178 91 501 502
bicycle 0.0097 84 193 100 224
bicycle 0.0077 132 211 144 243
bicycle 0.0074 92 192 107 223
bicycle 0.0061 162 215 178 256
bicycle 0.0059 127 194 151 254
bicycle 0.0037 302 191 566 295
bicycle 0.0030 160 178 193 272
bicycle 0.0022 131 229 145 240
bicycle 0.0017 216 210 251 278
bicycle 0.0016 64 202 78 227
bicycle 0.0013 170 213 186 244
bicycle 0.0012 130 176 271 289
car 0.3259 355 183 546 293
car 0.0258 -8 147 65 276
car 0.0211 -27 129 91 293
car 0.0090 402 202 511 255
car 0.0034 309 199 487 304
car 0.0033 157 203 253 272
car 0.0022 156 124 551 340
car 0.0021 495 210 500 262
car 0.0021 369 200 465 255
car 0.0019 489 182 502 291
car 0.0018 203 77 455 440
car 0.0016 -3 176 10 277
car 0.0011 58 207 70 227
car 0.0010 130 176 271 289
motorbike 0.9635 109 217 603 354
motorbike 0.7266 169 96 546 494
motorbike 0.0424 153 208 186 265
motorbike 0.0298 139 198 200 276
motorbike 0.0071 160 178 193 272
motorbike 0.0033 302 191 566 295
motorbike 0.0028 283 104 523 412
bus 0.0102 153 97 503 281
bus 0.0073 -27 129 91 293
bus 0.0065 -8 147 65 276
bus 0.0040 206 96 308 296
bus 0.0015 167 34 413 336
bus 0.0012 226 121 289 268
train 0.0036 153 97 503 281
boat 0.0037 355 183 546 293
dog 0.0014 245 153 415 306
horse 0.0142 122 216 558 358
horse 0.0023 178 91 501 502
horse 0.0010 156 124 551 340
