person 0.9978 0 10 288 392
person 0.9570 220 59 576 368
person 0.3628 -5 38 37 429
person 0.1319 -7 100 41 249
person 0.0902 -10 -78 65 355
person 0.0575 127 24 458 366
person 0.0333 -6 -66 33 229
person 0.0249 -8 -34 36 111
person 0.0164 25 66 398 314
person 0.0141 206 30 500 267
person 0.0086 179 -118 394 235
person 0.0036 -43 10 143 216
person 0.0034 305 -121 503 248
person 0.0033 185 -39 293 161
person 0.0027 287 -42 419 205
person 0.0027 -12 -58 99 221
person 0.0027 -1 109 11 235
person 0.0026 20 -133 251 261
person 0.0026 -46 1 382 150
person 0.0024 127 -117 306 243
person 0.0022 476 61 504 290
person 0.0022 -6 46 93 387
person 0.0020 -28 93 82 256
person 0.0019 -1 58 6 248
person 0.0017 -27 -100 132 316
person 0.0016 1 223 110 413
person 0.0016 206 -76 370 458
person 0.0015 468 22 506 171
person 0.0013 200 44 360 207
person 0.0012 253 79 333 128
person 0.0010 0 120 45 349
person 0.0010 215 39 351 354
person 0.0010 -9 121 33 205
person 0.0010 -2 145 127 489
cow 0.0011 27 53 385 382
bottle 0.0059 1 223 110 413
bottle 0.0046 -3 249 36 419
bottle 0.0037 -9 318 35 395
chair 0.0355 27 53 385 382
chair 0.0146 475 65 504 257
chair 0.0107 -23 151 118 285
chair 0.0060 -3 68 27 436
chair 0.0057 468 22 506 171
chair 0.0033 150 66 592 362
chair 0.0032 488 74 501 252
chair 0.0027 3 339 115 389
chair 0.0024 0 120 45 349
chair 0.0024 -2 145 127 489
chair 0.0022 1 223 110 413
chair 0.0021 7 185 46 239
chair 0.0015 240 72 347 355
chair 0.0014 480 25 502 366
chair 0.0014 -67 171 337 366
chair 0.0013 206 -76 370 458
chair 0.0011 277 103 386 371
sofa 0.4976 27 53 385 382
sofa 0.0381 165 49 493 381
sofa 0.0032 206 -76 370 458
sofa 0.0016 -9 -16 292 331
sofa 0.0015 475 65 504 257
sofa 0.0014 -67 171 337 366
diningtable 0.0601 -5 162 124 490
diningtable 0.0120 19 307 270 401
diningtable 0.0062 -3 222 278 454
diningtable 0.0032 47 249 242 411
diningtable 0.0014 1 223 110 413
diningtable 0.0014 54 336 243 391
diningtable 0.0013 64 224 434 447
diningtable 0.0010 -32 302 135 403
