person 0.0025 101 209 202 292
car 0.0023 90 204 206 293
boat 0.0210 34 178 47 183
boat 0.0099 151 181 163 186
boat 0.0099 212 183 236 190
boat 0.0021 153 182 170 187
boat 0.0018 38 178 54 184
boat 0.0014 96 177 115 183
boat 0.0013 198 182 228 189
boat 0.0012 33 180 49 185
boat 0.0010 38 181 56 185
bird 0.0021 90 204 206 293
dog 0.2133 102 211 199 285
dog 0.0027 156 225 179 259
horse 0.3688 95 205 199 297
horse 0.0019 104 216 173 281
sheep 0.0084 90 204 206 293
cow 0.8385 95 205 199 297
cow 0.0042 156 225 179 259
cow 0.0023 104 216 173 281
