person 0.9955 126 28 540 311
person 0.9694 149 -71 330 392
person 0.8687 440 -45 508 401
person 0.7597 67 123 153 298
person 0.6108 245 0 344 271
person 0.6002 183 57 298 257
person 0.5602 -40 85 170 311
person 0.3174 97 74 390 256
person 0.2154 396 71 455 278
person 0.1545 -26 27 89 143
person 0.1396 -12 10 100 380
person 0.1017 -18 -88 151 410
person 0.0580 30 95 135 337
person 0.0235 119 91 167 295
person 0.0207 254 70 303 243
person 0.0195 39 155 100 316
person 0.0171 58 43 213 350
person 0.0138 220 26 506 232
person 0.0110 168 142 230 218
person 0.0105 272 115 325 234
person 0.0102 62 78 117 234
person 0.0092 147 50 264 295
person 0.0079 380 38 479 397
person 0.0073 284 88 344 228
person 0.0066 -11 1 75 232
person 0.0065 33 24 139 255
person 0.0065 102 75 152 281
person 0.0063 176 154 217 206
person 0.0057 139 109 193 286
person 0.0051 -4 -67 35 457
person 0.0050 264 110 301 172
person 0.0047 256 23 328 184
person 0.0045 -14 144 155 428
person 0.0045 115 136 288 287
person 0.0039 0 -78 15 469
person 0.0038 -9 226 54 363
person 0.0038 138 130 205 208
person 0.0034 255 87 289 160
person 0.0028 88 92 128 156
person 0.0025 -31 210 90 381
person 0.0024 177 142 226 279
person 0.0024 447 151 471 250
person 0.0023 447 32 502 242
person 0.0021 235 112 290 240
person 0.0020 371 -3 458 283
person 0.0019 78 79 126 199
person 0.0019 181 168 194 196
person 0.0019 156 146 205 279
person 0.0019 192 67 251 244
person 0.0019 133 130 161 206
person 0.0017 197 127 244 269
person 0.0015 125 160 150 244
person 0.0015 251 71 380 247
person 0.0014 -5 175 30 372
person 0.0013 390 95 459 191
person 0.0013 252 100 314 182
person 0.0013 439 127 473 300
person 0.0012 265 116 284 150
person 0.0011 46 85 88 266
person 0.0010 122 115 242 237
bottle 0.0480 119 62 165 296
bottle 0.0413 102 130 116 174
bottle 0.0331 112 134 125 169
bottle 0.0280 133 123 162 201
bottle 0.0252 120 99 143 184
bottle 0.0248 63 108 118 245
bottle 0.0195 125 106 139 158
bottle 0.0192 141 144 186 280
bottle 0.0167 135 167 163 271
bottle 0.0163 98 123 121 183
bottle 0.0132 106 81 151 226
bottle 0.0128 122 134 134 169
bottle 0.0094 124 127 135 156
bottle 0.0080 133 134 144 168
bottle 0.0065 126 106 150 198
bottle 0.0061 177 142 226 279
bottle 0.0059 133 129 142 155
bottle 0.0054 106 130 117 158
bottle 0.0052 125 160 150 244
bottle 0.0049 156 146 205 279
bottle 0.0049 106 120 131 184
bottle 0.0043 85 133 118 192
bottle 0.0040 36 242 87 347
bottle 0.0040 142 138 154 166
bottle 0.0037 70 143 113 219
bottle 0.0036 140 142 153 180
bottle 0.0035 88 238 111 302
bottle 0.0035 144 167 175 252
bottle 0.0032 134 145 146 177
bottle 0.0032 74 235 95 317
bottle 0.0031 56 12 208 345
bottle 0.0029 91 147 111 176
bottle 0.0027 29 94 148 261
bottle 0.0025 133 150 149 192
bottle 0.0024 173 198 206 261
bottle 0.0023 98 238 122 299
bottle 0.0022 272 115 325 234
bottle 0.0021 130 170 146 194
bottle 0.0020 78 79 126 199
bottle 0.0018 115 136 288 287
bottle 0.0017 126 148 154 211
bottle 0.0016 73 157 92 185
bottle 0.0015 95 140 123 199
bottle 0.0015 78 153 103 185
bottle 0.0015 197 138 239 280
bottle 0.0014 82 79 204 230
bottle 0.0012 101 152 120 188
bottle 0.0012 96 137 111 169
bottle 0.0011 290 129 319 211
bottle 0.0010 42 65 163 212
chair 0.0972 39 159 302 422
chair 0.0032 6 153 164 423
chair 0.0028 36 242 87 347
chair 0.0013 138 130 205 208
chair 0.0011 39 175 97 320
chair 0.0010 93 221 144 318
sofa 0.0018 39 159 302 422
sofa 0.0012 441 -32 508 457
pottedplant 0.0017 79 66 168 295
diningtable 0.1345 39 159 302 422
diningtable 0.0218 33 220 334 286
diningtable 0.0083 83 231 272 264
diningtable 0.0037 82 188 282 284
diningtable 0.0022 6 153 164 423
diningtable 0.0020 80 78 256 331
tvmonitor 0.1311 138 130 205 208
tvmonitor 0.0069 150 144 198 195
