person 0.9992 -8 85 440 314
person 0.0027 155 63 367 347
person 0.0014 297 116 349 225
person 0.0013 434 74 459 103
person 0.0012 302 117 341 171
person 0.0011 90 -45 251 358
person 0.0010 287 117 322 174
bicycle 0.0010 43 96 161 368
bird 0.0026 43 96 161 368
cat 0.0667 155 63 367 347
cat 0.0426 165 60 290 220
cat 0.0018 37 100 449 303
cat 0.0018 189 78 257 200
cat 0.0011 177 133 367 284
dog 0.0015 155 63 367 347
dog 0.0012 171 63 293 218
bottle 0.0125 238 142 270 190
bottle 0.0015 191 92 219 184
bottle 0.0011 43 96 161 368
chair 0.5260 -39 139 460 313
chair 0.2747 37 -3 221 491
chair 0.2683 43 96 161 368
chair 0.0193 33 108 310 426
chair 0.0075 318 247 508 358
chair 0.0066 472 120 504 339
chair 0.0065 77 141 118 211
chair 0.0055 -40 260 171 350
chair 0.0050 426 135 510 363
chair 0.0044 0 101 268 309
chair 0.0042 91 52 399 351
chair 0.0039 50 115 119 301
chair 0.0039 94 169 147 330
chair 0.0035 -10 278 78 341
chair 0.0031 -4 160 24 374
chair 0.0021 57 129 127 222
chair 0.0019 -18 129 136 426
chair 0.0016 407 239 529 361
chair 0.0015 28 128 224 252
chair 0.0012 238 20 392 232
chair 0.0011 444 227 510 351
chair 0.0011 490 141 501 325
chair 0.0010 333 291 420 337
chair 0.0010 -1 207 10 356
chair 0.0010 350 144 519 409
diningtable 0.0010 155 63 367 347
tvmonitor 0.9927 235 -79 396 319
tvmonitor 0.1552 239 20 388 220
tvmonitor 0.0295 398 0 512 225
tvmonitor 0.0039 43 101 162 383
tvmonitor 0.0037 490 -22 502 85
tvmonitor 0.0027 174 53 469 201
tvmonitor 0.0025 376 -96 520 335
tvmonitor 0.0021 496 -8 500 71
