person 0.9996 174 88 396 268
person 0.9995 199 -147 370 494
person 0.9995 273 110 519 325
person 0.9927 -18 -6 115 320
person 0.9908 -44 60 150 258
person 0.9772 209 25 348 324
person 0.9698 -24 -144 132 449
person 0.5934 457 -11 509 481
person 0.0141 308 -36 494 475
person 0.0100 476 18 503 263
person 0.0085 75 175 485 378
person 0.0059 -32 229 595 362
person 0.0030 -3 227 14 310
person 0.0029 434 -16 511 292
person 0.0028 -13 137 71 408
person 0.0023 0 242 9 280
person 0.0023 -5 176 27 370
person 0.0018 427 49 466 189
person 0.0014 472 31 504 438
person 0.0014 347 148 539 365
person 0.0013 166 201 190 225
person 0.0012 402 100 504 446
person 0.0011 -7 37 37 472
bird 0.0022 142 307 162 324
bottle 0.8759 427 49 466 189
bottle 0.3339 392 62 421 150
bottle 0.0569 96 276 118 354
bottle 0.0456 375 61 426 172
bottle 0.0240 442 64 469 164
bottle 0.0200 218 215 246 321
bottle 0.0135 403 73 416 101
bottle 0.0110 476 18 503 263
bottle 0.0105 369 -52 498 243
bottle 0.0095 307 -155 519 303
bottle 0.0092 450 86 479 147
bottle 0.0087 335 65 389 130
bottle 0.0079 444 80 507 199
bottle 0.0045 456 94 474 137
bottle 0.0038 486 73 501 178
bottle 0.0038 471 101 506 207
bottle 0.0021 495 89 500 140
bottle 0.0018 404 117 444 167
bottle 0.0017 415 49 526 197
bottle 0.0016 494 103 500 165
bottle 0.0015 397 125 417 159
bottle 0.0014 386 92 408 119
bottle 0.0014 372 82 410 134
bottle 0.0013 469 69 500 141
bottle 0.0012 241 96 513 305
bottle 0.0012 489 3 501 150
bottle 0.0011 470 90 507 159
bottle 0.0011 447 76 460 115
bottle 0.0011 342 8 535 197
chair 0.0318 341 184 355 222
chair 0.0146 339 170 357 273
chair 0.0144 327 170 359 233
chair 0.0097 444 80 507 199
chair 0.0082 318 149 360 284
chair 0.0067 452 237 483 297
chair 0.0051 -17 -10 111 356
chair 0.0041 179 -87 353 438
chair 0.0039 376 135 517 299
chair 0.0038 283 110 345 175
chair 0.0029 476 18 503 263
chair 0.0029 213 47 349 336
chair 0.0019 450 86 479 147
chair 0.0015 292 119 333 166
chair 0.0013 469 97 508 172
chair 0.0012 376 69 528 213
chair 0.0011 214 200 234 225
chair 0.0010 311 127 333 160
chair 0.0010 43 87 91 229
chair 0.0010 483 86 502 181
sofa 0.0010 -17 -10 111 356
diningtable 0.9850 10 205 433 374
diningtable 0.0048 221 229 287 418
diningtable 0.0046 352 97 521 222
diningtable 0.0044 300 -22 499 411
diningtable 0.0021 269 95 523 309
diningtable 0.0017 111 227 604 367
diningtable 0.0015 350 203 510 464
diningtable 0.0013 202 227 520 445
diningtable 0.0012 103 128 466 494
