person 0.9996 99 107 264 358
person 0.9992 246 85 408 357
person 0.9990 182 92 338 355
person 0.9701 114 -1 244 446
person 0.8947 271 -6 391 445
person 0.4087 212 4 327 455
person 0.0055 116 95 401 300
person 0.0020 158 73 240 392
person 0.0012 161 137 231 227
person 0.0010 124 19 176 141
train 0.0118 -19 -44 122 147
cat 0.0024 -20 -141 132 243
bottle 0.4237 460 192 486 249
bottle 0.2434 478 202 496 239
bottle 0.1976 494 198 501 243
bottle 0.0542 473 194 502 246
bottle 0.0510 426 188 443 217
bottle 0.0497 417 182 453 237
bottle 0.0392 456 201 474 226
bottle 0.0297 487 183 502 255
bottle 0.0218 464 212 482 242
bottle 0.0138 425 197 448 224
bottle 0.0132 420 192 438 225
bottle 0.0095 439 176 480 223
bottle 0.0075 270 270 285 289
bottle 0.0072 208 178 220 203
bottle 0.0066 218 176 230 202
bottle 0.0063 210 161 236 245
bottle 0.0033 469 195 483 228
bottle 0.0032 406 176 464 244
bottle 0.0026 439 187 450 217
bottle 0.0024 199 175 219 206
bottle 0.0020 388 196 403 222
bottle 0.0018 418 217 436 244
bottle 0.0017 439 200 453 222
bottle 0.0014 420 205 438 236
bottle 0.0014 372 201 384 223
bottle 0.0012 423 208 450 231
bottle 0.0012 433 165 492 236
bottle 0.0011 471 183 481 222
bottle 0.0010 451 188 517 253
chair 0.0019 218 176 230 202
chair 0.0015 251 234 311 392
chair 0.0013 199 175 219 206
sofa 0.0027 147 144 369 364
pottedplant 0.7745 363 165 399 234
pottedplant 0.1251 439 58 490 253
pottedplant 0.0528 352 151 422 248
pottedplant 0.0098 432 167 486 232
pottedplant 0.0078 321 112 343 133
pottedplant 0.0048 372 201 384 223
pottedplant 0.0027 358 183 418 238
pottedplant 0.0024 433 76 498 155
pottedplant 0.0024 426 188 443 217
pottedplant 0.0023 418 182 453 227
pottedplant 0.0022 370 184 390 221
pottedplant 0.0021 319 136 432 261
pottedplant 0.0018 487 176 502 251
pottedplant 0.0016 456 201 474 226
pottedplant 0.0015 227 78 423 323
pottedplant 0.0014 445 83 485 148
pottedplant 0.0011 331 154 496 244
pottedplant 0.0010 494 198 501 243
pottedplant 0.0010 371 188 408 231
diningtable 0.0022 147 144 369 364
diningtable 0.0011 221 140 433 372
tvmonitor 0.0087 -19 -44 122 147
tvmonitor 0.0056 -20 -141 132 243
tvmonitor 0.0030 -8 129 137 417
