person 0.9953 203 25 368 268
person 0.9925 221 -67 350 352
person 0.9692 116 59 209 263
person 0.9532 395 47 480 226
person 0.2625 159 130 235 216
person 0.0802 240 249 308 308
person 0.0476 141 111 252 241
person 0.0398 0 159 4 225
person 0.0291 208 154 226 186
person 0.0241 -2 146 9 236
person 0.0215 177 137 220 206
person 0.0204 185 139 207 163
person 0.0191 254 256 292 302
person 0.0184 281 262 305 294
person 0.0166 41 188 61 212
person 0.0125 272 262 296 294
person 0.0119 231 233 287 346
person 0.0112 275 257 311 300
person 0.0104 267 249 336 308
person 0.0102 143 74 425 294
person 0.0096 18 187 46 211
person 0.0090 213 157 231 183
person 0.0086 260 262 287 293
person 0.0068 92 64 234 189
person 0.0059 215 221 342 334
person 0.0057 -15 177 64 223
person 0.0055 32 191 55 210
person 0.0053 373 105 391 139
person 0.0050 199 149 231 193
person 0.0046 291 260 314 295
person 0.0036 56 161 114 279
person 0.0032 0 183 3 237
person 0.0028 -1 130 7 291
person 0.0024 196 154 220 189
person 0.0022 21 26 251 339
person 0.0022 252 260 277 294
person 0.0022 422 125 474 306
person 0.0021 0 150 5 197
person 0.0021 178 131 214 178
person 0.0019 180 128 198 161
person 0.0016 165 147 205 217
person 0.0013 409 211 443 265
person 0.0012 400 59 496 335
person 0.0011 36 162 64 222
person 0.0011 1 146 139 293
person 0.0011 152 84 216 233
person 0.0010 495 134 499 191
person 0.0010 461 89 492 162
person 0.0010 21 171 102 234
person 0.0010 365 94 397 172
bicycle 0.0017 0 179 4 222
car 0.0893 -28 158 93 311
car 0.0376 352 4 519 466
car 0.0175 -8 171 64 299
car 0.0139 0 179 4 222
car 0.0090 36 121 493 356
car 0.0043 -2 146 9 236
car 0.0030 -26 192 89 232
car 0.0017 -4 120 23 317
car 0.0016 0 159 4 208
car 0.0016 -15 177 64 223
car 0.0015 -1 130 7 291
car 0.0015 -30 225 97 366
car 0.0014 321 138 549 335
car 0.0013 -9 69 136 459
car 0.0010 21 168 75 306
motorbike 0.0037 0 179 4 222
bus 0.0508 59 26 275 269
bus 0.0017 -13 114 74 322
bus 0.0014 202 19 371 232
boat 0.0046 59 26 275 269
horse 0.9971 63 126 489 371
horse 0.6263 349 -8 523 515
horse 0.6222 322 159 547 348
horse 0.2026 396 115 513 356
horse 0.1508 357 98 463 377
horse 0.0545 114 47 210 299
horse 0.0241 105 132 186 376
horse 0.0208 21 146 119 331
horse 0.0129 56 161 114 279
horse 0.0113 115 112 175 286
horse 0.0096 141 111 252 241
horse 0.0082 471 124 504 384
horse 0.0073 443 138 506 330
horse 0.0064 382 136 443 296
horse 0.0047 140 115 223 391
horse 0.0046 99 194 151 347
horse 0.0039 -11 154 75 356
horse 0.0032 55 130 153 347
horse 0.0031 143 74 425 294
horse 0.0026 403 37 488 312
horse 0.0025 422 125 474 306
horse 0.0024 151 134 228 228
horse 0.0024 -2 91 189 433
horse 0.0024 312 98 398 407
horse 0.0023 25 176 75 332
horse 0.0019 364 143 413 364
horse 0.0017 340 110 526 238
horse 0.0016 97 142 149 291
horse 0.0015 200 220 323 360
horse 0.0014 -47 136 309 309
horse 0.0014 76 155 134 283
horse 0.0014 21 26 251 339
horse 0.0013 76 182 209 362
horse 0.0012 75 180 111 240
horse 0.0012 163 150 196 216
horse 0.0011 493 142 501 357
horse 0.0011 409 211 443 265
horse 0.0010 21 171 102 234
cow 0.0042 349 -8 523 515
cow 0.0013 396 115 513 356
cow 0.0013 322 159 547 348
cow 0.0012 357 98 463 377
chair 0.0072 207 228 349 357
chair 0.0021 267 249 336 308
chair 0.0019 273 241 325 343
chair 0.0014 287 237 347 352
