person 0.9096 75 92 219 266
person 0.7247 360 -96 518 447
person 0.4219 358 43 513 310
person 0.3849 146 102 299 281
person 0.0062 -6 103 29 251
person 0.0062 -2 121 16 209
person 0.0053 106 110 186 248
person 0.0040 -8 134 31 205
person 0.0038 23 213 472 371
person 0.0036 29 46 236 328
person 0.0024 431 18 510 304
person 0.0023 102 79 329 369
person 0.0022 -36 100 101 257
person 0.0020 -4 85 22 346
person 0.0020 0 122 4 220
person 0.0019 480 9 503 346
person 0.0015 -3 136 13 248
person 0.0013 491 127 501 314
person 0.0011 185 125 252 243
person 0.0010 176 213 305 326
person 0.0010 226 231 375 346
car 0.0017 28 162 467 376
train 0.0132 42 107 449 357
bottle 0.0378 489 6 503 90
bottle 0.0307 176 213 305 326
bottle 0.0238 28 162 467 376
bottle 0.0231 79 213 246 293
bottle 0.0177 241 229 392 354
bottle 0.0136 493 14 500 83
bottle 0.0113 -25 302 153 408
bottle 0.0069 218 238 269 386
bottle 0.0064 160 230 251 303
bottle 0.0055 211 216 269 324
bottle 0.0050 307 247 439 371
bottle 0.0049 178 188 267 397
bottle 0.0049 218 255 290 319
bottle 0.0037 208 215 351 341
bottle 0.0028 156 188 185 251
bottle 0.0023 185 248 268 306
bottle 0.0022 -30 165 203 265
bottle 0.0021 246 250 341 323
bottle 0.0019 233 235 273 301
bottle 0.0019 220 226 306 310
bottle 0.0016 252 222 305 402
bottle 0.0015 171 209 237 373
bottle 0.0012 194 201 252 311
bottle 0.0011 -20 311 65 403
bottle 0.0010 29 204 97 255
chair 0.0280 357 -79 522 408
sofa 0.0131 28 162 467 376
sofa 0.0059 357 -79 522 408
diningtable 0.0067 23 213 472 371
tvmonitor 0.0011 -7 126 30 203
tvmonitor 0.0010 -2 128 15 214
