person 0.0354 208 100 568 274
person 0.0117 219 11 437 230
person 0.0092 235 61 435 171
person 0.0081 -14 -56 99 247
person 0.0074 15 19 267 259
person 0.0030 81 81 473 364
person 0.0028 430 156 511 430
person 0.0012 464 15 505 493
person 0.0012 67 27 433 260
bird 0.0047 -7 45 220 198
bird 0.0047 56 20 285 266
bird 0.0042 163 67 321 205
bird 0.0031 204 100 243 150
bird 0.0029 21 73 146 188
bird 0.0011 196 91 252 159
cat 0.2246 56 20 285 266
cat 0.0224 -7 45 220 198
cat 0.0154 143 110 529 271
cat 0.0081 15 69 154 184
cat 0.0075 103 30 471 251
cat 0.0056 240 62 430 149
cat 0.0039 219 33 434 398
cat 0.0027 163 67 321 205
cat 0.0024 311 60 468 170
cat 0.0010 48 86 458 372
dog 0.9928 143 105 591 274
dog 0.1098 192 -17 458 414
dog 0.0749 56 20 285 266
dog 0.0091 -7 45 220 198
dog 0.0077 48 86 458 372
dog 0.0077 103 30 471 251
dog 0.0054 235 61 435 171
dog 0.0037 15 69 154 184
dog 0.0015 265 8 526 366
dog 0.0013 268 65 373 149
dog 0.0011 118 149 616 360
sheep 0.0081 56 20 285 266
sheep 0.0012 48 86 458 372
cow 0.0071 56 20 285 266
bottle 0.0041 471 57 506 118
bottle 0.0010 490 34 501 62
chair 0.1603 -14 -46 98 208
chair 0.0064 430 156 511 430
chair 0.0052 162 -73 321 220
chair 0.0047 254 22 445 130
chair 0.0043 208 100 568 274
chair 0.0031 48 86 458 372
sofa 0.7720 -14 -46 98 208
sofa 0.0502 48 86 458 372
sofa 0.0187 430 156 511 430
sofa 0.0037 208 100 568 274
sofa 0.0036 -24 -94 137 305
sofa 0.0013 118 149 616 360
sofa 0.0011 464 15 505 493
sofa 0.0011 103 30 471 251
sofa 0.0010 398 54 517 457
diningtable 0.0927 48 86 458 372
diningtable 0.0038 430 192 511 422
diningtable 0.0018 103 30 471 251
tvmonitor 0.0138 468 -34 504 122
tvmonitor 0.0067 297 -6 362 53
tvmonitor 0.0047 262 -30 421 80
tvmonitor 0.0040 482 -6 504 81
tvmonitor 0.0029 246 2 452 130
tvmonitor 0.0023 270 -89 414 176
tvmonitor 0.0016 492 15 501 41
tvmonitor 0.0010 492 27 501 51
