person 0.2007 100 18 456 372
car 0.0481 43 13 453 375
motorbike 0.0060 3 -5 438 385
boat 0.0084 100 18 456 372
cat 0.0204 3 -5 438 385
cat 0.0025 178 67 479 379
cat 0.0011 -64 22 259 359
dog 0.9215 60 46 443 382
dog 0.0062 9 -17 270 400
dog 0.0045 140 95 577 365
cow 0.0013 2 -9 355 392
chair 0.2648 178 67 479 379
chair 0.0245 3 -5 438 385
chair 0.0070 107 157 567 363
chair 0.0030 433 54 511 456
sofa 0.2467 178 67 479 379
sofa 0.0692 33 -3 454 326
sofa 0.0069 107 157 567 363
sofa 0.0036 433 54 511 456
sofa 0.0018 358 100 539 367
diningtable 0.0062 433 54 511 456
