person 0.9475 375 41 441 344
person 0.8178 477 61 503 268
person 0.0874 488 70 502 254
person 0.0725 362 74 499 328
person 0.0497 456 145 473 173
person 0.0300 -15 110 87 303
person 0.0134 226 111 237 134
person 0.0112 472 96 498 209
person 0.0111 495 93 500 138
person 0.0111 0 152 5 191
person 0.0064 385 69 435 266
person 0.0043 -3 128 11 237
person 0.0042 449 130 479 177
person 0.0037 -4 104 27 304
person 0.0036 248 115 255 133
person 0.0036 490 45 501 163
person 0.0033 494 111 500 157
person 0.0031 106 149 462 277
person 0.0030 450 113 491 254
person 0.0030 192 117 215 132
person 0.0027 496 59 500 131
person 0.0021 382 88 414 175
person 0.0018 491 119 501 166
person 0.0016 496 110 499 232
person 0.0014 452 147 467 174
person 0.0014 483 23 503 380
person 0.0012 8 148 40 171
person 0.0012 473 79 497 148
person 0.0012 292 90 380 325
person 0.0011 494 125 499 180
person 0.0010 0 120 2 187
car 0.0183 31 35 191 381
car 0.0173 184 115 215 133
car 0.0149 -12 29 112 385
car 0.0032 304 11 513 394
car 0.0013 -3 128 11 237
car 0.0011 312 110 511 222
car 0.0010 0 152 5 191
motorbike 0.0043 0 152 5 191
motorbike 0.0022 -3 128 11 237
motorbike 0.0017 154 0 415 441
motorbike 0.0012 304 11 513 394
bus 0.0020 144 3 522 233
train 0.0015 342 -9 527 234
train 0.0010 355 28 549 152
dog 0.0022 290 203 371 298
dog 0.0012 -15 110 87 303
dog 0.0011 56 101 185 313
horse 0.0537 477 61 503 268
horse 0.0464 358 11 500 391
horse 0.0377 -15 110 87 303
horse 0.0094 488 113 503 247
horse 0.0045 -3 132 12 249
horse 0.0033 56 101 185 313
horse 0.0033 -4 104 27 304
horse 0.0032 407 102 497 305
horse 0.0018 -12 29 112 385
horse 0.0014 0 152 5 191
horse 0.0012 423 115 484 259
sheep 0.0044 -12 125 98 308
sheep 0.0015 56 101 185 313
sheep 0.0010 304 11 513 394
cow 0.9905 50 24 203 394
cow 0.9868 112 153 458 292
cow 0.9063 154 0 415 441
cow 0.8963 -11 112 96 306
cow 0.6519 56 101 185 313
cow 0.6299 304 11 513 394
cow 0.1550 118 93 208 315
cow 0.1236 362 74 499 328
cow 0.0947 -12 29 112 385
cow 0.0263 44 108 94 309
cow 0.0216 478 69 504 294
cow 0.0215 -3 132 12 249
cow 0.0193 340 112 403 258
cow 0.0107 -4 104 27 304
cow 0.0092 364 40 439 342
cow 0.0074 247 134 561 269
cow 0.0067 423 115 484 259
cow 0.0062 0 151 5 211
cow 0.0056 290 203 371 298
cow 0.0053 179 132 256 193
cow 0.0043 309 100 433 265
cow 0.0038 -1 119 8 300
cow 0.0032 -5 108 52 269
cow 0.0031 154 103 284 260
cow 0.0030 450 113 491 254
cow 0.0028 56 118 107 261
cow 0.0025 134 141 192 301
cow 0.0024 183 118 253 247
cow 0.0022 71 112 137 300
cow 0.0021 488 113 503 247
cow 0.0020 188 151 222 211
cow 0.0016 172 161 202 244
cow 0.0015 155 119 198 288
cow 0.0015 80 189 159 274
cow 0.0011 390 105 515 265
cow 0.0011 292 90 380 325
cow 0.0011 0 148 3 252
cow 0.0010 301 211 342 287
chair 0.0059 488 113 503 247
