person 0.9436 251 93 398 371
person 0.6968 369 43 516 405
person 0.2795 384 109 485 328
person 0.1594 345 169 396 307
person 0.1354 351 184 382 259
person 0.0885 267 143 392 304
person 0.0374 312 148 448 330
person 0.0362 273 200 305 283
person 0.0288 406 161 465 314
person 0.0191 358 163 425 317
person 0.0179 404 174 529 327
person 0.0158 158 67 221 240
person 0.0107 446 180 507 300
person 0.0060 234 182 277 297
person 0.0043 281 214 298 245
person 0.0037 233 203 264 282
person 0.0032 491 159 501 302
person 0.0029 391 140 438 294
person 0.0026 355 204 370 236
person 0.0024 476 106 503 330
person 0.0024 454 208 478 234
person 0.0022 467 181 504 364
person 0.0022 430 158 510 383
person 0.0021 496 193 500 268
person 0.0019 410 182 449 262
person 0.0017 345 183 480 325
person 0.0016 431 195 505 247
person 0.0015 144 43 226 344
person 0.0014 343 196 379 284
person 0.0012 405 216 485 305
car 0.0051 240 144 406 317
car 0.0015 369 43 516 405
car 0.0010 321 141 458 337
bus 0.0010 369 43 516 405
bird 0.1423 167 65 222 243
bird 0.0122 123 59 245 230
bird 0.0050 128 142 190 198
bird 0.0016 154 108 182 181
bird 0.0013 165 108 187 179
bird 0.0010 138 93 190 222
cat 0.0010 166 75 223 215
dog 0.0057 166 75 223 215
horse 0.0012 369 43 516 405
sheep 0.0026 166 75 223 215
cow 0.0012 166 75 223 215
bottle 0.6070 232 205 265 290
bottle 0.0368 274 204 299 289
bottle 0.0129 250 205 273 296
bottle 0.0044 224 247 240 271
bottle 0.0040 307 219 336 283
bottle 0.0024 366 200 423 310
bottle 0.0015 239 217 254 244
bottle 0.0014 237 222 256 256
bottle 0.0014 223 251 236 267
bottle 0.0012 400 241 437 297
bottle 0.0011 277 224 292 274
bottle 0.0010 421 223 451 298
chair 0.0884 240 144 406 317
chair 0.0206 382 164 529 336
chair 0.0154 444 184 509 317
chair 0.0112 410 195 465 305
chair 0.0051 208 208 433 297
chair 0.0049 408 229 446 291
chair 0.0033 421 223 451 298
chair 0.0020 466 209 508 288
chair 0.0015 400 218 437 282
chair 0.0014 467 181 504 364
chair 0.0013 466 256 506 408
chair 0.0012 430 158 510 383
chair 0.0012 450 198 484 282
diningtable 0.0067 -25 188 536 471
diningtable 0.0013 470 195 504 387
