person 0.9971 -35 52 293 306
person 0.2529 29 199 43 230
person 0.2117 42 194 72 251
person 0.1349 22 195 53 249
person 0.1098 39 200 52 234
person 0.1024 29 201 40 219
person 0.0850 19 201 31 219
person 0.0751 47 207 66 243
person 0.0718 1 186 16 222
person 0.0442 -20 183 68 269
person 0.0291 52 199 70 234
person 0.0257 35 189 58 248
person 0.0168 26 74 335 425
person 0.0094 8 199 23 220
person 0.0091 -3 173 19 226
person 0.0069 40 157 73 238
person 0.0061 41 197 51 219
person 0.0049 48 181 75 289
person 0.0037 48 191 64 225
person 0.0032 11 190 46 244
person 0.0028 27 186 84 260
person 0.0028 28 222 46 241
person 0.0012 33 133 73 271
person 0.0011 42 165 82 309
person 0.0011 11 -19 214 429
person 0.0011 36 222 51 241
person 0.0010 49 171 66 190
person 0.0010 47 168 68 203
car 0.0196 -20 183 68 269
motorbike 0.0026 4 35 314 405
horse 0.9986 4 66 313 435
horse 0.6628 -89 154 397 405
horse 0.1278 -20 183 68 269
horse 0.0020 22 195 53 249
horse 0.0018 182 101 362 402
horse 0.0014 153 149 319 501
cow 0.0419 -22 171 72 296
cow 0.0026 1 58 266 438
pottedplant 0.0010 40 157 73 238
