person 0.9990 12 178 302 366
person 0.9975 114 148 450 356
person 0.9490 182 74 527 269
person 0.8856 129 -68 291 313
person 0.8824 242 1 325 90
person 0.5436 332 -13 488 152
person 0.1850 312 -67 493 286
person 0.1329 299 6 403 191
person 0.0946 51 26 238 516
person 0.0936 247 17 279 74
person 0.0412 -10 242 75 411
person 0.0347 235 -68 424 426
person 0.0226 262 13 309 78
person 0.0223 76 75 429 246
person 0.0197 -10 100 76 449
person 0.0074 300 15 378 115
person 0.0061 -39 161 143 372
person 0.0053 473 -32 503 197
person 0.0051 253 26 274 68
person 0.0051 152 49 578 183
person 0.0049 320 28 386 170
person 0.0045 380 5 452 130
person 0.0038 242 20 361 331
person 0.0021 434 -19 510 222
person 0.0016 219 7 414 118
person 0.0016 235 7 292 85
person 0.0015 319 28 360 103
person 0.0013 68 53 142 195
person 0.0011 430 56 509 375
person 0.0011 -43 129 385 329
person 0.0010 365 40 433 115
person 0.0010 369 21 431 77
person 0.0010 -3 -13 35 522
person 0.0010 445 31 509 169
cat 0.0012 61 125 145 205
cat 0.0010 32 113 172 237
bottle 0.7303 418 129 444 221
bottle 0.1651 133 135 150 177
bottle 0.0843 125 126 153 184
bottle 0.0397 82 137 97 167
bottle 0.0397 431 137 460 206
bottle 0.0318 46 149 73 215
bottle 0.0191 332 295 391 358
bottle 0.0164 471 115 495 175
bottle 0.0136 77 133 91 158
bottle 0.0084 13 135 86 227
bottle 0.0046 152 247 183 333
bottle 0.0046 73 135 95 166
bottle 0.0043 435 166 453 201
bottle 0.0039 62 238 114 353
bottle 0.0039 279 275 292 298
bottle 0.0035 292 51 419 185
bottle 0.0034 426 146 441 179
bottle 0.0030 164 264 188 334
bottle 0.0030 63 144 95 200
bottle 0.0030 75 123 102 181
bottle 0.0026 64 156 80 194
bottle 0.0022 279 274 290 290
bottle 0.0022 72 153 88 177
bottle 0.0014 143 297 159 321
bottle 0.0013 455 116 492 184
bottle 0.0013 421 160 438 208
bottle 0.0013 119 143 134 179
bottle 0.0011 491 156 500 189
bottle 0.0011 82 145 99 176
bottle 0.0011 422 120 470 230
bottle 0.0010 159 258 176 295
bottle 0.0010 45 125 113 180
chair 0.1423 -11 135 79 452
chair 0.0396 38 98 244 500
chair 0.0341 -3 196 300 375
chair 0.0172 -12 240 68 416
chair 0.0147 79 71 495 248
chair 0.0116 121 -77 303 350
chair 0.0047 91 121 431 330
chair 0.0042 -15 78 105 316
chair 0.0041 227 -105 442 403
chair 0.0040 310 -13 488 166
chair 0.0040 445 6 508 156
chair 0.0037 -39 161 143 372
chair 0.0027 -42 225 128 435
chair 0.0024 -4 137 21 448
chair 0.0024 473 -32 503 197
chair 0.0022 393 135 517 384
chair 0.0016 329 47 392 107
chair 0.0014 -18 91 140 523
chair 0.0013 442 65 511 129
chair 0.0013 451 22 513 96
chair 0.0013 -7 43 211 401
chair 0.0013 -6 148 57 326
chair 0.0012 334 27 403 90
chair 0.0012 -1 171 7 347
chair 0.0011 146 -18 427 311
chair 0.0010 60 251 117 367
sofa 0.6606 186 67 488 259
sofa 0.2447 91 121 431 330
sofa 0.1654 4 199 315 372
sofa 0.1633 -11 135 79 452
sofa 0.1629 121 -77 303 350
sofa 0.1433 64 86 364 276
sofa 0.0659 227 -105 442 403
sofa 0.0505 38 98 244 500
sofa 0.0409 139 -39 449 262
sofa 0.0133 152 49 578 183
sofa 0.0121 312 -67 493 286
sofa 0.0047 -75 133 339 323
sofa 0.0044 310 -13 488 166
sofa 0.0043 -12 240 68 416
sofa 0.0030 394 96 515 377
sofa 0.0027 -39 161 143 372
sofa 0.0027 -4 137 21 448
sofa 0.0027 163 18 360 186
sofa 0.0024 153 19 355 416
sofa 0.0021 -15 78 105 316
sofa 0.0019 186 179 393 451
sofa 0.0013 282 11 420 123
sofa 0.0011 -18 91 140 523
sofa 0.0011 -89 225 512 365
sofa 0.0010 475 -15 504 215
sofa 0.0010 -7 43 211 401
sofa 0.0010 -4 26 37 520
sofa 0.0010 -42 225 128 435
diningtable 0.0188 394 96 515 377
diningtable 0.0147 414 128 526 259
diningtable 0.0130 -17 100 104 413
diningtable 0.0096 -7 43 211 401
diningtable 0.0056 -27 143 128 293
diningtable 0.0056 -10 242 75 411
diningtable 0.0051 -75 133 339 323
diningtable 0.0014 423 58 514 299
diningtable 0.0011 443 123 505 235
diningtable 0.0010 352 -10 515 300
diningtable 0.0010 69 116 221 234
tvmonitor 0.0145 -4 -62 29 223
