person 0.4173 61 89 145 177
person 0.1932 107 111 127 133
person 0.0222 99 103 134 144
person 0.0026 44 71 163 234
person 0.0024 117 146 183 209
person 0.0019 465 133 509 204
person 0.0017 491 156 501 187
person 0.0017 85 95 150 152
person 0.0017 75 112 110 171
person 0.0011 129 157 168 197
person 0.0010 127 58 146 86
bicycle 0.0098 -14 125 83 212
bicycle 0.0036 77 120 111 204
bicycle 0.0023 160 101 386 244
car 0.9911 -37 73 482 276
car 0.8038 55 28 378 326
car 0.0083 98 54 466 221
car 0.0050 459 119 508 237
car 0.0034 -85 151 499 314
car 0.0010 82 -22 263 307
motorbike 0.0018 459 119 508 237
bus 0.0207 -30 64 480 217
train 0.0095 -30 64 480 217
boat 0.0020 55 28 378 326
boat 0.0011 -30 64 480 217
dog 0.0063 160 101 386 244
dog 0.0015 117 146 183 209
chair 0.0319 459 119 508 237
chair 0.0195 426 109 475 238
chair 0.0165 467 131 509 196
chair 0.0093 438 131 472 211
chair 0.0074 -14 125 83 212
chair 0.0071 412 108 458 233
chair 0.0068 491 156 501 187
chair 0.0039 404 130 435 210
chair 0.0026 409 100 530 256
chair 0.0026 423 120 451 221
chair 0.0020 461 137 493 200
chair 0.0020 491 132 499 193
chair 0.0018 431 155 463 222
chair 0.0015 63 98 140 179
chair 0.0014 485 131 503 229
chair 0.0013 443 158 465 181
diningtable 0.0047 467 131 509 196
diningtable 0.0012 426 109 475 238
diningtable 0.0011 453 124 514 215
