person 0.9958 294 43 383 396
person 0.9193 57 161 158 344
person 0.6201 48 80 168 424
person 0.5272 245 95 307 213
person 0.1373 219 79 331 228
person 0.0409 347 108 393 291
person 0.0346 -3 100 20 449
person 0.0269 333 119 370 185
person 0.0225 324 92 380 226
person 0.0151 351 141 387 208
person 0.0125 245 90 344 344
person 0.0123 216 135 442 307
person 0.0115 261 103 303 187
person 0.0071 135 78 268 364
person 0.0070 -5 8 32 500
person 0.0063 341 93 380 336
person 0.0063 209 96 274 252
person 0.0032 344 135 353 149
person 0.0021 225 102 306 171
person 0.0021 -1 142 6 377
person 0.0021 -3 258 14 415
person 0.0021 295 116 341 319
person 0.0016 -10 60 62 450
person 0.0015 287 132 321 193
person 0.0014 67 12 210 373
person 0.0013 102 -24 272 484
person 0.0011 9 135 268 311
person 0.0010 -1 -69 13 463
bicycle 0.0248 -4 179 22 442
bicycle 0.0101 131 53 273 446
bicycle 0.0049 228 42 423 415
bicycle 0.0016 269 139 436 331
bicycle 0.0014 -11 162 62 424
bicycle 0.0014 347 164 404 307
bicycle 0.0011 289 119 391 383
bicycle 0.0010 48 80 168 424
car 0.0191 -4 179 22 442
car 0.0033 228 42 423 415
car 0.0013 135 78 268 364
car 0.0010 -2 21 16 451
motorbike 0.9903 121 -32 281 497
motorbike 0.8337 134 123 270 371
motorbike 0.7691 217 95 336 339
motorbike 0.2492 228 42 423 415
motorbike 0.1783 52 102 190 368
motorbike 0.1685 83 143 326 306
motorbike 0.0971 174 8 336 436
motorbike 0.0870 345 103 398 327
motorbike 0.0837 309 68 392 395
motorbike 0.0421 50 -23 202 483
motorbike 0.0345 216 135 442 307
motorbike 0.0235 -4 139 22 447
motorbike 0.0170 292 162 343 318
motorbike 0.0152 92 106 195 292
motorbike 0.0123 111 152 179 283
motorbike 0.0062 99 24 250 356
motorbike 0.0038 -11 98 62 448
motorbike 0.0034 277 106 357 362
motorbike 0.0033 138 106 265 223
motorbike 0.0024 271 145 326 324
motorbike 0.0020 239 152 313 317
motorbike 0.0015 195 86 284 350
motorbike 0.0013 -3 199 55 348
motorbike 0.0010 -5 8 32 500
dog 0.0134 215 107 270 207
dog 0.0072 54 134 164 347
dog 0.0045 196 83 324 227
dog 0.0044 138 106 265 223
dog 0.0041 77 107 214 223
dog 0.0020 233 98 297 217
dog 0.0014 -4 233 22 424
dog 0.0013 46 34 174 444
horse 0.0160 -4 179 22 442
horse 0.0019 -5 8 32 500
horse 0.0016 48 80 168 424
horse 0.0015 -2 21 16 451
horse 0.0013 131 53 273 446
cow 0.0014 -4 179 22 442
