person 0.9970 73 -1 424 346
person 0.8828 -43 132 158 329
person 0.7223 -18 59 111 376
person 0.6504 -20 -57 137 492
person 0.5245 166 67 280 251
person 0.5075 146 -15 301 343
person 0.1530 -4 144 17 239
person 0.0854 -4 78 18 353
person 0.0208 -2 129 12 289
person 0.0109 -22 94 522 311
person 0.0094 -10 133 74 373
person 0.0080 207 78 273 201
person 0.0037 -6 41 33 427
person 0.0028 0 115 7 344
person 0.0027 0 150 6 231
person 0.0019 411 121 465 311
person 0.0019 48 150 438 333
person 0.0017 394 39 474 352
person 0.0011 -96 176 524 401
person 0.0011 -1 67 9 259
person 0.0010 68 34 506 226
car 0.0035 42 5 402 333
motorbike 0.0078 39 55 400 335
motorbike 0.0010 -105 178 604 323
bird 0.7309 166 67 280 251
bird 0.6320 221 212 449 344
bird 0.5200 339 175 416 325
bird 0.4928 -19 -7 139 495
bird 0.4537 146 -15 301 343
bird 0.4298 248 134 427 416
bird 0.3728 -43 132 158 329
bird 0.1905 -17 86 112 380
bird 0.0955 39 55 400 335
bird 0.0073 -17 158 515 412
bird 0.0060 318 152 458 345
bird 0.0049 232 96 293 216
bird 0.0049 -105 178 604 323
bird 0.0040 174 106 233 246
bird 0.0037 207 87 274 226
bird 0.0033 61 162 115 261
bird 0.0020 -27 114 210 444
bird 0.0015 28 149 142 276
bird 0.0014 -11 171 77 372
bird 0.0010 4 189 127 381
cat 0.0017 166 67 280 251
cat 0.0012 -17 105 134 448
dog 0.0072 -19 -7 139 495
dog 0.0046 166 67 280 251
dog 0.0037 -17 86 112 380
dog 0.0019 -43 132 158 329
bottle 0.0115 105 146 134 238
bottle 0.0015 99 131 141 266
chair 0.0038 -17 105 134 448
chair 0.0038 -4 112 23 389
chair 0.0022 -11 174 107 368
chair 0.0011 394 111 510 395
pottedplant 0.0062 294 16 524 306
pottedplant 0.0027 152 -9 477 354
