person 0.0221 377 64 404 250
person 0.0128 344 74 406 237
person 0.0108 388 94 402 182
person 0.0031 370 -10 404 298
person 0.0028 379 1 402 189
person 0.0024 394 124 400 151
person 0.0012 348 4 408 191
bottle 0.0044 394 124 400 151
bottle 0.0017 118 77 131 106
bottle 0.0013 396 87 400 114
chair 0.9852 143 185 296 356
chair 0.9800 213 96 302 248
chair 0.9599 242 136 360 342
chair 0.8826 296 74 352 175
chair 0.7491 346 85 400 224
chair 0.4717 280 59 374 191
chair 0.2753 264 82 303 208
chair 0.2482 203 27 316 315
chair 0.1872 335 70 421 186
chair 0.1564 246 77 396 414
chair 0.1010 371 114 406 261
chair 0.0283 353 87 408 143
chair 0.0268 -4 85 27 201
chair 0.0227 388 80 401 166
chair 0.0215 394 124 400 151
chair 0.0178 374 65 404 190
chair 0.0178 387 116 402 190
chair 0.0165 247 88 278 116
chair 0.0157 376 95 405 162
chair 0.0146 209 93 275 140
chair 0.0121 241 79 286 125
chair 0.0104 396 107 400 155
chair 0.0092 392 133 399 172
chair 0.0090 219 81 318 176
chair 0.0078 369 162 394 222
chair 0.0077 278 91 296 201
chair 0.0077 253 93 307 167
chair 0.0064 238 14 405 231
chair 0.0064 342 125 387 244
chair 0.0062 228 114 288 176
chair 0.0056 323 75 375 178
chair 0.0040 -2 101 10 191
chair 0.0040 203 176 451 302
chair 0.0036 -5 58 24 95
chair 0.0035 394 135 399 186
chair 0.0034 363 102 396 157
chair 0.0030 395 93 401 119
chair 0.0029 395 99 399 130
chair 0.0028 77 80 442 219
chair 0.0027 -2 64 21 87
chair 0.0025 0 66 10 90
chair 0.0025 158 60 233 106
chair 0.0024 274 103 300 157
chair 0.0023 172 63 232 90
chair 0.0022 230 99 300 137
chair 0.0021 127 108 395 259
chair 0.0020 -25 69 71 218
chair 0.0020 164 59 228 146
chair 0.0020 346 105 412 167
chair 0.0020 162 103 257 157
chair 0.0019 349 103 381 171
chair 0.0017 -7 47 32 141
chair 0.0017 343 8 411 213
chair 0.0016 239 105 262 124
chair 0.0014 355 141 388 198
chair 0.0013 344 124 404 182
chair 0.0013 235 102 266 130
chair 0.0013 215 134 264 239
chair 0.0011 250 83 309 130
chair 0.0011 360 97 389 134
chair 0.0010 370 -10 404 298
sofa 0.0152 373 93 404 257
sofa 0.0108 112 218 323 334
sofa 0.0028 344 74 406 237
sofa 0.0017 236 71 361 410
sofa 0.0016 141 181 284 362
sofa 0.0011 387 116 402 190
pottedplant 0.0011 -9 44 52 211
pottedplant 0.0010 377 64 404 250
diningtable 0.2365 288 98 413 404
diningtable 0.0239 371 114 406 261
diningtable 0.0098 394 124 400 151
diningtable 0.0071 392 133 400 157
diningtable 0.0064 203 176 451 302
diningtable 0.0047 317 174 411 327
diningtable 0.0040 222 154 367 374
diningtable 0.0039 387 116 402 190
diningtable 0.0029 233 58 369 169
diningtable 0.0021 388 80 401 166
diningtable 0.0021 238 14 405 231
diningtable 0.0014 396 107 400 155
diningtable 0.0013 350 81 407 356
diningtable 0.0013 254 222 381 336
diningtable 0.0012 289 63 401 189
diningtable 0.0012 330 60 424 168
diningtable 0.0011 225 69 430 126
tvmonitor 0.9136 1 59 171 213
tvmonitor 0.9040 350 41 412 115
tvmonitor 0.8945 296 44 353 107
tvmonitor 0.8936 154 46 255 153
tvmonitor 0.8811 213 51 268 134
tvmonitor 0.8672 102 58 212 168
tvmonitor 0.8551 155 40 202 95
tvmonitor 0.8219 30 19 138 259
tvmonitor 0.7660 241 40 300 109
tvmonitor 0.6644 160 49 191 87
tvmonitor 0.5610 195 44 254 96
tvmonitor 0.5483 133 -21 206 57
tvmonitor 0.2440 205 71 236 129
tvmonitor 0.2001 113 54 175 113
tvmonitor 0.1261 149 72 197 152
tvmonitor 0.0902 166 63 227 146
tvmonitor 0.0663 249 51 286 98
tvmonitor 0.0537 307 54 343 98
tvmonitor 0.0512 141 61 169 103
tvmonitor 0.0466 17 49 98 125
tvmonitor 0.0465 91 108 223 186
tvmonitor 0.0448 145 -9 175 40
tvmonitor 0.0422 172 63 232 90
tvmonitor 0.0414 68 49 137 115
tvmonitor 0.0352 158 60 233 106
tvmonitor 0.0246 205 53 237 87
tvmonitor 0.0229 390 36 401 131
tvmonitor 0.0172 192 61 242 138
tvmonitor 0.0155 130 52 154 76
tvmonitor 0.0155 154 90 263 170
tvmonitor 0.0125 371 114 406 261
tvmonitor 0.0124 109 69 172 164
tvmonitor 0.0108 102 38 194 127
tvmonitor 0.0102 6 -10 59 89
tvmonitor 0.0084 119 42 167 92
tvmonitor 0.0079 371 26 404 132
tvmonitor 0.0070 67 83 137 190
tvmonitor 0.0070 203 44 294 149
tvmonitor 0.0063 98 3 233 230
tvmonitor 0.0060 276 33 362 126
tvmonitor 0.0052 362 53 399 103
tvmonitor 0.0045 396 35 399 119
tvmonitor 0.0035 237 66 258 117
tvmonitor 0.0033 106 59 136 97
tvmonitor 0.0032 244 74 255 108
tvmonitor 0.0028 124 -10 162 104
tvmonitor 0.0024 138 23 241 111
tvmonitor 0.0024 140 -26 182 93
tvmonitor 0.0023 182 69 223 83
tvmonitor 0.0021 -7 163 46 333
tvmonitor 0.0021 99 53 151 100
tvmonitor 0.0020 -12 -25 81 103
tvmonitor 0.0018 209 93 275 140
tvmonitor 0.0017 121 65 151 105
tvmonitor 0.0016 -2 132 170 220
tvmonitor 0.0016 247 88 278 116
tvmonitor 0.0016 163 79 181 93
tvmonitor 0.0013 396 75 400 111
tvmonitor 0.0012 128 17 151 70
tvmonitor 0.0011 118 77 131 106
tvmonitor 0.0011 175 76 212 133
tvmonitor 0.0010 55 40 171 127
tvmonitor 0.0010 50 66 183 156
