person 0.0087 387 6 448 142
person 0.0060 279 34 305 98
person 0.0057 316 44 369 143
person 0.0022 284 44 299 90
person 0.0018 359 -13 478 163
person 0.0011 342 58 376 134
car 0.0048 78 131 485 379
bird 0.0010 320 52 360 140
bird 0.0010 342 58 376 134
cat 0.0014 382 2 452 136
dog 0.0013 320 52 360 140
chair 0.6789 82 206 580 371
chair 0.0084 29 151 618 325
chair 0.0071 169 115 472 404
chair 0.0065 422 139 497 243
chair 0.0050 -43 108 135 238
chair 0.0030 -71 160 255 360
chair 0.0029 -17 92 120 366
chair 0.0018 279 66 512 323
chair 0.0014 -21 103 206 499
chair 0.0013 -2 162 11 279
chair 0.0013 -46 160 144 301
chair 0.0010 412 127 522 268
sofa 0.9110 55 127 458 377
sofa 0.0630 -71 160 255 360
sofa 0.0371 -25 150 606 320
sofa 0.0181 143 210 571 371
sofa 0.0085 140 66 507 311
sofa 0.0053 66 40 362 334
sofa 0.0018 -17 92 120 366
sofa 0.0010 155 100 508 504
pottedplant 0.0053 -17 92 120 366
diningtable 0.1716 -21 103 206 499
diningtable 0.0239 -60 221 242 372
diningtable 0.0011 -14 121 141 390
tvmonitor 0.0284 -45 140 139 297
