person 0.9991 35 63 395 386
person 0.9924 203 86 513 348
person 0.9558 436 36 511 433
person 0.8580 -58 96 201 355
person 0.6209 187 27 290 213
person 0.4171 171 -37 316 279
person 0.1400 -28 42 94 233
person 0.1345 239 25 328 220
person 0.1302 125 43 233 237
person 0.1239 -6 64 64 212
person 0.0495 157 80 410 299
person 0.0267 -7 112 39 249
person 0.0236 123 8 178 123
person 0.0210 88 0 201 133
person 0.0200 198 -47 374 336
person 0.0151 207 54 275 411
person 0.0119 257 30 310 180
person 0.0108 388 111 448 173
person 0.0100 105 -24 256 317
person 0.0096 235 30 285 207
person 0.0093 408 29 504 289
person 0.0086 -21 131 63 235
person 0.0085 460 -75 506 472
person 0.0083 233 51 330 345
person 0.0073 -13 -83 195 217
person 0.0070 425 73 482 242
person 0.0065 194 38 246 200
person 0.0057 417 129 436 156
person 0.0054 -13 41 69 389
person 0.0052 37 65 89 208
person 0.0050 401 95 437 155
person 0.0042 206 153 318 432
person 0.0040 400 119 440 164
person 0.0039 192 80 225 169
person 0.0037 -34 120 92 264
person 0.0037 476 67 502 440
person 0.0037 444 62 501 219
person 0.0035 366 -46 516 345
person 0.0033 -2 86 9 201
person 0.0029 -83 155 356 360
person 0.0028 403 131 434 154
person 0.0028 140 153 425 362
person 0.0026 468 45 504 231
person 0.0024 418 123 436 146
person 0.0022 -5 -30 36 463
person 0.0021 -4 58 23 373
person 0.0020 33 121 70 187
person 0.0019 405 86 463 227
person 0.0018 0 92 2 177
person 0.0017 52 77 91 137
person 0.0017 -3 134 14 231
person 0.0014 123 82 295 511
person 0.0014 222 88 262 372
person 0.0014 350 66 470 207
person 0.0013 206 98 222 127
person 0.0013 18 91 75 215
person 0.0011 120 42 196 108
person 0.0011 -3 37 30 212
person 0.0011 23 94 63 173
person 0.0010 265 -29 464 259
person 0.0010 -8 76 57 158
person 0.0010 158 8 342 430
train 0.0012 74 17 423 373
bottle 0.9717 52 144 98 353
bottle 0.7976 205 260 250 395
bottle 0.7664 253 185 307 318
bottle 0.6667 225 117 260 203
bottle 0.4933 383 34 417 180
bottle 0.2209 210 277 240 341
bottle 0.0568 143 20 179 95
bottle 0.0539 387 94 424 156
bottle 0.0216 183 247 291 384
bottle 0.0177 221 170 333 334
bottle 0.0164 221 91 258 261
bottle 0.0136 375 84 442 166
bottle 0.0096 214 284 233 328
bottle 0.0092 401 95 437 155
bottle 0.0069 42 237 104 318
bottle 0.0068 209 110 278 211
bottle 0.0064 126 12 193 105
bottle 0.0048 12 257 72 370
bottle 0.0044 154 52 181 83
bottle 0.0033 195 267 258 350
bottle 0.0033 -14 236 108 390
bottle 0.0031 278 185 306 315
bottle 0.0028 410 104 429 129
bottle 0.0028 150 31 169 66
bottle 0.0027 260 218 302 302
bottle 0.0026 27 154 106 429
bottle 0.0025 206 153 318 432
bottle 0.0023 389 58 423 138
bottle 0.0017 223 272 266 345
bottle 0.0017 243 62 266 85
bottle 0.0017 360 34 401 176
bottle 0.0014 341 36 454 196
bottle 0.0012 57 274 91 297
bottle 0.0011 185 66 476 326
bottle 0.0011 208 269 230 383
chair 0.0011 436 48 511 454
