person 0.6266 249 5 568 363
person 0.3793 -57 65 473 241
person 0.0887 25 8 391 289
cat 0.0040 6 91 503 253
dog 0.9882 99 72 457 239
dog 0.0691 25 8 391 289
dog 0.0051 158 -61 406 364
dog 0.0014 -103 15 508 221
dog 0.0013 243 -1 489 373
cow 0.0015 -90 55 465 244
bottle 0.0220 9 10 238 363
bottle 0.0058 248 124 324 222
chair 0.0304 249 5 568 363
chair 0.0019 -90 55 465 244
chair 0.0013 -38 -118 261 234
sofa 0.5135 249 5 568 363
sofa 0.0366 25 8 391 289
sofa 0.0157 -90 55 465 244
sofa 0.0032 -76 -107 435 227
sofa 0.0014 -140 11 500 132
diningtable 0.0028 -90 55 465 244
diningtable 0.0022 -51 -110 295 227
