person 0.9955 -43 12 182 324
person 0.9539 326 -55 457 130
person 0.9465 287 -38 391 94
person 0.7920 92 -99 261 189
person 0.6466 357 -33 432 108
person 0.6034 423 -25 481 83
person 0.3239 400 -41 508 99
person 0.0794 100 -43 269 102
person 0.0560 184 14 489 338
person 0.0526 5 61 284 263
person 0.0309 91 58 590 290
person 0.0145 445 -15 485 63
person 0.0105 49 7 295 179
person 0.0080 -8 -127 56 479
person 0.0077 433 -31 520 78
person 0.0048 471 -15 505 174
person 0.0045 424 -12 465 51
person 0.0044 181 -72 392 175
person 0.0037 465 -30 508 82
person 0.0024 485 -131 501 443
person 0.0023 116 -4 131 22
person 0.0023 368 1 533 121
person 0.0022 469 -107 503 456
person 0.0019 -12 -108 148 215
person 0.0017 484 -19 503 69
person 0.0017 348 -22 375 72
person 0.0016 419 -12 441 65
person 0.0015 321 -24 378 79
person 0.0015 489 -47 502 118
person 0.0014 59 -104 238 426
person 0.0012 442 -10 510 129
person 0.0011 61 -39 188 118
person 0.0011 346 -91 527 180
person 0.0011 133 -20 195 99
person 0.0011 95 -27 154 107
person 0.0010 172 -21 238 93
person 0.0010 240 -75 493 241
person 0.0010 487 24 503 143
bicycle 0.0025 109 153 605 322
car 0.0011 109 153 605 322
cat 0.0011 184 14 489 338
dog 0.0473 5 61 284 263
dog 0.0465 59 -104 238 426
dog 0.0145 179 43 495 345
dog 0.0083 145 13 291 152
dog 0.0012 92 11 229 306
horse 0.0109 184 14 489 338
horse 0.0024 91 58 590 290
horse 0.0015 5 61 284 263
sheep 0.9065 35 65 295 252
sheep 0.7925 90 67 595 320
sheep 0.7728 76 -115 251 438
sheep 0.4606 215 14 498 339
sheep 0.0532 92 11 229 306
sheep 0.0110 181 82 248 200
sheep 0.0028 114 36 553 225
sheep 0.0024 163 63 274 218
sheep 0.0021 145 15 253 295
sheep 0.0020 117 117 250 281
sheep 0.0017 -2 -22 272 354
sheep 0.0015 151 17 289 169
sheep 0.0014 123 -75 285 320
cow 0.3502 217 33 493 354
cow 0.2598 111 66 600 319
cow 0.0046 474 -18 505 213
cow 0.0029 482 -82 502 356
cow 0.0016 5 61 284 263
cow 0.0013 362 8 544 143
cow 0.0011 433 -40 509 236
cow 0.0010 488 35 503 150
cow 0.0010 469 -107 503 456
cow 0.0010 442 3 513 152
bottle 0.2915 58 3 147 191
bottle 0.0237 95 -27 154 107
bottle 0.0070 100 20 141 95
bottle 0.0021 61 -39 188 118
bottle 0.0020 54 81 128 181
bottle 0.0011 41 32 96 168
chair 0.0701 400 -41 508 99
chair 0.0248 466 -19 506 65
chair 0.0199 484 -19 503 69
chair 0.0106 440 -25 496 81
chair 0.0045 494 -16 500 50
chair 0.0042 92 -99 261 189
chair 0.0034 419 -12 441 65
chair 0.0025 412 -22 465 80
chair 0.0017 277 -40 425 97
chair 0.0017 473 -49 506 127
chair 0.0015 109 153 605 322
chair 0.0015 385 23 490 92
chair 0.0013 489 -47 502 118
sofa 0.0012 -43 6 181 268
diningtable 0.0049 109 153 605 322
diningtable 0.0025 91 58 590 290
diningtable 0.0010 184 14 489 338
