person 0.0172 223 109 300 165
person 0.0023 -39 5 519 351
person 0.0011 50 96 427 253
person 0.0010 240 127 272 156
car 0.5065 -64 8 511 350
car 0.3672 -86 115 563 233
car 0.1959 50 96 427 253
car 0.0041 495 75 500 103
motorbike 0.0027 -39 5 519 351
motorbike 0.0023 -76 97 551 229
aeroplane 0.0238 -116 99 565 228
aeroplane 0.0075 41 69 431 244
aeroplane 0.0024 -64 8 511 350
bus 0.0413 -64 8 511 350
bus 0.0233 -105 115 554 233
bus 0.0163 28 97 422 255
boat 0.0109 -76 97 551 229
boat 0.0020 -39 5 519 351
bird 0.0010 422 84 430 99
dog 0.0032 223 109 300 165
sheep 0.0018 422 84 430 99
