person 0.0919 -7 120 36 273
person 0.0326 -8 86 42 428
person 0.0211 -3 129 11 219
person 0.0148 0 148 6 198
person 0.0037 0 144 4 185
person 0.0030 -1 82 8 245
person 0.0011 -5 152 33 230
bottle 0.9893 253 211 295 382
bottle 0.9697 65 148 84 212
bottle 0.8451 292 300 325 398
bottle 0.7295 266 291 299 402
bottle 0.0996 322 318 368 390
bottle 0.0546 213 138 223 166
bottle 0.0463 93 173 106 197
bottle 0.0383 281 296 309 398
bottle 0.0336 247 140 256 168
bottle 0.0201 89 176 99 203
bottle 0.0131 210 328 230 375
bottle 0.0089 101 171 116 196
bottle 0.0058 224 145 239 164
bottle 0.0051 282 342 300 383
bottle 0.0048 287 306 318 369
bottle 0.0044 440 144 457 168
bottle 0.0038 124 82 449 314
bottle 0.0036 293 316 310 355
bottle 0.0028 372 145 384 163
bottle 0.0024 67 172 82 207
bottle 0.0023 260 297 288 375
bottle 0.0020 214 283 379 416
bottle 0.0019 220 281 282 406
bottle 0.0019 289 333 321 390
bottle 0.0016 360 146 380 164
bottle 0.0014 436 157 459 170
bottle 0.0014 276 306 293 341
bottle 0.0013 254 235 294 323
bottle 0.0012 490 152 501 174
bottle 0.0011 300 313 319 358
bottle 0.0011 357 146 368 164
bottle 0.0010 265 317 340 392
chair 0.9979 88 219 275 377
chair 0.9926 370 183 511 472
chair 0.9893 259 135 410 416
chair 0.9189 76 147 165 320
chair 0.8645 -8 126 44 422
chair 0.6667 5 139 96 331
chair 0.5824 119 130 167 303
chair 0.3604 35 129 180 342
chair 0.3451 102 154 140 196
chair 0.0774 92 145 149 204
chair 0.0754 466 210 507 417
chair 0.0734 -5 135 53 262
chair 0.0716 107 172 136 194
chair 0.0706 36 158 51 191
chair 0.0498 -17 145 65 222
chair 0.0493 101 171 116 196
chair 0.0481 36 183 94 315
chair 0.0309 440 162 506 308
chair 0.0254 136 163 162 295
chair 0.0251 244 169 383 293
chair 0.0190 127 158 164 208
chair 0.0172 0 148 6 198
chair 0.0166 129 161 153 188
chair 0.0138 471 291 506 400
chair 0.0134 349 173 403 290
chair 0.0128 -29 120 91 277
chair 0.0127 233 114 475 469
chair 0.0125 20 138 73 264
chair 0.0124 471 124 502 384
chair 0.0123 -2 132 12 230
chair 0.0120 435 185 498 256
chair 0.0104 488 156 501 303
chair 0.0104 32 151 56 212
chair 0.0085 -5 171 34 234
chair 0.0085 55 160 146 208
chair 0.0083 483 275 502 398
chair 0.0074 70 168 341 442
chair 0.0072 54 157 108 316
chair 0.0066 93 173 106 197
chair 0.0062 290 163 498 301
chair 0.0059 306 180 342 260
chair 0.0044 99 134 156 269
chair 0.0041 8 179 38 243
chair 0.0040 14 33 178 466
chair 0.0036 37 140 95 261
chair 0.0035 113 181 127 195
chair 0.0031 290 174 343 286
chair 0.0029 19 218 50 319
chair 0.0029 386 158 441 279
chair 0.0027 21 177 42 262
chair 0.0025 491 212 500 422
chair 0.0025 12 188 34 219
chair 0.0025 -5 152 32 213
chair 0.0025 2 164 41 181
chair 0.0024 104 150 174 211
chair 0.0023 411 157 528 350
chair 0.0022 0 144 4 185
chair 0.0021 44 165 57 196
chair 0.0021 89 174 99 197
chair 0.0021 24 173 61 251
chair 0.0020 239 268 434 400
chair 0.0020 128 161 153 299
chair 0.0019 -6 93 30 269
chair 0.0018 0 156 4 225
chair 0.0018 40 142 209 261
chair 0.0017 396 183 433 262
chair 0.0017 355 179 391 264
chair 0.0016 101 166 118 183
chair 0.0016 496 182 499 260
chair 0.0016 80 144 134 259
chair 0.0015 489 329 500 381
chair 0.0014 54 203 91 298
chair 0.0013 255 195 349 269
chair 0.0012 192 173 220 246
chair 0.0012 37 199 109 262
chair 0.0012 146 147 166 295
chair 0.0012 326 179 385 285
chair 0.0011 134 177 159 205
chair 0.0010 11 68 333 359
chair 0.0010 237 202 429 356
sofa 0.0104 -8 86 42 428
sofa 0.0055 -17 145 65 222
sofa 0.0051 -7 120 36 273
sofa 0.0010 96 172 254 430
pottedplant 0.0169 350 137 391 177
pottedplant 0.0020 493 138 501 174
pottedplant 0.0019 360 146 380 164
pottedplant 0.0016 355 149 386 173
pottedplant 0.0014 488 111 503 194
diningtable 0.9728 26 227 500 435
diningtable 0.6215 18 83 183 378
diningtable 0.4741 58 144 158 324
diningtable 0.2015 23 179 124 225
diningtable 0.1938 -7 154 213 246
diningtable 0.1825 250 123 468 415
diningtable 0.1461 21 152 103 319
diningtable 0.0162 47 174 173 210
diningtable 0.0107 -7 111 33 359
diningtable 0.0097 123 153 164 307
diningtable 0.0095 -8 162 50 416
diningtable 0.0078 -37 247 588 365
diningtable 0.0073 -14 167 46 250
diningtable 0.0069 290 163 498 301
diningtable 0.0060 465 248 506 412
diningtable 0.0042 61 218 289 441
diningtable 0.0036 -74 177 266 344
diningtable 0.0030 57 167 182 233
diningtable 0.0030 63 150 273 170
diningtable 0.0029 60 185 105 313
diningtable 0.0029 35 193 110 248
diningtable 0.0027 72 162 150 204
diningtable 0.0024 -15 139 381 186
diningtable 0.0023 -5 171 34 234
diningtable 0.0020 124 82 449 314
diningtable 0.0017 101 171 116 196
diningtable 0.0017 239 268 434 400
diningtable 0.0016 -14 34 144 479
diningtable 0.0016 192 201 592 343
diningtable 0.0015 64 190 99 211
diningtable 0.0014 131 157 162 246
diningtable 0.0014 11 68 333 359
diningtable 0.0012 1 187 30 216
diningtable 0.0011 293 203 530 458
diningtable 0.0011 107 172 136 194
diningtable 0.0010 8 217 99 261
