person 0.0135 -77 254 304 482
person 0.0124 90 189 252 358
person 0.0050 45 332 425 488
person 0.0025 242 1 374 166
person 0.0013 139 -117 393 232
person 0.0012 274 21 341 147
person 0.0010 152 254 361 381
car 0.0387 60 49 453 305
car 0.0032 110 13 400 463
aeroplane 0.0071 60 49 453 305
aeroplane 0.0013 84 -6 447 197
bus 0.0088 60 49 453 305
boat 0.0076 5 59 464 302
boat 0.0010 80 -29 364 311
bird 0.0063 79 338 457 486
bird 0.0026 139 190 396 628
cat 0.0025 79 338 457 486
dog 0.1333 79 338 457 486
dog 0.0406 139 190 396 628
horse 0.0020 79 338 457 486
sheep 0.4180 79 338 457 486
sheep 0.1457 139 190 396 628
sheep 0.0117 -70 305 301 488
cow 0.0249 79 338 457 486
cow 0.0022 139 190 396 628
