person 0.0140 -6 -68 134 181
person 0.0081 -6 -45 30 124
person 0.0025 -5 -14 21 45
person 0.0015 24 234 146 374
person 0.0010 -4 -138 35 260
car 0.0030 -6 -43 31 161
bird 0.9939 13 151 90 320
bird 0.6531 454 81 510 279
bird 0.2369 24 234 146 374
bird 0.0357 -8 134 127 337
bird 0.0034 -2 102 138 255
bird 0.0031 418 74 532 280
bird 0.0022 231 16 259 74
bird 0.0018 -5 -14 21 45
bird 0.0017 -6 -68 134 181
bird 0.0013 69 -101 261 227
bird 0.0011 -54 67 184 247
bird 0.0011 -24 -64 155 382
bird 0.0010 26 103 339 280
cat 0.4645 445 83 514 276
cat 0.2248 204 113 442 296
cat 0.1150 238 -81 410 495
cat 0.0464 73 -74 262 237
cat 0.0258 -39 -33 171 126
cat 0.0084 269 52 402 346
cat 0.0084 -6 -68 134 181
cat 0.0070 24 234 146 374
cat 0.0060 -2 102 138 255
cat 0.0034 -23 -84 150 355
cat 0.0026 41 104 359 283
cat 0.0015 259 80 341 169
cat 0.0011 -53 36 184 229
dog 0.7402 73 -74 262 237
dog 0.7055 26 103 339 280
dog 0.4417 -24 -64 155 382
dog 0.2011 -54 67 184 247
dog 0.0674 -6 -68 134 181
dog 0.0433 -2 102 138 255
dog 0.0260 -18 24 117 287
dog 0.0209 104 -57 294 452
dog 0.0188 456 89 509 283
dog 0.0067 204 113 442 296
dog 0.0065 -39 -33 171 126
dog 0.0055 -81 37 341 220
dog 0.0032 238 -81 410 495
dog 0.0027 243 64 392 354
dog 0.0025 -6 -58 38 330
dog 0.0021 34 119 103 237
dog 0.0021 259 80 341 169
dog 0.0020 -14 5 295 325
dog 0.0012 200 32 357 207
dog 0.0010 -4 -25 28 221
horse 0.0050 -6 -68 134 181
horse 0.0026 41 104 359 283
sheep 0.8564 -39 -33 171 126
sheep 0.6630 204 113 442 296
sheep 0.6327 238 -81 410 495
sheep 0.6236 41 104 359 283
sheep 0.4069 -24 -64 155 382
sheep 0.1526 73 -74 262 237
sheep 0.1040 -54 67 184 247
sheep 0.0779 -6 -68 134 181
sheep 0.0588 -19 -1 114 277
sheep 0.0575 456 89 509 283
sheep 0.0546 243 64 392 354
sheep 0.0539 -2 102 138 255
sheep 0.0376 104 -57 294 452
sheep 0.0219 260 88 340 170
sheep 0.0144 238 49 352 192
sheep 0.0119 -6 -38 30 194
sheep 0.0103 -6 -58 38 330
sheep 0.0085 -7 -16 28 48
sheep 0.0042 -9 21 54 171
sheep 0.0033 -8 5 31 84
sheep 0.0026 -11 -59 63 216
sheep 0.0019 197 35 324 204
sheep 0.0017 34 119 103 237
sheep 0.0016 225 59 289 181
sheep 0.0014 -2 -8 15 38
sheep 0.0013 -4 40 27 306
sheep 0.0013 5 109 94 324
sheep 0.0013 44 56 447 343
sheep 0.0011 -32 0 88 160
sheep 0.0011 252 78 316 143
cow 0.0185 26 103 339 280
cow 0.0071 -2 102 138 255
cow 0.0069 -19 -1 114 277
cow 0.0037 -24 -64 155 382
cow 0.0020 -39 -33 171 126
cow 0.0018 -54 67 184 247
cow 0.0015 91 -67 276 458
cow 0.0011 -6 -58 38 330
bottle 0.0035 24 234 146 374
chair 0.0058 -2 102 138 255
chair 0.0036 -74 37 264 227
chair 0.0029 -18 24 117 287
chair 0.0020 6 82 351 275
chair 0.0018 195 -93 367 276
chair 0.0013 -9 -31 176 356
chair 0.0013 204 113 442 296
chair 0.0011 5 109 94 324
sofa 0.0018 73 -74 262 237
diningtable 0.0033 172 22 386 127
diningtable 0.0017 195 -93 367 276
