person 0.1478 287 175 313 198
person 0.0078 315 145 328 158
person 0.0070 284 168 318 205
person 0.0061 324 143 340 159
person 0.0037 37 164 45 176
person 0.0029 319 179 341 197
person 0.0028 16 163 25 177
person 0.0027 335 148 343 158
person 0.0024 270 164 335 210
person 0.0022 57 164 67 175
person 0.0021 224 118 388 298
person 0.0015 346 142 353 158
person 0.0014 14 164 21 177
person 0.0012 0 109 9 133
person 0.0011 310 179 335 196
person 0.0010 299 178 322 197
bicycle 0.0012 240 70 388 361
car 0.9897 223 117 399 301
car 0.3919 324 143 340 159
car 0.3058 315 145 328 158
car 0.1428 335 148 343 158
car 0.1120 307 146 320 156
car 0.0315 297 148 308 156
car 0.0243 246 161 264 175
car 0.0191 267 154 278 165
car 0.0125 289 149 299 157
car 0.0112 312 139 330 149
car 0.0106 339 152 345 160
car 0.0078 306 138 322 149
car 0.0078 325 139 337 148
car 0.0064 266 147 279 160
car 0.0052 317 152 327 160
car 0.0049 262 157 270 166
car 0.0041 288 155 296 162
car 0.0038 277 156 287 165
car 0.0028 438 142 459 153
car 0.0025 256 160 267 173
car 0.0024 346 142 353 158
car 0.0021 326 151 338 161
car 0.0016 249 158 263 170
car 0.0014 297 153 306 160
car 0.0014 285 130 362 168
car 0.0014 307 153 316 160
motorbike 0.0017 240 70 388 361
aeroplane 0.0065 -98 40 375 211
bus 0.0292 315 145 328 158
bus 0.0276 324 143 340 159
bus 0.0031 -90 57 366 248
bus 0.0023 312 139 330 149
bus 0.0020 285 130 362 168
bus 0.0019 307 146 320 156
train 0.2344 -90 57 366 248
train 0.0068 -44 -55 318 300
train 0.0018 -82 -6 354 185
train 0.0011 310 113 376 174
chair 0.0061 0 109 9 133
chair 0.0028 5 113 18 132
chair 0.0024 29 115 39 134
