person 0.9831 203 56 355 446
person 0.9752 159 -13 270 150
person 0.1806 212 159 339 361
person 0.0880 140 -75 278 223
person 0.0133 230 222 299 348
person 0.0079 181 216 419 363
person 0.0052 82 91 494 294
person 0.0016 233 250 404 348
person 0.0010 38 -54 234 235
person 0.0010 177 150 347 274
cat 0.0019 233 250 404 348
dog 0.0163 233 250 404 348
dog 0.0013 259 265 365 337
horse 0.9580 82 91 494 294
horse 0.4455 1 90 282 288
horse 0.1607 27 -57 230 362
horse 0.0209 37 29 173 272
horse 0.0041 8 39 212 190
horse 0.0023 63 12 443 376
horse 0.0022 88 131 241 284
horse 0.0019 233 250 404 348
horse 0.0018 216 70 413 404
horse 0.0012 151 -39 346 283
horse 0.0011 110 22 213 316
cow 0.0011 233 250 404 348
