person 0.0026 22 246 46 256
person 0.0023 461 218 486 281
person 0.0018 467 231 482 268
person 0.0018 16 247 33 255
person 0.0015 27 234 36 253
person 0.0012 468 247 482 271
person 0.0011 495 238 499 278
person 0.0010 494 227 499 271
car 0.0014 49 29 453 281
motorbike 0.0020 49 29 453 281
aeroplane 0.0053 49 29 453 281
boat 0.9442 34 84 475 289
boat 0.0270 22 246 46 256
boat 0.0199 -153 130 649 253
boat 0.0132 -5 241 34 254
boat 0.0116 -108 88 614 358
boat 0.0112 -21 235 67 263
boat 0.0061 16 247 33 255
boat 0.0054 201 47 516 316
boat 0.0031 -64 302 200 407
boat 0.0030 48 247 96 259
boat 0.0029 11 237 114 266
bird 0.0060 34 84 475 289
