person 0.0157 439 210 452 228
person 0.0068 433 208 444 229
person 0.0035 353 207 367 220
person 0.0023 422 209 435 228
person 0.0020 40 188 69 238
person 0.0015 344 207 359 217
person 0.0011 378 187 484 260
person 0.0010 447 208 468 228
car 0.9802 303 181 410 262
car 0.9648 366 176 508 270
car 0.5342 449 169 517 266
car 0.4030 438 204 518 253
car 0.3065 463 180 510 245
car 0.1107 373 200 487 254
car 0.0091 495 211 501 249
car 0.0085 443 202 472 225
car 0.0065 454 208 478 229
car 0.0038 400 193 490 235
car 0.0036 461 218 489 242
car 0.0030 496 189 500 252
car 0.0021 481 180 504 257
car 0.0015 447 208 468 228
car 0.0012 496 215 500 260
car 0.0011 466 201 481 220
car 0.0010 304 196 400 231
motorbike 0.0013 294 194 413 258
bus 0.0032 463 180 510 245
bus 0.0024 449 169 517 266
