person 0.9969 34 56 270 244
person 0.1278 -54 104 333 227
car 0.0477 85 33 177 77
car 0.0028 96 36 169 63
car 0.0021 79 15 179 108
car 0.0014 66 -62 182 172
cat 0.0012 31 77 278 244
chair 0.7142 14 55 148 265
chair 0.2379 -54 104 333 227
chair 0.0057 -14 118 182 222
chair 0.0047 55 51 300 245
chair 0.0035 22 138 292 246
chair 0.0031 278 215 333 251
chair 0.0017 284 188 328 258
chair 0.0016 231 128 327 295
chair 0.0010 -6 93 283 305
chair 0.0010 -23 69 299 184
sofa 0.3216 31 77 278 244
sofa 0.0840 14 55 148 265
sofa 0.0185 -52 154 365 235
sofa 0.0014 3 125 315 296
sofa 0.0010 -14 118 182 222
pottedplant 0.2857 167 -13 237 97
pottedplant 0.1343 156 -54 253 140
diningtable 0.0011 278 215 333 251
tvmonitor 0.8115 63 -68 176 189
tvmonitor 0.0025 27 18 203 117
tvmonitor 0.0011 55 51 300 245
