person 0.9990 115 68 200 271
person 0.9393 382 49 450 213
person 0.5299 81 12 233 334
person 0.1910 334 43 493 227
person 0.0365 105 41 114 56
person 0.0328 140 78 161 108
person 0.0204 460 64 472 102
person 0.0123 139 44 147 57
person 0.0120 461 66 471 83
person 0.0093 113 76 126 88
person 0.0081 -7 7 505 156
person 0.0053 265 67 283 79
person 0.0050 306 66 320 78
person 0.0045 22 79 41 105
person 0.0042 449 66 463 97
person 0.0041 156 78 177 106
person 0.0041 124 76 134 89
person 0.0039 -1 67 4 104
person 0.0030 438 69 454 100
person 0.0028 316 68 326 78
person 0.0026 19 75 34 109
person 0.0024 449 56 481 109
person 0.0022 367 63 375 102
person 0.0022 447 65 464 83
person 0.0021 397 45 456 158
person 0.0020 277 69 290 79
person 0.0020 228 71 242 81
person 0.0019 32 79 55 93
person 0.0019 353 64 368 79
person 0.0019 54 78 69 92
person 0.0018 135 76 143 90
person 0.0018 408 68 427 93
person 0.0018 467 64 484 80
person 0.0017 85 75 233 232
person 0.0016 120 80 137 107
person 0.0016 366 65 374 81
person 0.0016 143 78 153 91
person 0.0014 241 70 247 93
person 0.0014 231 72 242 90
person 0.0013 26 80 40 91
person 0.0013 -2 68 7 115
person 0.0013 438 62 456 84
person 0.0013 109 81 131 105
person 0.0012 237 72 252 79
person 0.0012 261 69 271 80
person 0.0012 192 72 203 80
person 0.0011 315 48 322 61
person 0.0011 153 78 165 92
person 0.0011 360 35 497 158
person 0.0011 373 66 384 80
person 0.0010 221 70 234 82
person 0.0010 84 78 101 89
bicycle 0.0022 276 74 537 227
car 0.9752 29 64 131 120
car 0.8365 369 51 450 116
car 0.7836 415 39 512 116
car 0.7472 197 47 287 127
car 0.7234 244 45 323 122
car 0.6484 282 41 368 123
car 0.6089 -1 65 85 119
car 0.5861 73 57 189 123
car 0.5036 312 36 436 126
car 0.3874 -14 59 45 122
car 0.2892 156 45 235 127
car 0.0490 156 78 177 106
car 0.0312 127 71 188 115
car 0.0286 255 55 296 111
car 0.0240 -2 68 7 115
car 0.0218 278 58 310 108
car 0.0166 294 55 334 110
car 0.0134 404 65 434 87
car 0.0128 46 79 74 104
car 0.0125 -3 64 18 117
car 0.0111 471 62 494 101
car 0.0094 -7 7 505 156
car 0.0075 340 39 404 123
car 0.0072 206 42 357 127
car 0.0063 140 78 161 108
car 0.0059 382 60 419 108
car 0.0045 -43 54 106 130
car 0.0042 209 63 246 109
car 0.0042 40 77 64 93
car 0.0038 -1 67 4 104
car 0.0037 400 59 437 103
car 0.0037 90 72 127 111
car 0.0035 467 64 484 80
car 0.0033 1 56 164 132
car 0.0033 457 51 497 103
car 0.0032 475 65 492 82
car 0.0031 97 75 124 92
car 0.0025 141 76 178 109
car 0.0024 338 41 528 127
car 0.0023 408 68 427 93
car 0.0022 313 57 353 110
car 0.0018 60 78 85 90
car 0.0017 23 72 62 113
car 0.0017 283 64 303 101
car 0.0016 265 67 283 79
car 0.0014 207 76 223 105
car 0.0014 -2 76 29 107
car 0.0013 22 79 41 105
car 0.0013 167 77 183 104
car 0.0012 427 64 502 114
car 0.0012 172 58 221 113
car 0.0012 32 79 55 93
car 0.0011 19 75 34 109
car 0.0011 54 78 69 92
car 0.0011 388 67 409 79
car 0.0011 348 46 430 105
car 0.0011 162 79 177 94
car 0.0010 93 79 111 105
car 0.0010 338 49 379 113
car 0.0010 216 71 235 95
motorbike 0.9997 32 28 245 350
motorbike 0.9817 317 25 492 273
motorbike 0.3766 276 74 537 227
motorbike 0.0336 416 36 503 126
motorbike 0.0081 -26 127 296 261
motorbike 0.0047 106 44 115 57
motorbike 0.0033 156 78 177 106
motorbike 0.0025 127 71 188 115
motorbike 0.0023 73 57 189 123
motorbike 0.0021 196 50 288 127
motorbike 0.0020 375 42 457 218
motorbike 0.0018 153 50 239 127
motorbike 0.0018 427 64 502 114
motorbike 0.0011 23 77 551 240
motorbike 0.0010 140 78 161 108
motorbike 0.0010 139 44 147 57
bus 0.0027 71 52 203 121
bus 0.0016 415 39 512 116
bus 0.0014 -18 64 86 119
bus 0.0013 268 37 396 126
bus 0.0010 150 45 232 126
bird 0.0016 315 48 322 61
horse 0.0031 416 36 503 126
cow 0.0024 416 36 503 126
cow 0.0010 153 50 239 127
cow 0.0010 196 50 288 127
