person 0.5069 445 282 511 404
person 0.2737 262 286 382 413
person 0.1201 287 314 371 403
person 0.0973 416 265 525 423
person 0.0132 276 225 288 240
person 0.0109 174 361 185 377
person 0.0071 282 195 298 223
person 0.0060 331 220 344 234
person 0.0060 172 231 182 242
person 0.0040 369 230 544 443
person 0.0036 175 166 340 271
person 0.0034 464 321 509 390
person 0.0033 335 346 464 390
person 0.0029 487 290 502 402
person 0.0023 123 228 132 240
person 0.0018 226 288 477 417
person 0.0017 76 225 86 238
person 0.0016 496 304 499 408
person 0.0014 267 188 304 235
person 0.0012 494 338 500 391
person 0.0010 248 178 315 261
car 0.0014 175 166 340 271
aeroplane 0.9890 -62 82 574 225
aeroplane 0.7673 58 52 453 257
aeroplane 0.5401 31 -37 479 340
aeroplane 0.0516 175 166 340 271
aeroplane 0.0116 -66 22 268 342
aeroplane 0.0013 201 178 324 244
bus 0.0018 -74 97 588 244
boat 0.3251 -74 97 588 244
boat 0.2139 66 58 447 303
boat 0.0038 46 162 464 365
boat 0.0019 -66 22 268 342
boat 0.0011 175 166 340 271
tvmonitor 0.0068 441 273 512 405
tvmonitor 0.0022 410 250 528 427
