person 0.0215 134 132 165 215
person 0.0038 9 149 417 376
person 0.0028 -61 105 244 349
person 0.0023 -21 31 126 287
person 0.0014 159 146 174 182
bottle 0.9968 92 57 149 274
bottle 0.4427 162 130 195 288
bottle 0.0181 135 130 163 232
bottle 0.0149 153 136 179 227
bottle 0.0072 131 100 169 288
bottle 0.0019 135 165 167 257
bottle 0.0017 124 186 186 272
bottle 0.0014 202 137 229 210
bottle 0.0011 158 166 173 216
bottle 0.0010 492 242 501 275
chair 0.0062 118 252 388 443
chair 0.0035 74 300 407 404
chair 0.0034 -18 -64 132 383
chair 0.0027 -15 193 208 465
chair 0.0021 -43 99 165 353
chair 0.0018 -10 251 54 412
chair 0.0012 487 219 502 373
sofa 0.1611 -43 99 165 353
sofa 0.0974 -22 -71 141 426
sofa 0.0461 -21 31 126 287
sofa 0.0066 16 114 401 358
diningtable 0.3885 31 162 495 341
diningtable 0.0027 13 98 350 363
diningtable 0.0023 147 157 405 389
diningtable 0.0012 -98 217 454 371
tvmonitor 0.0059 171 34 414 360
tvmonitor 0.0027 106 96 214 227
tvmonitor 0.0017 87 126 477 272
