person 0.9802 13 -6 50 124
person 0.1230 209 105 286 238
person 0.1188 326 -11 434 260
person 0.0144 466 3 483 30
person 0.0133 345 71 404 245
person 0.0083 309 -119 450 358
person 0.0065 11 44 21 67
person 0.0051 136 63 234 126
person 0.0046 460 -4 493 46
person 0.0037 372 68 406 121
person 0.0023 12 7 22 30
person 0.0022 68 -30 292 314
person 0.0018 366 106 396 179
person 0.0016 13 16 36 113
person 0.0015 17 42 25 73
person 0.0014 6 -5 27 84
person 0.0013 358 222 385 235
person 0.0012 358 31 419 210
boat 0.0396 103 -29 304 314
boat 0.0089 345 -15 519 68
boat 0.0066 334 -10 441 257
boat 0.0059 210 63 296 244
boat 0.0019 333 -9 464 46
boat 0.0014 0 82 363 217
boat 0.0014 136 63 234 126
boat 0.0010 98 39 223 231
bird 0.0015 209 105 286 238
bird 0.0014 141 69 218 120
bird 0.0012 337 7 460 123
bird 0.0011 334 -10 441 257
bird 0.0011 309 -119 450 358
dog 0.0010 326 -11 434 260
horse 0.0014 103 -29 304 314
