person 0.9939 98 120 414 330
person 0.9730 144 108 605 362
person 0.0443 194 -38 382 416
person 0.0098 218 170 347 303
person 0.0041 253 53 528 408
person 0.0034 100 130 464 488
person 0.0031 164 112 477 272
person 0.0014 180 70 302 321
person 0.0012 5 238 554 367
person 0.0011 315 111 558 346
person 0.0011 261 182 324 292
bicycle 0.9921 -14 238 520 367
bicycle 0.9552 55 122 450 495
bicycle 0.1284 167 208 550 465
bicycle 0.0657 32 167 471 348
bicycle 0.0342 197 139 588 366
bicycle 0.0138 212 82 438 452
bicycle 0.0128 202 231 354 361
bicycle 0.0113 175 309 421 401
bicycle 0.0085 271 287 443 413
bicycle 0.0080 80 263 631 389
bicycle 0.0077 350 130 521 478
bicycle 0.0065 440 253 512 412
bicycle 0.0028 247 230 428 358
bicycle 0.0026 435 133 509 452
bicycle 0.0019 93 106 336 426
bicycle 0.0015 351 277 550 418
bicycle 0.0014 230 241 292 353
bicycle 0.0013 320 255 357 318
bicycle 0.0011 232 332 372 394
dog 0.0103 115 202 242 320
dog 0.0012 142 210 214 332
bottle 0.0092 231 255 288 360
bottle 0.0068 330 329 412 397
bottle 0.0020 196 226 326 367
bottle 0.0014 258 267 290 349
bottle 0.0011 228 243 259 329
