person 0.0028 400 51 517 374
cat 0.0075 45 215 247 341
dog 0.0038 45 215 247 341
chair 0.0198 317 183 435 363
chair 0.0076 369 212 531 365
chair 0.0056 276 76 441 459
chair 0.0039 365 172 421 376
chair 0.0037 368 138 514 427
chair 0.0032 399 237 456 346
chair 0.0015 296 300 465 347
chair 0.0010 394 184 439 363
sofa 0.9981 -134 179 488 325
sofa 0.0813 2 146 357 350
sofa 0.0324 -5 37 356 449
sofa 0.0017 296 300 465 347
sofa 0.0012 235 115 357 354
pottedplant 0.0676 -2 2 259 177
pottedplant 0.0632 38 -183 217 357
pottedplant 0.0022 403 57 514 334
pottedplant 0.0020 451 89 516 155
pottedplant 0.0015 484 81 502 165
pottedplant 0.0015 71 -60 212 228
diningtable 0.0221 272 62 444 447
diningtable 0.0088 317 183 435 363
diningtable 0.0055 228 173 483 264
diningtable 0.0026 261 157 413 305
diningtable 0.0013 296 300 465 347
diningtable 0.0010 225 154 581 321
tvmonitor 0.0029 413 74 457 138
tvmonitor 0.0017 404 60 468 152
