person 0.7427 223 46 493 383
person 0.3920 117 91 605 355
person 0.0160 10 83 337 373
person 0.0156 34 -9 461 391
person 0.0034 313 11 557 368
person 0.0017 141 41 593 255
person 0.0015 441 -12 507 518
person 0.0012 18 206 475 389
person 0.0010 -65 -109 399 194
cat 0.0091 -94 126 379 344
cat 0.0018 110 112 553 347
cat 0.0010 -6 70 292 386
dog 0.7812 -74 124 408 346
dog 0.3462 170 44 495 392
dog 0.0857 -6 70 292 386
dog 0.0376 100 151 561 360
dog 0.0020 141 41 593 255
cow 0.0010 168 -8 496 397
chair 0.0174 31 63 466 382
chair 0.0074 -10 58 73 332
chair 0.0016 218 66 577 371
chair 0.0013 -3 5 292 377
chair 0.0012 -65 -109 399 194
chair 0.0012 -94 126 379 344
sofa 0.5340 -121 -2 452 146
sofa 0.3457 34 -9 461 391
sofa 0.0658 9 -16 330 235
sofa 0.0524 -43 -132 376 264
sofa 0.0263 10 83 337 373
sofa 0.0185 139 41 590 343
sofa 0.0132 262 -25 519 410
sofa 0.0077 -112 40 398 251
sofa 0.0033 18 206 475 389
sofa 0.0020 125 -106 441 249
sofa 0.0013 165 124 491 382
diningtable 0.0144 -10 58 73 332
diningtable 0.0047 -32 68 95 212
