person 0.8810 271 188 302 239
person 0.5998 316 185 325 195
person 0.2834 328 188 338 199
person 0.2089 484 181 501 200
person 0.1783 446 188 471 208
person 0.1735 307 203 320 216
person 0.1265 239 190 330 239
person 0.1015 492 174 501 195
person 0.0322 -1 168 12 193
person 0.0239 452 185 473 203
person 0.0237 312 184 320 194
person 0.0148 0 162 8 189
person 0.0120 1 170 21 194
person 0.0108 293 206 316 219
person 0.0092 -1 207 3 235
person 0.0082 442 178 476 212
person 0.0080 318 182 323 190
person 0.0064 282 204 301 232
person 0.0044 313 204 323 216
person 0.0041 275 201 294 234
person 0.0035 424 180 492 217
person 0.0033 268 204 285 218
person 0.0031 496 166 499 185
person 0.0027 6 163 19 187
person 0.0026 249 193 260 210
person 0.0025 251 203 263 217
person 0.0023 478 170 506 212
person 0.0020 482 178 494 191
person 0.0018 252 206 273 217
person 0.0014 333 188 340 197
person 0.0014 326 193 338 201
person 0.0012 489 191 499 206
person 0.0012 0 195 3 228
car 0.0014 197 177 371 258
boat 0.8970 212 201 359 241
boat 0.5189 -3 79 29 233
boat 0.2115 484 181 501 200
boat 0.2065 197 177 371 258
boat 0.1219 -1 168 12 193
boat 0.0870 446 188 471 208
boat 0.0423 -3 94 14 213
boat 0.0299 0 162 8 189
boat 0.0273 492 174 501 195
boat 0.0262 1 170 21 194
boat 0.0257 252 193 329 236
boat 0.0230 -5 154 20 207
boat 0.0156 0 180 11 198
boat 0.0110 328 188 338 199
boat 0.0102 452 185 473 203
boat 0.0094 316 185 325 195
boat 0.0082 -2 -78 18 319
boat 0.0076 -1 182 23 196
boat 0.0061 -1 207 3 235
boat 0.0052 478 170 506 212
boat 0.0049 424 180 492 217
boat 0.0035 453 172 517 212
boat 0.0034 0 137 3 192
boat 0.0030 489 191 499 206
boat 0.0026 442 178 476 212
boat 0.0023 -2 143 16 238
boat 0.0023 0 195 3 228
boat 0.0022 473 192 501 203
boat 0.0021 32 169 55 178
boat 0.0019 496 166 499 185
boat 0.0019 0 102 1 206
boat 0.0019 6 163 19 187
boat 0.0018 485 126 504 219
boat 0.0013 -14 152 40 208
boat 0.0012 270 193 300 243
boat 0.0011 -10 -37 59 276
boat 0.0010 482 178 494 191
boat 0.0010 -32 78 88 236
bird 0.0370 328 188 338 199
bird 0.0226 316 185 325 195
bird 0.0064 446 188 471 208
bird 0.0047 484 181 501 200
bird 0.0033 60 192 66 198
bird 0.0032 353 207 370 216
bird 0.0013 312 184 320 194
bird 0.0012 326 193 338 201
bird 0.0011 362 207 371 214
bird 0.0010 -1 207 3 235
dog 0.0029 446 188 471 208
dog 0.0022 328 188 338 199
dog 0.0013 316 185 325 195
horse 0.0013 215 198 363 242
horse 0.0012 446 188 471 208
