person 0.9998 33 78 189 211
person 0.9987 6 34 143 150
person 0.9934 24 -98 126 282
person 0.9877 104 -8 217 338
person 0.9856 86 108 235 215
person 0.9368 110 37 188 205
person 0.9061 90 6 176 119
person 0.4747 30 0 119 190
person 0.3823 153 56 187 120
person 0.1137 289 53 311 190
person 0.0644 57 -8 164 287
person 0.0270 112 21 159 104
person 0.0140 138 45 203 132
person 0.0128 287 -18 311 238
person 0.0114 65 58 242 178
person 0.0082 295 -34 309 207
person 0.0049 83 -33 183 215
person 0.0048 161 63 186 100
person 0.0035 143 78 223 238
person 0.0028 0 12 6 36
person 0.0027 -2 2 10 45
person 0.0025 75 52 156 214
person 0.0022 115 88 201 247
person 0.0020 162 58 198 132
person 0.0016 288 99 313 161
person 0.0015 298 84 309 164
person 0.0011 271 -39 314 210
person 0.0011 163 80 184 119
car 0.0013 92 1 261 230
bus 0.0052 92 1 261 230
train 0.0022 92 1 261 230
boat 0.0067 92 1 261 230
dog 0.0016 289 63 311 200
horse 0.0025 289 63 311 200
bottle 0.0011 206 137 215 149
bottle 0.0010 39 133 60 164
chair 0.0043 126 41 227 314
chair 0.0022 153 119 230 242
