person 0.0016 314 103 320 129
car 0.0042 -2 97 228 221
bus 0.0011 247 73 313 138
bottle 0.0089 34 151 58 184
bottle 0.0085 314 103 320 129
bottle 0.0020 39 156 51 175
bottle 0.0017 310 86 322 136
bottle 0.0010 30 142 65 193
bottle 0.0010 150 101 160 116
chair 0.9973 182 69 252 169
chair 0.9819 165 45 268 190
chair 0.7375 106 53 202 143
chair 0.0107 148 93 186 125
chair 0.0038 123 63 156 122
chair 0.0032 43 56 171 267
chair 0.0020 -2 97 228 221
chair 0.0015 131 61 171 137
sofa 0.6114 -3 91 227 205
sofa 0.1963 35 0 184 287
sofa 0.0316 174 24 256 215
sofa 0.0167 106 53 202 143
sofa 0.0033 182 69 252 169
sofa 0.0010 148 93 186 125
pottedplant 0.0087 -2 97 228 221
pottedplant 0.0039 314 103 320 129
pottedplant 0.0013 313 81 321 164
pottedplant 0.0012 311 91 322 140
diningtable 0.0011 148 93 186 125
diningtable 0.0010 174 24 256 215
tvmonitor 0.9972 246 64 315 148
tvmonitor 0.0346 295 90 323 133
tvmonitor 0.0331 290 82 329 142
tvmonitor 0.0154 127 70 150 117
tvmonitor 0.0135 310 86 322 136
tvmonitor 0.0056 315 95 320 126
tvmonitor 0.0051 264 74 305 136
tvmonitor 0.0026 300 67 323 158
tvmonitor 0.0011 -2 97 228 221
