person 0.9995 199 23 301 452
person 0.9987 -55 204 227 468
person 0.9888 65 125 177 366
person 0.9545 182 238 420 488
person 0.8802 166 114 336 367
person 0.8720 124 150 202 336
person 0.3425 19 126 141 351
person 0.0904 316 192 369 299
person 0.0826 -10 158 51 318
person 0.0527 35 26 184 475
person 0.0382 32 146 97 225
person 0.0286 27 128 99 309
person 0.0272 189 151 329 573
person 0.0196 202 253 313 457
person 0.0191 132 125 150 158
person 0.0176 -19 176 53 253
person 0.0140 215 61 383 530
person 0.0123 265 181 387 332
person 0.0122 114 135 166 260
person 0.0110 165 158 185 175
person 0.0101 -20 140 104 335
person 0.0085 46 158 90 213
person 0.0076 49 164 85 192
person 0.0060 95 184 375 383
person 0.0039 121 152 159 207
person 0.0038 7 133 117 242
person 0.0035 -47 330 186 499
person 0.0026 270 203 337 262
person 0.0023 274 142 386 606
person 0.0021 195 163 237 324
person 0.0020 -10 137 61 414
person 0.0020 98 159 246 316
person 0.0019 124 118 157 163
person 0.0016 326 182 378 376
person 0.0016 -20 158 400 339
person 0.0015 222 284 320 544
person 0.0014 124 279 181 517
person 0.0012 126 306 184 417
person 0.0011 0 195 38 217
person 0.0011 100 182 109 208
person 0.0010 -26 151 157 683
cat 0.0037 267 204 333 266
dog 0.0012 267 204 333 266
bottle 0.3594 158 233 188 331
bottle 0.0553 155 213 199 350
bottle 0.0520 178 230 205 313
bottle 0.0255 172 226 196 302
bottle 0.0120 176 251 189 295
bottle 0.0117 140 290 154 337
bottle 0.0098 165 252 180 278
bottle 0.0092 181 279 204 346
bottle 0.0082 229 222 244 270
bottle 0.0074 67 130 81 172
bottle 0.0070 184 251 197 296
bottle 0.0069 293 218 304 236
bottle 0.0051 215 190 230 219
bottle 0.0047 286 222 308 249
bottle 0.0041 173 234 188 261
bottle 0.0039 137 280 162 342
bottle 0.0028 165 231 182 261
bottle 0.0027 158 224 190 282
bottle 0.0026 185 266 201 301
bottle 0.0023 185 288 199 339
bottle 0.0018 156 235 168 254
bottle 0.0017 283 234 299 250
bottle 0.0016 125 140 216 369
bottle 0.0016 158 253 172 290
bottle 0.0013 102 139 112 174
bottle 0.0013 140 126 339 356
bottle 0.0012 153 241 178 307
chair 0.9828 -26 151 157 683
chair 0.9578 -47 330 186 499
chair 0.2247 181 288 423 495
chair 0.1812 -13 270 134 565
chair 0.1650 192 399 320 547
chair 0.0899 177 194 223 327
chair 0.0477 196 210 231 280
chair 0.0422 219 414 287 530
chair 0.0198 192 251 231 387
chair 0.0160 255 220 318 305
chair 0.0148 66 184 175 370
chair 0.0148 270 203 337 262
chair 0.0141 170 411 415 540
chair 0.0123 177 223 207 307
chair 0.0108 266 231 308 294
chair 0.0102 251 196 377 324
chair 0.0101 145 239 238 441
chair 0.0098 299 191 378 292
chair 0.0093 154 454 466 517
chair 0.0085 288 208 347 311
chair 0.0074 294 217 321 237
chair 0.0074 196 110 309 443
chair 0.0073 -3 246 15 356
chair 0.0065 66 246 144 320
chair 0.0054 115 240 169 354
chair 0.0054 270 212 283 254
chair 0.0052 210 455 309 519
chair 0.0048 -48 211 216 491
chair 0.0047 184 257 330 626
chair 0.0034 222 284 320 544
chair 0.0034 77 258 112 305
chair 0.0032 83 264 107 297
chair 0.0032 102 192 250 327
chair 0.0027 173 234 188 261
chair 0.0023 155 213 199 350
chair 0.0020 -17 185 50 231
chair 0.0019 310 219 323 248
chair 0.0018 47 196 199 289
chair 0.0018 71 212 136 346
chair 0.0018 209 478 311 508
chair 0.0018 125 140 216 369
chair 0.0018 136 283 158 342
chair 0.0017 165 198 243 290
chair 0.0017 179 166 248 394
chair 0.0017 214 431 280 487
chair 0.0016 208 88 387 550
chair 0.0013 166 200 197 271
chair 0.0012 158 224 190 282
chair 0.0012 -76 402 206 537
chair 0.0012 210 261 231 383
chair 0.0012 176 227 188 247
chair 0.0011 293 221 322 247
chair 0.0010 287 213 325 253
chair 0.0010 112 260 138 326
sofa 0.0904 182 238 420 488
sofa 0.0639 189 185 233 332
sofa 0.0074 57 69 230 447
sofa 0.0072 125 140 216 369
sofa 0.0045 98 159 246 316
sofa 0.0043 196 210 231 280
sofa 0.0042 179 166 248 394
sofa 0.0040 190 273 322 552
sofa 0.0034 196 110 309 443
sofa 0.0033 255 220 318 305
sofa 0.0029 -56 197 222 400
sofa 0.0027 66 184 175 370
sofa 0.0027 -47 330 186 499
sofa 0.0026 251 196 377 324
sofa 0.0026 173 203 214 348
sofa 0.0023 208 88 387 550
sofa 0.0022 266 231 308 294
sofa 0.0016 147 176 332 338
sofa 0.0013 -26 151 157 683
sofa 0.0010 299 191 378 292
pottedplant 0.0183 267 204 333 266
pottedplant 0.0029 191 33 294 441
diningtable 0.1564 117 227 238 447
diningtable 0.0806 103 143 250 520
diningtable 0.0156 71 225 177 265
diningtable 0.0099 251 196 377 324
diningtable 0.0099 92 193 233 367
diningtable 0.0082 150 225 202 359
diningtable 0.0042 115 240 169 354
diningtable 0.0036 102 227 186 280
diningtable 0.0030 168 365 303 537
diningtable 0.0027 50 227 312 424
diningtable 0.0021 66 184 175 370
diningtable 0.0021 57 69 230 447
diningtable 0.0020 38 194 233 288
diningtable 0.0016 261 204 320 315
diningtable 0.0015 -53 215 244 486
diningtable 0.0012 288 208 347 311
diningtable 0.0010 136 219 208 287
