person 0.9854 77 241 91 279
person 0.9808 93 238 108 278
person 0.9755 137 236 158 295
person 0.7218 86 242 98 276
person 0.4885 17 242 26 264
person 0.4248 12 243 19 264
person 0.4133 1 242 9 265
person 0.1123 28 239 37 264
person 0.1048 141 241 155 284
person 0.0788 86 233 115 283
person 0.0463 -105 145 652 288
person 0.0431 76 118 465 310
person 0.0181 69 237 98 282
person 0.0149 96 243 106 262
person 0.0074 -57 49 569 387
person 0.0072 115 245 124 272
person 0.0070 104 244 114 273
person 0.0063 -85 223 220 283
person 0.0062 49 248 58 264
person 0.0061 137 248 148 276
person 0.0051 138 161 155 188
person 0.0051 87 243 97 262
person 0.0049 67 250 77 267
person 0.0037 46 240 61 264
person 0.0030 432 244 443 258
person 0.0028 79 246 88 260
person 0.0027 57 251 66 265
person 0.0014 397 244 435 309
person 0.0014 39 250 48 263
person 0.0013 402 243 413 260
person 0.0012 32 240 49 263
person 0.0010 -23 229 71 273
car 0.0021 17 242 26 264
aeroplane 0.2024 76 91 464 297
aeroplane 0.1050 -68 120 613 270
bus 0.0027 45 118 470 311
boat 0.8489 53 97 464 294
boat 0.4855 -103 125 620 268
boat 0.0225 457 239 494 254
boat 0.0141 439 231 514 262
boat 0.0077 -57 49 569 387
boat 0.0057 491 238 500 257
boat 0.0040 474 241 496 255
boat 0.0029 437 244 458 256
boat 0.0027 458 241 476 254
boat 0.0025 432 244 443 258
boat 0.0013 445 243 464 256
