person 0.0048 51 225 106 330
person 0.0012 482 237 504 339
bird 0.0036 397 209 422 239
bird 0.0030 386 202 444 247
dog 0.0012 51 225 106 330
chair 0.2119 251 192 381 387
chair 0.0738 253 234 486 355
chair 0.0445 482 237 504 339
chair 0.0381 270 214 337 375
chair 0.0272 281 170 445 420
chair 0.0135 478 202 505 382
chair 0.0096 381 190 440 350
chair 0.0076 268 229 350 309
chair 0.0029 376 269 444 328
chair 0.0028 493 285 500 327
chair 0.0018 488 184 500 355
chair 0.0017 319 262 421 333
chair 0.0015 493 244 498 313
chair 0.0015 322 192 366 310
chair 0.0014 492 235 502 397
chair 0.0011 357 224 547 362
sofa 0.0259 482 237 504 339
sofa 0.0141 478 202 505 382
sofa 0.0103 286 171 534 456
sofa 0.0038 252 269 578 398
sofa 0.0012 488 184 500 355
pottedplant 0.0031 482 237 504 339
diningtable 0.0707 253 234 486 355
diningtable 0.0351 281 170 445 420
diningtable 0.0172 296 230 526 440
diningtable 0.0014 252 269 578 398
diningtable 0.0012 482 237 504 339
