person 0.4333 53 161 65 201
person 0.3828 48 152 68 211
person 0.2991 47 162 58 198
person 0.2422 46 159 57 183
person 0.1306 56 161 65 182
person 0.0646 0 160 5 180
person 0.0499 471 148 506 215
person 0.0443 51 175 61 200
person 0.0358 414 149 446 208
person 0.0330 104 160 116 183
person 0.0302 0 164 4 194
person 0.0217 9 164 15 178
person 0.0212 113 161 126 181
person 0.0184 380 167 397 196
person 0.0183 424 160 444 201
person 0.0154 406 164 423 198
person 0.0151 123 162 135 179
person 0.0106 42 161 50 183
person 0.0099 394 141 457 217
person 0.0070 0 157 4 172
person 0.0067 65 162 78 180
person 0.0055 101 165 115 195
person 0.0051 141 165 158 198
person 0.0050 217 157 233 187
person 0.0048 491 147 499 214
person 0.0047 324 166 340 194
person 0.0045 167 167 176 210
person 0.0045 492 150 499 193
person 0.0044 51 105 183 236
person 0.0042 402 154 432 204
person 0.0042 448 162 466 197
person 0.0039 422 157 438 188
person 0.0039 296 168 309 190
person 0.0037 278 167 290 187
person 0.0037 258 158 272 188
person 0.0032 105 38 422 335
person 0.0031 445 151 472 206
person 0.0031 0 157 2 221
person 0.0027 485 133 502 264
person 0.0027 474 104 504 288
person 0.0024 395 115 441 274
person 0.0022 94 167 110 196
person 0.0022 332 164 347 196
person 0.0019 143 161 157 184
person 0.0019 374 155 402 204
person 0.0017 123 156 134 171
person 0.0014 455 140 517 224
person 0.0013 74 160 84 185
person 0.0013 -1 116 6 263
person 0.0013 404 141 426 256
person 0.0013 114 155 127 171
person 0.0013 477 162 495 200
person 0.0012 35 143 54 220
person 0.0012 76 163 86 195
person 0.0012 83 156 96 189
person 0.0011 342 158 358 187
person 0.0011 28 163 36 199
person 0.0011 -3 135 9 225
person 0.0010 191 159 202 182
person 0.0010 105 154 117 175
bicycle 0.0088 51 175 61 200
bicycle 0.0026 47 162 58 198
bicycle 0.0012 53 161 65 201
car 0.9327 441 173 510 380
car 0.1615 141 165 158 198
car 0.0333 0 164 4 194
car 0.0278 65 162 78 180
car 0.0259 0 160 5 180
car 0.0222 143 161 157 184
car 0.0208 137 154 163 207
car 0.0201 56 161 65 182
car 0.0191 46 159 57 183
car 0.0075 47 154 71 172
car 0.0040 9 164 15 178
car 0.0040 4 171 20 186
car 0.0039 138 27 409 346
car 0.0023 135 171 147 192
car 0.0021 367 14 515 371
car 0.0020 0 157 4 172
car 0.0014 150 166 161 197
car 0.0011 474 104 504 319
car 0.0010 491 202 501 391
bus 0.9986 114 16 417 337
bus 0.9722 37 106 181 235
bus 0.9124 337 36 537 269
bus 0.1482 52 114 472 226
bus 0.1003 360 -79 515 428
bus 0.0525 95 118 151 222
bus 0.0393 137 154 163 207
bus 0.0338 143 161 157 184
bus 0.0309 44 155 66 171
bus 0.0212 74 135 106 207
bus 0.0188 144 131 171 215
bus 0.0165 46 159 57 183
bus 0.0146 141 165 158 198
bus 0.0086 386 70 516 319
bus 0.0073 40 145 68 201
bus 0.0066 62 123 137 221
bus 0.0054 56 161 65 182
bus 0.0045 144 149 156 174
bus 0.0030 28 136 95 187
bus 0.0021 65 162 78 180
bus 0.0021 324 114 380 246
bus 0.0021 444 128 508 383
bus 0.0018 42 138 76 186
bus 0.0017 150 158 161 184
bus 0.0015 63 153 81 174
bus 0.0012 112 139 148 201
bus 0.0012 140 129 160 198
bus 0.0011 44 142 66 166
train 0.0043 34 95 183 236
train 0.0013 105 38 422 335
pottedplant 0.0032 140 172 159 201
