person 0.0309 -3 202 583 462
person 0.0154 44 -21 211 102
person 0.0064 64 13 159 83
person 0.0017 -30 24 89 176
person 0.0015 -21 -89 229 325
person 0.0015 104 -6 195 65
person 0.0012 40 -73 243 158
person 0.0010 -13 -24 73 229
cat 0.0015 -30 24 89 176
bottle 0.6864 33 -7 147 255
bottle 0.4007 385 15 408 106
bottle 0.2024 225 38 263 109
bottle 0.0725 397 0 421 112
bottle 0.0260 7 -57 182 337
bottle 0.0160 66 33 101 106
bottle 0.0088 -56 50 259 228
bottle 0.0066 213 32 278 115
bottle 0.0061 216 25 237 112
bottle 0.0054 193 5 206 32
bottle 0.0030 75 43 91 74
bottle 0.0016 219 51 229 103
bottle 0.0013 228 43 242 73
bottle 0.0011 53 35 116 115
bottle 0.0011 376 -7 421 122
bottle 0.0010 400 55 414 94
chair 0.8587 266 -25 340 113
chair 0.7416 246 -48 360 135
chair 0.2724 188 -46 319 137
chair 0.2653 -3 202 583 462
chair 0.1543 217 -24 292 115
chair 0.1357 -19 3 67 93
chair 0.1099 27 -95 236 318
chair 0.1067 -10 12 69 264
chair 0.0916 33 12 75 83
chair 0.0912 143 110 582 315
chair 0.0904 17 -1 85 98
chair 0.0846 34 7 148 263
chair 0.0826 107 -26 258 143
chair 0.0694 -53 32 299 180
chair 0.0450 64 5 134 68
chair 0.0365 -7 19 30 79
chair 0.0345 162 -11 231 127
chair 0.0306 104 -6 195 65
chair 0.0303 44 -21 211 102
chair 0.0299 -4 34 30 278
chair 0.0221 438 141 514 403
chair 0.0198 222 172 582 363
chair 0.0176 -30 24 89 176
chair 0.0150 252 -22 299 108
chair 0.0137 -38 174 277 353
chair 0.0122 148 2 242 53
chair 0.0120 194 -18 239 110
chair 0.0119 16 82 233 504
chair 0.0112 197 -9 232 68
chair 0.0110 -2 10 64 50
chair 0.0106 0 30 11 64
chair 0.0095 -32 -4 99 117
chair 0.0091 7 19 46 39
chair 0.0091 -18 -45 152 325
chair 0.0080 79 8 210 232
chair 0.0077 92 20 204 97
chair 0.0076 262 -16 289 92
chair 0.0073 -2 28 14 47
chair 0.0066 -1 20 12 37
chair 0.0066 130 -35 236 235
chair 0.0061 470 144 506 440
chair 0.0058 68 -21 118 79
chair 0.0050 344 75 522 521
chair 0.0050 77 21 120 36
chair 0.0049 191 -8 224 48
chair 0.0048 168 -85 404 180
chair 0.0047 197 7 215 33
chair 0.0046 83 9 176 53
chair 0.0046 -2 -37 33 393
chair 0.0044 196 28 311 87
chair 0.0044 4 15 46 80
chair 0.0043 200 25 233 112
chair 0.0041 325 -36 389 121
chair 0.0039 201 5 225 33
chair 0.0036 193 5 206 32
chair 0.0036 80 18 156 79
chair 0.0036 77 14 119 61
chair 0.0035 170 15 202 36
chair 0.0032 -5 -37 25 202
chair 0.0032 -10 -9 37 101
chair 0.0030 81 26 118 49
chair 0.0027 181 5 366 120
chair 0.0026 105 24 137 45
chair 0.0026 69 7 95 70
chair 0.0026 0 35 23 59
chair 0.0025 91 66 614 248
chair 0.0025 140 6 178 31
chair 0.0024 -2 46 27 68
chair 0.0020 311 -8 334 101
chair 0.0020 212 -9 237 70
chair 0.0020 181 -11 248 51
chair 0.0019 322 -10 339 104
chair 0.0019 213 21 488 358
chair 0.0017 188 14 207 38
chair 0.0017 -7 102 71 188
chair 0.0017 -30 -71 230 153
chair 0.0016 462 -34 504 466
chair 0.0015 -41 72 253 307
chair 0.0014 20 -32 153 88
chair 0.0014 182 43 267 233
chair 0.0014 216 25 237 112
chair 0.0013 387 173 524 444
chair 0.0013 369 -25 423 124
chair 0.0013 -1 6 13 125
chair 0.0013 442 24 496 137
chair 0.0012 137 2 180 54
chair 0.0011 299 -62 453 153
chair 0.0011 391 -9 427 122
sofa 0.9935 72 72 612 304
sofa 0.8554 -21 -89 229 325
sofa 0.8456 -73 35 281 188
sofa 0.8391 190 32 483 351
sofa 0.1872 -3 202 583 462
sofa 0.0714 -10 12 69 264
sofa 0.0266 51 -18 230 102
sofa 0.0257 -4 34 30 278
sofa 0.0227 73 -93 257 230
sofa 0.0123 -30 24 89 176
sofa 0.0116 79 136 502 391
sofa 0.0111 79 8 210 232
sofa 0.0106 -28 -1 95 98
sofa 0.0101 230 129 562 307
sofa 0.0094 -48 238 631 365
sofa 0.0084 107 -26 258 143
sofa 0.0057 -2 -37 33 393
sofa 0.0050 130 -35 236 235
sofa 0.0039 -57 76 299 305
sofa 0.0036 -20 12 355 154
sofa 0.0026 64 5 134 68
sofa 0.0025 30 -7 167 250
sofa 0.0025 92 20 204 97
sofa 0.0022 -5 -37 25 202
sofa 0.0022 224 211 572 372
sofa 0.0016 208 60 586 239
sofa 0.0013 -6 8 60 50
sofa 0.0012 471 181 505 440
sofa 0.0011 89 258 502 397
diningtable 0.1966 -52 176 275 353
diningtable 0.0518 -3 202 583 462
diningtable 0.0432 -28 -1 95 98
diningtable 0.0196 3 65 199 321
diningtable 0.0182 190 -24 300 85
diningtable 0.0077 148 -82 354 178
diningtable 0.0056 148 2 242 53
diningtable 0.0050 164 0 326 121
diningtable 0.0047 246 -48 360 135
diningtable 0.0038 464 121 506 390
diningtable 0.0031 438 141 514 403
diningtable 0.0025 -1 20 12 37
diningtable 0.0022 -2 28 14 47
diningtable 0.0022 23 32 220 519
diningtable 0.0020 101 -29 265 125
diningtable 0.0018 60 1 129 73
diningtable 0.0014 266 -25 340 113
diningtable 0.0010 75 3 205 58
diningtable 0.0010 259 -5 345 45
tvmonitor 0.0024 -2 10 64 50
tvmonitor 0.0013 7 19 46 39
