person 0.9998 255 35 573 271
person 0.9988 164 52 412 230
person 0.9984 -5 -104 154 341
person 0.9961 49 45 283 220
person 0.9960 81 -167 257 427
person 0.9871 198 -158 374 438
person 0.9200 15 -2 152 252
person 0.7243 396 16 520 166
person 0.7043 200 -25 352 300
person 0.5501 422 33 488 150
person 0.2399 94 -25 235 287
person 0.0752 -5 35 34 188
person 0.0134 96 82 479 258
person 0.0112 -2 40 13 154
person 0.0053 421 -20 514 280
person 0.0034 0 83 33 166
person 0.0026 182 3 265 287
person 0.0023 -71 50 203 220
person 0.0021 -2 67 8 184
person 0.0018 -2 20 26 277
person 0.0017 450 217 515 301
person 0.0017 -5 61 34 134
person 0.0016 0 62 4 132
person 0.0015 83 6 137 145
person 0.0013 0 59 7 113
person 0.0011 -15 81 76 370
person 0.0010 -33 183 97 305
person 0.0010 461 24 507 157
person 0.0010 0 60 2 190
bottle 0.0049 -7 201 32 261
bottle 0.0031 0 85 34 148
bottle 0.0029 -17 198 66 267
bottle 0.0027 -2 195 15 268
bottle 0.0023 0 212 8 252
bottle 0.0020 118 153 174 278
bottle 0.0018 -1 205 6 239
bottle 0.0015 0 127 4 181
bottle 0.0014 -56 53 272 392
bottle 0.0013 -1 94 9 234
bottle 0.0013 27 159 63 208
bottle 0.0012 -2 78 29 264
bottle 0.0011 -32 174 93 285
chair 0.2201 398 10 530 173
chair 0.0467 437 23 506 161
chair 0.0221 177 28 250 106
chair 0.0153 290 50 561 276
chair 0.0119 0 83 33 166
chair 0.0113 442 73 509 231
chair 0.0108 332 120 371 164
chair 0.0098 428 86 522 148
chair 0.0066 324 112 381 173
chair 0.0050 0 60 2 190
chair 0.0048 -5 35 34 188
chair 0.0047 208 192 229 218
chair 0.0046 310 98 348 152
chair 0.0035 265 10 352 95
chair 0.0034 -2 67 8 184
chair 0.0019 438 33 508 339
chair 0.0019 175 -133 351 407
chair 0.0018 -31 106 96 234
chair 0.0018 236 114 283 259
chair 0.0018 231 16 411 328
chair 0.0017 301 89 361 162
chair 0.0017 2 129 29 158
chair 0.0016 408 53 532 244
chair 0.0016 214 213 237 235
chair 0.0015 279 48 352 106
chair 0.0014 81 -143 257 376
chair 0.0013 317 110 341 141
chair 0.0012 257 -4 372 145
chair 0.0011 470 40 503 260
chair 0.0011 -16 187 154 310
chair 0.0011 52 143 128 210
chair 0.0010 250 114 302 260
chair 0.0010 0 118 3 174
chair 0.0010 369 149 406 214
sofa 0.0908 398 10 530 173
sofa 0.0168 132 47 613 252
sofa 0.0087 437 23 506 161
sofa 0.0072 175 -133 351 407
sofa 0.0035 177 28 250 106
sofa 0.0029 24 101 474 272
sofa 0.0020 421 -20 514 280
sofa 0.0016 81 -143 257 376
sofa 0.0010 357 -55 530 255
diningtable 0.5157 35 148 464 279
diningtable 0.4249 -35 73 532 378
diningtable 0.2173 -56 53 272 392
diningtable 0.0480 -106 142 324 273
diningtable 0.0151 140 139 452 357
diningtable 0.0026 -31 106 96 234
diningtable 0.0025 -6 187 254 304
diningtable 0.0022 132 179 264 282
diningtable 0.0019 -36 210 98 313
diningtable 0.0019 138 76 599 264
diningtable 0.0012 -26 62 133 376
diningtable 0.0011 -13 78 76 336
diningtable 0.0010 121 221 516 300
diningtable 0.0010 -21 153 122 261
tvmonitor 0.0052 265 10 352 95
