person 0.4745 134 79 169 129
person 0.1079 141 88 164 122
person 0.0458 122 69 176 140
person 0.0170 224 86 302 163
person 0.0100 166 59 316 176
person 0.0069 140 83 158 107
person 0.0050 46 54 505 328
person 0.0037 196 72 278 157
person 0.0033 310 61 361 183
person 0.0029 327 82 356 166
person 0.0019 288 76 417 195
person 0.0017 278 83 308 166
person 0.0013 318 115 403 177
person 0.0011 252 97 292 151
person 0.0011 252 54 381 192
person 0.0010 149 85 165 109
car 0.9878 26 60 456 327
car 0.0164 230 79 571 234
car 0.0100 269 -23 538 373
car 0.0032 349 32 474 177
motorbike 0.0021 22 76 460 347
bus 0.0013 7 19 440 305
sofa 0.0030 269 -23 538 373
pottedplant 0.0028 370 51 433 109
diningtable 0.0021 8 81 441 341
