person 0.0367 -26 279 90 416
person 0.0221 -1 191 5 229
person 0.0121 -7 124 150 432
person 0.0063 414 108 436 198
person 0.0058 -3 165 10 259
person 0.0058 0 181 3 258
person 0.0030 33 153 55 171
person 0.0029 -1 157 9 323
person 0.0026 41 154 61 170
person 0.0022 -5 160 35 313
person 0.0019 0 142 10 168
person 0.0016 418 144 433 185
person 0.0015 447 111 481 176
person 0.0012 477 178 494 207
person 0.0011 269 172 276 188
bicycle 0.5984 344 177 429 266
bicycle 0.1108 312 167 508 275
bicycle 0.0022 329 96 481 339
bicycle 0.0020 17 154 52 210
bicycle 0.0012 369 192 411 250
bicycle 0.0010 -17 146 62 218
car 0.0018 -1 191 5 229
car 0.0017 -7 124 150 432
car 0.0012 -42 184 138 280
boat 0.0033 479 139 505 208
boat 0.0021 0 188 6 218
boat 0.0017 -12 171 44 231
chair 0.9948 0 123 166 456
chair 0.6365 20 192 144 389
chair 0.1885 50 158 76 188
chair 0.1764 -13 221 59 364
chair 0.1110 12 147 94 213
chair 0.0801 17 154 52 210
chair 0.0654 41 160 63 185
chair 0.0608 353 158 389 182
chair 0.0450 31 158 54 187
chair 0.0372 52 154 86 195
chair 0.0323 55 169 85 190
chair 0.0238 26 149 60 197
chair 0.0231 41 154 61 170
chair 0.0221 22 169 46 197
chair 0.0205 52 159 70 170
chair 0.0154 -19 198 192 338
chair 0.0141 337 150 400 191
chair 0.0140 33 153 55 171
chair 0.0132 336 156 364 186
chair 0.0122 33 152 71 208
chair 0.0102 367 157 388 174
chair 0.0099 349 158 372 182
chair 0.0095 28 171 54 193
chair 0.0091 -21 234 67 306
chair 0.0070 -17 146 62 218
chair 0.0068 37 172 69 189
chair 0.0057 34 156 106 204
chair 0.0051 -2 224 11 333
chair 0.0049 -15 188 108 369
chair 0.0044 352 155 369 174
chair 0.0042 300 144 380 197
chair 0.0040 205 171 227 189
chair 0.0039 24 163 46 185
chair 0.0033 -1 191 5 229
chair 0.0030 0 247 4 308
chair 0.0027 20 153 43 171
chair 0.0024 223 171 245 188
chair 0.0024 -6 180 38 330
chair 0.0024 17 177 35 203
chair 0.0020 20 171 34 196
chair 0.0019 330 157 353 186
chair 0.0018 63 158 80 171
chair 0.0018 318 159 344 186
chair 0.0016 214 170 235 188
chair 0.0016 -8 256 31 340
chair 0.0014 -5 224 35 394
chair 0.0014 312 148 349 192
chair 0.0013 312 154 332 171
chair 0.0012 -8 239 32 300
chair 0.0012 315 121 346 183
chair 0.0012 -37 125 131 230
chair 0.0012 339 157 363 173
chair 0.0012 312 156 349 171
chair 0.0012 314 139 331 168
chair 0.0011 -12 171 44 231
chair 0.0010 321 133 340 170
chair 0.0010 31 174 50 204
chair 0.0010 61 55 82 79
sofa 0.0030 -7 124 150 432
pottedplant 0.3513 401 118 516 438
pottedplant 0.0291 92 147 128 196
pottedplant 0.0282 -16 132 51 192
pottedplant 0.0241 -1 146 11 176
pottedplant 0.0138 0 163 25 189
pottedplant 0.0118 96 157 123 187
pottedplant 0.0110 353 166 536 377
pottedplant 0.0089 9 149 41 172
pottedplant 0.0088 414 104 436 185
pottedplant 0.0077 311 47 400 233
pottedplant 0.0067 82 140 141 202
pottedplant 0.0065 479 139 505 208
pottedplant 0.0057 -26 279 90 416
pottedplant 0.0049 33 153 55 171
pottedplant 0.0048 -6 150 31 194
pottedplant 0.0043 469 79 505 238
pottedplant 0.0027 364 1 522 544
pottedplant 0.0025 487 152 500 193
pottedplant 0.0024 0 148 24 175
pottedplant 0.0022 -4 133 19 193
pottedplant 0.0022 68 156 95 171
pottedplant 0.0021 94 159 111 185
pottedplant 0.0019 -7 112 38 241
pottedplant 0.0019 6 142 44 182
pottedplant 0.0018 70 64 153 162
pottedplant 0.0018 315 67 366 210
pottedplant 0.0018 89 153 112 175
pottedplant 0.0017 467 109 505 180
pottedplant 0.0015 267 162 281 185
pottedplant 0.0015 413 136 437 208
pottedplant 0.0015 79 154 103 171
pottedplant 0.0014 483 104 503 184
pottedplant 0.0013 434 99 517 189
pottedplant 0.0013 447 111 481 176
pottedplant 0.0011 80 102 135 217
pottedplant 0.0011 99 152 121 177
pottedplant 0.0011 468 118 506 314
diningtable 0.0176 -21 234 67 306
diningtable 0.0132 -14 204 58 349
diningtable 0.0122 353 158 389 182
diningtable 0.0034 -12 186 39 201
diningtable 0.0030 -11 129 160 450
diningtable 0.0026 -14 219 50 280
diningtable 0.0020 50 158 76 188
diningtable 0.0020 55 169 85 190
diningtable 0.0016 -6 180 38 330
diningtable 0.0015 41 160 63 185
diningtable 0.0015 37 172 69 189
diningtable 0.0015 31 158 54 187
diningtable 0.0015 28 171 54 193
diningtable 0.0013 337 150 400 191
diningtable 0.0013 367 157 388 174
diningtable 0.0012 12 147 94 213
diningtable 0.0011 -19 123 443 332
diningtable 0.0010 0 237 4 303
