person 0.9941 -84 66 323 318
person 0.9911 170 59 571 303
person 0.2831 -5 52 31 259
person 0.0903 -2 50 14 177
person 0.0525 -6 -11 20 212
person 0.0284 -7 -19 36 334
person 0.0272 164 26 213 143
person 0.0153 432 75 508 277
person 0.0125 469 49 506 294
person 0.0085 204 18 242 137
person 0.0050 -1 3 9 167
person 0.0047 0 66 5 123
person 0.0046 -3 98 13 226
person 0.0041 0 56 3 150
person 0.0037 237 49 311 152
person 0.0035 182 56 297 175
person 0.0034 467 -16 504 446
person 0.0034 138 -44 351 246
person 0.0030 169 37 206 93
person 0.0028 485 148 502 251
person 0.0024 472 122 506 383
person 0.0021 119 77 248 232
person 0.0019 1 77 5 168
person 0.0018 -2 164 10 292
person 0.0017 204 42 310 239
person 0.0017 430 265 522 361
person 0.0016 390 44 508 235
person 0.0016 0 44 3 106
person 0.0015 208 63 269 168
person 0.0014 468 75 504 120
person 0.0014 -3 112 21 354
person 0.0014 472 83 499 111
person 0.0013 494 72 500 118
person 0.0013 490 106 501 275
person 0.0012 169 37 273 244
person 0.0012 -2 124 8 254
person 0.0010 -39 36 109 168
person 0.0010 5 65 45 238
car 0.0011 130 78 534 308
sheep 0.0010 120 75 244 212
bottle 0.9488 32 63 71 218
bottle 0.9173 10 56 46 222
bottle 0.7098 201 18 242 132
bottle 0.5453 13 74 40 174
bottle 0.4844 46 65 82 211
bottle 0.2539 30 91 51 193
bottle 0.2484 57 95 86 189
bottle 0.1726 49 75 77 171
bottle 0.1007 -5 52 31 259
bottle 0.0966 164 29 210 163
bottle 0.0863 55 86 71 122
bottle 0.0829 38 77 62 169
bottle 0.0595 23 70 46 192
bottle 0.0447 26 141 53 196
bottle 0.0351 165 54 193 153
bottle 0.0328 13 114 38 208
bottle 0.0275 62 144 84 181
bottle 0.0215 34 107 47 157
bottle 0.0194 -3 75 14 188
bottle 0.0110 26 151 42 191
bottle 0.0105 42 91 58 133
bottle 0.0080 50 80 76 131
bottle 0.0063 65 97 90 170
bottle 0.0062 182 42 207 165
bottle 0.0059 20 149 33 193
bottle 0.0056 67 108 80 139
bottle 0.0044 31 105 41 159
bottle 0.0044 55 142 70 185
bottle 0.0037 -82 68 305 295
bottle 0.0035 15 122 32 158
bottle 0.0032 9 118 20 149
bottle 0.0029 211 101 223 146
bottle 0.0029 -17 44 111 233
bottle 0.0027 57 89 70 104
bottle 0.0027 63 125 81 157
bottle 0.0026 170 59 186 90
bottle 0.0022 -7 -19 36 334
bottle 0.0022 48 130 72 192
bottle 0.0020 16 135 34 169
bottle 0.0019 65 100 76 126
bottle 0.0018 199 81 227 150
bottle 0.0018 74 127 88 158
bottle 0.0016 37 95 53 132
bottle 0.0014 75 136 89 167
bottle 0.0012 1 83 6 181
bottle 0.0012 63 90 73 118
bottle 0.0010 24 90 38 135
bottle 0.0010 177 33 213 120
bottle 0.0010 243 85 263 122
chair 0.9639 199 75 277 314
chair 0.8904 436 80 495 268
chair 0.8081 468 48 507 264
chair 0.5137 119 77 248 232
chair 0.3430 210 62 570 319
chair 0.2940 279 64 350 214
chair 0.2553 246 56 357 254
chair 0.1550 250 79 300 235
chair 0.1428 237 49 311 152
chair 0.1328 467 78 504 127
chair 0.0852 194 80 275 163
chair 0.0710 473 87 497 116
chair 0.0640 263 76 340 127
chair 0.0618 375 50 526 183
chair 0.0421 182 56 297 175
chair 0.0398 471 178 505 369
chair 0.0339 170 41 279 417
chair 0.0323 241 78 283 271
chair 0.0302 396 41 503 274
chair 0.0260 403 151 438 171
chair 0.0254 430 265 522 361
chair 0.0250 137 124 240 204
chair 0.0186 199 81 227 150
chair 0.0173 303 87 340 114
chair 0.0154 146 88 219 219
chair 0.0150 -86 153 334 330
chair 0.0141 215 45 372 151
chair 0.0132 443 203 511 370
chair 0.0115 -5 50 30 299
chair 0.0114 494 72 500 118
chair 0.0104 218 217 272 361
chair 0.0099 433 46 509 379
chair 0.0097 282 91 320 114
chair 0.0089 369 -10 514 347
chair 0.0089 492 85 499 120
chair 0.0081 303 93 322 112
chair 0.0076 215 54 292 407
chair 0.0075 472 97 499 127
chair 0.0074 492 45 501 278
chair 0.0070 262 113 519 194
chair 0.0063 469 86 504 158
chair 0.0060 483 163 503 254
chair 0.0059 251 62 299 139
chair 0.0058 237 81 269 125
chair 0.0055 195 -2 388 320
chair 0.0051 487 267 502 359
chair 0.0045 355 259 544 363
chair 0.0041 242 95 305 167
chair 0.0041 -6 70 92 115
chair 0.0040 220 74 276 133
chair 0.0038 -3 53 14 190
chair 0.0036 -2 164 10 292
chair 0.0035 192 65 327 246
chair 0.0035 468 174 509 245
chair 0.0035 391 75 502 134
chair 0.0035 360 139 518 428
chair 0.0031 495 271 500 342
chair 0.0030 236 90 256 117
chair 0.0026 277 17 516 259
chair 0.0025 252 98 277 223
chair 0.0025 254 163 278 274
chair 0.0024 468 -15 503 407
chair 0.0023 209 146 536 418
chair 0.0023 46 39 457 363
chair 0.0022 205 172 284 375
chair 0.0022 211 101 223 146
chair 0.0021 0 66 5 123
chair 0.0021 5 65 45 238
chair 0.0021 258 101 293 203
chair 0.0020 410 103 423 141
chair 0.0020 491 171 501 402
chair 0.0020 413 85 428 123
chair 0.0019 291 76 350 117
chair 0.0019 485 59 501 147
chair 0.0019 497 47 500 121
chair 0.0018 194 97 244 250
chair 0.0018 494 174 500 226
chair 0.0017 32 77 71 222
chair 0.0017 0 63 3 163
chair 0.0016 -6 65 28 161
chair 0.0015 82 97 353 316
chair 0.0015 287 103 313 123
chair 0.0015 494 86 500 139
chair 0.0014 232 91 245 116
chair 0.0014 -1 135 7 360
chair 0.0013 393 90 483 152
chair 0.0013 496 150 500 232
chair 0.0013 31 80 58 150
chair 0.0012 409 193 530 390
chair 0.0012 172 27 215 165
chair 0.0012 213 84 257 148
chair 0.0012 277 89 323 105
chair 0.0012 57 89 70 104
chair 0.0011 473 216 504 319
chair 0.0011 29 85 55 103
chair 0.0011 -3 129 21 377
chair 0.0011 237 51 318 335
chair 0.0010 1 77 5 168
chair 0.0010 176 74 239 155
chair 0.0010 -31 47 97 189
sofa 0.0035 471 178 505 369
sofa 0.0023 -86 153 334 330
sofa 0.0022 130 78 534 308
sofa 0.0011 187 -18 386 280
diningtable 0.1456 120 75 244 212
diningtable 0.0854 107 -20 324 272
diningtable 0.0853 -78 63 322 299
diningtable 0.0312 472 106 504 321
diningtable 0.0151 -2 164 10 292
diningtable 0.0149 -28 -7 235 272
diningtable 0.0142 483 163 503 254
diningtable 0.0137 468 174 509 245
diningtable 0.0103 187 -18 386 280
diningtable 0.0092 468 199 505 373
diningtable 0.0073 146 82 212 202
diningtable 0.0071 -3 112 21 354
diningtable 0.0057 182 56 297 175
diningtable 0.0054 492 183 500 234
diningtable 0.0046 17 42 410 363
diningtable 0.0033 242 95 305 167
diningtable 0.0032 -1 135 7 360
diningtable 0.0030 213 28 524 248
diningtable 0.0025 87 78 405 256
diningtable 0.0023 -71 153 281 335
diningtable 0.0023 -29 36 114 168
diningtable 0.0023 141 73 301 239
diningtable 0.0020 467 14 504 453
diningtable 0.0019 375 50 526 183
diningtable 0.0019 489 143 501 313
diningtable 0.0017 220 74 276 133
diningtable 0.0017 432 51 509 413
diningtable 0.0015 142 -4 290 401
diningtable 0.0015 137 124 240 204
diningtable 0.0014 169 100 233 217
diningtable 0.0014 246 96 538 186
diningtable 0.0012 250 79 300 235
diningtable 0.0012 263 76 340 127
diningtable 0.0010 0 185 5 234
