person 0.9042 312 188 331 259
person 0.8340 281 189 302 247
person 0.4393 265 194 288 244
person 0.4038 433 219 448 260
person 0.3992 228 194 243 228
person 0.2352 226 187 248 252
person 0.1609 285 196 299 231
person 0.1058 274 198 286 228
person 0.1052 326 210 339 250
person 0.0989 320 200 342 257
person 0.0952 402 215 415 249
person 0.0552 432 209 456 265
person 0.0501 316 202 327 241
person 0.0430 437 222 452 258
person 0.0345 390 213 407 250
person 0.0264 385 206 413 260
person 0.0250 414 229 435 256
person 0.0232 221 194 234 227
person 0.0224 272 194 281 216
person 0.0163 266 152 282 171
person 0.0122 235 205 247 234
person 0.0107 324 209 336 237
person 0.0106 250 206 279 232
person 0.0083 41 81 465 286
person 0.0080 252 180 264 220
person 0.0068 251 207 265 232
person 0.0058 317 203 325 223
person 0.0057 392 211 405 234
person 0.0050 331 218 347 245
person 0.0050 239 189 303 249
person 0.0045 251 198 263 226
person 0.0041 326 204 353 255
person 0.0040 393 213 421 264
person 0.0033 268 216 283 237
person 0.0033 315 189 328 214
person 0.0030 153 145 163 162
person 0.0028 437 212 452 234
person 0.0026 408 220 427 243
person 0.0026 253 146 276 175
person 0.0025 255 194 329 248
person 0.0025 253 187 263 203
person 0.0024 267 149 279 165
person 0.0024 189 93 203 113
person 0.0022 -84 115 590 250
person 0.0018 449 217 463 245
person 0.0018 215 186 240 238
person 0.0017 431 213 448 231
person 0.0016 433 234 445 258
person 0.0016 274 216 289 238
person 0.0014 275 156 286 170
person 0.0014 400 206 471 273
person 0.0013 444 226 470 258
person 0.0012 247 175 268 231
person 0.0012 333 208 344 234
person 0.0012 408 221 443 261
person 0.0012 288 194 296 216
person 0.0011 290 210 310 232
person 0.0011 135 146 147 162
person 0.0011 258 147 273 166
person 0.0011 457 215 468 246
person 0.0010 254 205 275 224
person 0.0010 325 198 337 226
bicycle 0.0016 250 206 279 232
car 0.0020 246 200 284 237
car 0.0011 239 189 303 249
train 0.9988 -17 28 267 369
train 0.7329 -66 114 315 255
train 0.0016 -60 65 479 323
bottle 0.0016 433 219 448 260
bottle 0.0013 268 202 285 239
chair 0.0398 250 206 279 232
chair 0.0144 268 202 285 239
chair 0.0143 433 219 448 260
chair 0.0105 284 195 300 243
chair 0.0058 437 222 452 258
chair 0.0035 401 224 416 255
chair 0.0030 241 191 292 246
chair 0.0027 254 205 275 224
chair 0.0021 251 207 265 232
chair 0.0018 414 229 435 256
chair 0.0017 433 234 445 258
chair 0.0014 270 197 284 226
chair 0.0014 231 197 245 239
chair 0.0010 439 234 450 258
pottedplant 0.3356 414 229 435 256
pottedplant 0.2446 401 224 416 255
pottedplant 0.2442 384 211 416 264
pottedplant 0.1527 389 224 409 254
pottedplant 0.0597 437 222 452 258
pottedplant 0.0532 433 219 448 260
pottedplant 0.0518 432 209 456 265
pottedplant 0.0399 408 221 443 261
pottedplant 0.0350 440 219 473 263
pottedplant 0.0288 350 217 384 241
pottedplant 0.0248 372 205 430 272
pottedplant 0.0214 388 236 411 257
pottedplant 0.0210 412 222 440 241
pottedplant 0.0147 386 224 397 253
pottedplant 0.0144 396 211 459 268
pottedplant 0.0130 408 220 427 243
pottedplant 0.0109 431 213 448 231
pottedplant 0.0105 437 212 452 234
pottedplant 0.0083 433 234 445 258
pottedplant 0.0074 391 196 461 247
pottedplant 0.0068 337 221 361 243
pottedplant 0.0063 400 210 417 234
pottedplant 0.0062 414 212 439 232
pottedplant 0.0062 408 210 428 233
pottedplant 0.0056 392 211 405 234
pottedplant 0.0051 402 205 434 259
pottedplant 0.0048 394 193 422 252
pottedplant 0.0047 439 234 450 258
pottedplant 0.0043 449 217 463 245
pottedplant 0.0028 456 227 470 254
pottedplant 0.0023 428 212 483 271
pottedplant 0.0023 457 215 468 246
pottedplant 0.0021 465 238 485 257
pottedplant 0.0019 331 218 347 245
pottedplant 0.0015 407 201 444 244
pottedplant 0.0014 326 210 339 250
pottedplant 0.0012 371 207 389 235
pottedplant 0.0010 332 180 498 285
diningtable 0.0121 250 206 279 232
diningtable 0.0032 268 202 285 239
diningtable 0.0025 412 222 440 241
diningtable 0.0017 433 219 448 260
diningtable 0.0010 414 229 435 256
