person 0.0017 307 178 318 225
person 0.0015 -2 35 14 436
bicycle 0.0011 328 125 465 350
bird 0.0014 21 40 83 110
bird 0.0012 32 48 70 101
bottle 0.0017 17 295 124 412
bottle 0.0015 169 128 203 166
bottle 0.0015 52 218 76 320
bottle 0.0015 -3 240 68 338
bottle 0.0014 38 235 65 322
bottle 0.0012 174 184 186 218
chair 0.9976 169 134 284 388
chair 0.9895 109 143 205 394
chair 0.9762 35 142 139 410
chair 0.9324 321 54 484 421
chair 0.8395 350 121 477 354
chair 0.7922 26 141 145 258
chair 0.7265 432 177 508 368
chair 0.2586 183 160 223 228
chair 0.1638 -21 60 144 529
chair 0.1298 403 122 496 349
chair 0.0834 -8 160 103 426
chair 0.0563 129 74 306 452
chair 0.0430 105 178 210 228
chair 0.0372 324 163 432 345
chair 0.0318 50 150 117 252
chair 0.0181 175 151 227 282
chair 0.0173 0 241 64 417
chair 0.0170 -44 202 169 375
chair 0.0138 -5 132 24 449
chair 0.0137 250 124 296 273
chair 0.0096 332 156 390 271
chair 0.0092 141 182 172 204
chair 0.0086 130 153 191 315
chair 0.0078 404 132 462 267
chair 0.0078 17 295 124 412
chair 0.0076 122 191 138 216
chair 0.0068 53 162 128 208
chair 0.0067 163 178 230 244
chair 0.0059 131 159 206 222
chair 0.0039 192 184 216 216
chair 0.0036 343 188 377 256
chair 0.0035 5 168 169 298
chair 0.0033 2 201 65 347
chair 0.0033 97 160 118 228
chair 0.0032 171 150 224 387
chair 0.0031 104 196 135 213
chair 0.0031 117 181 143 243
chair 0.0029 19 235 53 305
chair 0.0028 254 140 552 314
chair 0.0027 148 138 254 259
chair 0.0027 174 177 186 210
chair 0.0027 72 187 168 234
chair 0.0024 83 156 241 247
chair 0.0024 -2 35 14 436
chair 0.0024 107 198 128 220
chair 0.0024 378 136 454 294
chair 0.0023 37 80 232 452
chair 0.0023 466 175 505 334
chair 0.0023 193 166 217 196
chair 0.0022 162 144 210 329
chair 0.0020 53 162 76 242
chair 0.0019 484 224 503 298
chair 0.0018 -25 177 90 340
chair 0.0018 202 152 228 215
chair 0.0018 103 197 117 220
chair 0.0017 414 198 484 343
chair 0.0016 39 180 139 242
chair 0.0016 -1 113 6 366
chair 0.0014 173 126 229 232
chair 0.0014 450 221 515 299
chair 0.0013 90 113 405 337
chair 0.0013 303 140 410 290
chair 0.0013 169 173 190 248
chair 0.0012 104 185 134 256
chair 0.0012 109 141 141 411
chair 0.0011 209 160 221 202
chair 0.0011 88 155 171 230
chair 0.0011 175 159 199 223
chair 0.0011 487 183 503 317
chair 0.0011 53 207 67 232
chair 0.0010 154 166 179 182
chair 0.0010 68 174 112 193
sofa 0.0080 322 54 481 443
sofa 0.0016 173 106 274 376
sofa 0.0011 1 147 140 408
sofa 0.0010 -21 60 144 529
pottedplant 0.0133 169 128 203 166
pottedplant 0.0038 256 201 293 258
pottedplant 0.0022 160 120 215 174
diningtable 0.2444 0 140 136 441
diningtable 0.0650 102 145 202 377
diningtable 0.0439 -13 161 74 423
diningtable 0.0377 129 74 306 452
diningtable 0.0346 -2 47 173 532
diningtable 0.0216 163 178 230 244
diningtable 0.0187 46 176 248 262
diningtable 0.0172 37 80 232 452
diningtable 0.0130 170 141 223 366
diningtable 0.0122 5 168 169 298
diningtable 0.0118 96 181 220 236
diningtable 0.0092 114 109 258 246
diningtable 0.0069 2 201 65 347
diningtable 0.0065 54 118 294 339
diningtable 0.0055 -3 94 19 458
diningtable 0.0051 122 93 455 345
diningtable 0.0049 165 159 286 412
diningtable 0.0047 -44 202 169 375
diningtable 0.0045 438 219 514 363
diningtable 0.0043 27 193 152 247
diningtable 0.0041 109 141 141 411
diningtable 0.0041 39 213 219 247
diningtable 0.0040 -28 186 280 280
diningtable 0.0036 72 187 168 234
diningtable 0.0028 179 202 217 222
diningtable 0.0025 158 202 234 258
diningtable 0.0021 97 199 259 241
diningtable 0.0016 179 209 215 229
diningtable 0.0015 49 145 150 372
diningtable 0.0013 100 179 339 291
diningtable 0.0011 -28 169 91 305
diningtable 0.0011 0 241 64 417
diningtable 0.0011 83 140 167 409
diningtable 0.0010 -7 107 37 474
tvmonitor 0.9763 271 82 359 169
tvmonitor 0.1281 469 51 504 302
tvmonitor 0.0136 286 140 348 253
tvmonitor 0.0078 259 125 372 267
tvmonitor 0.0064 299 168 327 231
tvmonitor 0.0040 116 27 256 213
tvmonitor 0.0019 440 59 507 269
tvmonitor 0.0019 492 34 500 313
tvmonitor 0.0015 253 155 292 210
tvmonitor 0.0010 291 95 339 156
