person 0.9995 -37 12 176 280
person 0.9993 296 10 501 260
person 0.9974 198 -26 347 186
person 0.9355 137 -2 254 164
person 0.8302 160 15 233 145
person 0.5399 321 -38 383 197
person 0.2117 223 6 305 151
person 0.1703 330 -83 458 358
person 0.1032 -3 -90 31 443
person 0.0602 321 22 364 178
person 0.0414 97 -7 156 289
person 0.0315 467 -142 506 422
person 0.0277 -1 -39 23 280
person 0.0277 105 11 147 219
person 0.0232 -4 -8 29 168
person 0.0208 345 -5 380 62
person 0.0200 136 1 229 277
person 0.0146 410 -33 486 199
person 0.0124 334 -16 379 108
person 0.0103 -8 -138 60 420
person 0.0079 285 67 318 140
person 0.0058 272 45 323 147
person 0.0034 -1 -25 10 159
person 0.0030 225 194 428 466
person 0.0029 433 -127 514 407
person 0.0025 1 -69 136 350
person 0.0021 420 -7 481 104
person 0.0018 275 55 310 120
person 0.0015 -3 78 26 394
person 0.0014 292 79 310 109
person 0.0014 -1 12 14 84
person 0.0011 301 -29 380 304
person 0.0010 138 70 171 122
person 0.0010 482 -120 502 360
person 0.0010 -4 22 31 109
person 0.0010 67 94 480 296
cat 0.1967 225 194 428 466
cat 0.0013 227 216 410 301
dog 0.0194 225 194 428 466
bottle 0.7718 62 234 108 367
bottle 0.0852 128 61 150 127
bottle 0.0177 136 67 166 124
bottle 0.0143 132 70 147 101
bottle 0.0058 0 22 7 73
bottle 0.0057 75 210 138 363
bottle 0.0052 142 75 160 117
bottle 0.0049 148 77 167 114
bottle 0.0025 158 86 174 111
bottle 0.0022 141 75 155 95
bottle 0.0013 28 219 150 377
bottle 0.0011 -30 12 192 234
bottle 0.0011 132 89 145 118
bottle 0.0010 115 58 181 133
bottle 0.0010 0 32 5 80
bottle 0.0010 1 26 9 56
bottle 0.0010 1 27 23 54
chair 0.2211 111 92 207 291
chair 0.1865 -3 127 22 419
chair 0.1099 105 124 153 264
chair 0.0712 101 142 133 236
chair 0.0235 148 103 207 253
chair 0.0205 -4 30 35 440
chair 0.0173 91 -6 243 375
chair 0.0128 -50 55 187 310
chair 0.0116 114 149 147 231
chair 0.0082 403 -12 472 331
chair 0.0074 -19 2 154 430
chair 0.0068 98 0 161 310
chair 0.0045 -1 159 7 416
chair 0.0024 117 71 167 253
chair 0.0020 80 123 136 273
chair 0.0016 152 125 183 219
chair 0.0016 414 15 479 187
chair 0.0015 285 67 318 140
chair 0.0012 112 91 221 157
chair 0.0011 72 194 91 268
sofa 0.0931 -3 99 23 412
sofa 0.0343 -4 -3 34 437
sofa 0.0258 -50 55 187 310
sofa 0.0081 -19 2 154 430
sofa 0.0028 -8 124 54 420
pottedplant 0.9827 68 94 452 297
pottedplant 0.1516 394 117 480 308
pottedplant 0.0533 280 -42 357 171
pottedplant 0.0375 254 13 506 260
pottedplant 0.0120 467 -142 506 422
pottedplant 0.0103 143 56 345 411
pottedplant 0.0067 407 -17 488 332
pottedplant 0.0042 303 -37 380 194
pottedplant 0.0034 211 -61 347 227
pottedplant 0.0026 433 -80 513 393
pottedplant 0.0023 -4 -8 29 168
pottedplant 0.0017 485 15 502 136
pottedplant 0.0016 -30 12 192 234
pottedplant 0.0013 477 -32 504 195
pottedplant 0.0012 45 64 369 234
pottedplant 0.0011 482 -120 502 360
pottedplant 0.0011 442 116 492 318
pottedplant 0.0010 175 131 302 345
pottedplant 0.0010 -51 73 218 289
diningtable 0.8895 40 233 461 379
diningtable 0.5255 -25 117 525 500
diningtable 0.1565 111 75 211 283
diningtable 0.0331 108 88 227 126
diningtable 0.0284 101 75 233 164
diningtable 0.0225 -27 -3 160 393
diningtable 0.0212 73 -34 272 341
diningtable 0.0150 56 110 490 313
diningtable 0.0126 381 196 525 465
diningtable 0.0111 -51 73 218 289
diningtable 0.0107 16 192 393 462
diningtable 0.0058 136 81 195 241
diningtable 0.0038 205 196 515 460
diningtable 0.0034 111 107 221 158
diningtable 0.0032 3 97 344 270
diningtable 0.0031 25 84 373 156
diningtable 0.0025 -3 127 22 419
diningtable 0.0020 405 257 514 398
diningtable 0.0019 -112 268 607 378
diningtable 0.0018 -4 138 193 479
diningtable 0.0016 97 28 268 168
diningtable 0.0014 83 77 277 200
diningtable 0.0012 147 144 342 364
diningtable 0.0010 -4 -8 29 168
diningtable 0.0010 199 148 449 389
tvmonitor 0.0016 149 -21 304 107
