person 0.9964 32 31 445 319
person 0.1298 414 -56 515 217
person 0.0064 408 -35 527 84
person 0.0042 469 -52 504 178
person 0.0018 459 -87 508 246
cat 0.0750 414 -56 515 217
cat 0.0139 408 -35 527 84
cat 0.0084 283 9 428 145
cat 0.0055 469 -52 504 178
cat 0.0053 392 58 535 214
cat 0.0011 22 54 457 322
dog 0.4940 414 -56 515 217
dog 0.1040 283 9 428 145
dog 0.0290 282 -82 434 324
dog 0.0143 467 -30 506 187
dog 0.0119 392 58 535 214
dog 0.0086 408 -35 527 84
dog 0.0027 373 -138 519 312
dog 0.0023 481 -9 504 324
dog 0.0019 467 -123 504 434
dog 0.0018 428 -25 511 374
horse 0.0033 405 -43 514 236
sheep 0.0011 405 -43 514 236
cow 0.0014 293 -3 418 234
cow 0.0012 405 -43 514 236
chair 0.8429 8 25 416 226
chair 0.3778 -48 19 172 222
chair 0.3204 -18 -147 146 334
chair 0.0974 85 -17 360 358
chair 0.0243 86 -100 335 209
chair 0.0153 -16 -54 116 214
chair 0.0090 403 -51 515 213
chair 0.0068 22 -39 183 94
chair 0.0033 99 95 199 295
chair 0.0032 -9 -50 68 175
chair 0.0030 141 -35 343 84
chair 0.0030 -41 0 141 133
chair 0.0024 110 -32 246 75
chair 0.0019 -4 -54 19 254
chair 0.0016 282 -82 434 324
chair 0.0015 12 -13 402 140
chair 0.0011 -9 -10 71 324
chair 0.0010 15 79 336 313
sofa 0.1624 52 23 431 234
sofa 0.1073 119 -11 442 357
sofa 0.0104 403 -51 515 213
sofa 0.0019 293 -3 418 234
sofa 0.0019 260 90 557 322
sofa 0.0013 86 -100 335 209
diningtable 0.0024 -14 23 368 226
diningtable 0.0022 -48 19 172 222
diningtable 0.0022 -24 -144 142 383
diningtable 0.0015 -41 0 141 133
diningtable 0.0012 10 -87 343 194
