person 0.0385 165 219 381 433
person 0.0023 405 -9 490 274
person 0.0020 73 51 231 302
person 0.0013 235 -57 386 191
person 0.0011 -15 241 61 393
person 0.0011 -28 114 167 484
bicycle 0.0023 247 60 362 270
bicycle 0.0013 67 88 242 256
bicycle 0.0010 404 -44 491 274
bicycle 0.0010 233 4 395 332
car 0.0029 450 116 484 260
car 0.0025 404 -44 491 274
bird 0.0016 73 51 231 302
cat 0.0024 73 51 231 302
bottle 0.0028 76 112 109 185
bottle 0.0011 143 89 159 112
chair 0.5006 187 35 309 273
chair 0.3640 404 -44 491 274
chair 0.0814 295 64 386 244
chair 0.0529 441 255 488 390
chair 0.0281 331 192 497 442
chair 0.0233 394 238 510 409
chair 0.0225 386 60 510 241
chair 0.0174 301 251 415 393
chair 0.0151 450 78 484 266
chair 0.0105 251 56 359 256
chair 0.0066 147 25 351 313
chair 0.0063 322 272 386 389
chair 0.0048 447 142 488 230
chair 0.0038 79 5 195 218
chair 0.0027 194 52 259 219
chair 0.0026 420 62 488 207
chair 0.0024 275 66 333 242
chair 0.0024 300 107 353 232
chair 0.0022 309 -7 454 323
chair 0.0017 212 115 281 256
chair 0.0015 233 4 395 332
chair 0.0013 261 94 314 247
chair 0.0010 471 233 480 414
chair 0.0010 331 13 526 259
sofa 0.0074 405 -9 490 274
sofa 0.0033 119 233 368 421
sofa 0.0026 450 78 484 266
sofa 0.0011 162 280 400 398
sofa 0.0010 441 255 488 390
pottedplant 0.9488 220 1 389 156
pottedplant 0.9029 -11 -15 77 360
pottedplant 0.8954 303 75 450 256
pottedplant 0.7900 -19 3 84 125
pottedplant 0.7035 -13 109 189 482
pottedplant 0.5010 41 112 172 309
pottedplant 0.4547 42 38 232 331
pottedplant 0.4036 331 101 501 485
pottedplant 0.3855 66 136 142 286
pottedplant 0.3592 -3 15 60 113
pottedplant 0.3328 370 167 433 242
pottedplant 0.3124 -9 47 262 230
pottedplant 0.2897 62 -19 131 245
pottedplant 0.2761 32 179 97 316
pottedplant 0.2502 1 31 40 101
pottedplant 0.2451 67 88 242 256
pottedplant 0.1899 363 152 497 259
pottedplant 0.1794 416 185 491 407
pottedplant 0.1416 447 142 488 230
pottedplant 0.1282 380 177 420 232
pottedplant 0.1232 260 107 445 467
pottedplant 0.1205 342 99 417 237
pottedplant 0.0989 -65 210 241 355
pottedplant 0.0921 11 163 120 333
pottedplant 0.0826 395 175 462 246
pottedplant 0.0802 -15 241 61 393
pottedplant 0.0748 401 112 466 261
pottedplant 0.0735 403 187 442 235
pottedplant 0.0627 22 33 59 102
pottedplant 0.0561 165 219 381 433
pottedplant 0.0544 -33 29 135 251
pottedplant 0.0537 407 64 489 273
pottedplant 0.0504 443 182 486 347
pottedplant 0.0474 426 171 467 239
pottedplant 0.0404 415 159 479 250
pottedplant 0.0366 -8 174 59 315
pottedplant 0.0359 229 212 551 351
pottedplant 0.0330 183 218 322 377
pottedplant 0.0329 300 142 357 222
pottedplant 0.0301 450 78 484 266
pottedplant 0.0258 266 21 438 323
pottedplant 0.0252 130 257 292 389
pottedplant 0.0241 -12 233 43 305
pottedplant 0.0236 342 205 453 396
pottedplant 0.0201 247 181 368 379
pottedplant 0.0199 -7 212 31 348
pottedplant 0.0167 -2 217 10 316
pottedplant 0.0167 -6 -29 36 337
pottedplant 0.0158 351 15 487 340
pottedplant 0.0155 -44 231 134 411
pottedplant 0.0132 22 -9 105 313
pottedplant 0.0131 407 155 445 211
pottedplant 0.0119 295 64 386 244
pottedplant 0.0114 38 191 161 406
pottedplant 0.0102 39 213 297 428
pottedplant 0.0096 -31 125 285 305
pottedplant 0.0079 462 142 483 243
pottedplant 0.0073 156 170 473 341
pottedplant 0.0060 251 56 359 256
pottedplant 0.0059 71 45 119 218
pottedplant 0.0058 413 197 439 231
pottedplant 0.0054 392 106 446 232
pottedplant 0.0053 -15 -73 123 427
pottedplant 0.0048 447 181 487 239
pottedplant 0.0046 352 92 486 245
pottedplant 0.0039 59 178 96 246
pottedplant 0.0038 375 148 497 382
pottedplant 0.0037 320 276 508 396
pottedplant 0.0035 231 238 300 359
pottedplant 0.0035 206 137 281 195
pottedplant 0.0035 235 145 268 189
pottedplant 0.0033 81 6 194 259
pottedplant 0.0032 0 235 5 300
pottedplant 0.0029 404 118 490 214
pottedplant 0.0028 24 169 109 255
pottedplant 0.0028 270 238 333 363
pottedplant 0.0027 220 79 552 274
pottedplant 0.0026 -28 205 82 360
pottedplant 0.0025 50 271 190 399
pottedplant 0.0024 109 127 168 248
pottedplant 0.0023 311 166 347 181
pottedplant 0.0023 248 148 316 202
pottedplant 0.0022 168 277 248 365
pottedplant 0.0022 264 60 358 128
pottedplant 0.0021 305 105 536 334
pottedplant 0.0021 357 317 501 379
pottedplant 0.0020 213 -72 470 200
pottedplant 0.0020 380 258 441 381
pottedplant 0.0020 301 251 415 393
pottedplant 0.0020 119 172 153 231
pottedplant 0.0019 400 196 420 225
pottedplant 0.0019 -42 91 148 325
pottedplant 0.0018 261 153 300 213
pottedplant 0.0018 18 24 79 109
pottedplant 0.0017 389 196 413 225
pottedplant 0.0017 90 119 153 263
pottedplant 0.0017 327 87 387 221
pottedplant 0.0016 381 186 402 221
pottedplant 0.0016 -3 -8 23 242
pottedplant 0.0015 389 -69 492 262
diningtable 0.5987 236 -10 394 321
diningtable 0.3611 247 60 362 270
diningtable 0.0141 207 72 407 158
diningtable 0.0075 207 101 402 239
diningtable 0.0045 158 70 467 220
diningtable 0.0028 208 66 316 270
diningtable 0.0020 295 64 386 244
diningtable 0.0014 261 94 314 247
diningtable 0.0014 182 138 397 159
diningtable 0.0013 216 95 402 124
diningtable 0.0012 309 187 485 445
