person 0.9680 156 166 195 292
person 0.8990 143 197 159 232
person 0.4703 -12 -89 60 526
person 0.1509 146 199 158 221
person 0.1223 139 191 166 238
person 0.0558 158 198 167 218
person 0.0364 -4 65 24 415
person 0.0168 228 181 250 251
person 0.0134 143 202 153 227
person 0.0089 143 201 151 218
person 0.0080 159 202 170 227
person 0.0080 232 194 245 238
person 0.0050 164 194 179 216
person 0.0039 227 194 238 237
person 0.0019 240 176 262 255
person 0.0018 -43 473 119 510
person 0.0018 -2 -31 22 319
person 0.0017 165 188 191 279
person 0.0014 167 188 184 212
person 0.0014 247 208 258 244
person 0.0013 176 195 186 213
person 0.0013 220 169 243 248
person 0.0013 250 210 263 242
bicycle 0.4814 162 218 187 275
bicycle 0.1230 166 224 182 269
bicycle 0.0410 146 217 157 229
bicycle 0.0337 143 197 159 232
bicycle 0.0057 157 169 196 294
bicycle 0.0050 173 227 184 264
bicycle 0.0025 159 202 170 227
bicycle 0.0022 143 202 153 227
bicycle 0.0015 165 225 181 248
car 0.0037 -43 473 119 510
car 0.0019 192 206 214 227
car 0.0014 -68 456 153 518
car 0.0013 143 197 159 232
car 0.0012 322 173 394 241
car 0.0010 164 194 179 216
motorbike 0.2761 143 197 159 232
motorbike 0.0187 146 217 157 229
motorbike 0.0140 139 191 166 238
motorbike 0.0086 143 202 153 227
motorbike 0.0014 157 169 196 294
motorbike 0.0012 162 218 187 275
bird 0.0016 195 92 209 104
bottle 0.0025 -43 473 119 510
chair 0.0187 -43 473 119 510
chair 0.0018 -68 456 153 518
