person 0.0218 47 138 83 187
person 0.0147 77 153 102 182
person 0.0139 0 134 7 189
person 0.0113 70 153 92 182
person 0.0112 1 154 24 181
person 0.0090 148 135 174 204
person 0.0063 -3 129 15 192
person 0.0061 -5 145 31 187
person 0.0060 71 146 108 188
person 0.0053 34 127 92 197
person 0.0044 -12 136 44 196
person 0.0032 489 106 503 253
person 0.0031 493 167 500 227
person 0.0029 60 138 119 198
person 0.0025 52 142 75 181
person 0.0022 197 139 234 196
person 0.0022 497 142 500 214
person 0.0021 61 149 82 183
person 0.0019 -29 -12 248 389
person 0.0018 341 151 362 181
person 0.0017 360 152 378 181
person 0.0015 168 158 188 196
person 0.0014 185 131 245 205
person 0.0012 349 151 371 182
person 0.0012 353 137 381 186
person 0.0012 162 137 195 202
person 0.0011 35 132 67 190
car 0.0017 490 132 503 243
car 0.0014 493 167 500 227
bus 0.9994 -88 118 330 254
bus 0.9974 294 7 522 354
bus 0.9723 201 3 364 369
bus 0.6043 -23 -17 274 395
bus 0.4169 216 74 342 288
bus 0.0424 271 88 356 287
bus 0.0151 235 126 577 255
bus 0.0072 477 77 504 274
bus 0.0039 236 83 287 292
bus 0.0025 489 106 503 253
