person 0.0312 402 -45 529 114
person 0.0099 440 -32 511 103
person 0.0010 425 -22 487 91
cat 0.0040 196 -41 411 366
cat 0.0010 146 94 479 236
dog 0.9869 198 -37 424 362
dog 0.5236 146 94 479 236
dog 0.0024 402 -45 529 114
dog 0.0016 112 -13 245 46
horse 0.0512 402 -45 529 114
horse 0.0108 440 -32 511 103
horse 0.0040 112 -13 245 46
horse 0.0011 425 -22 487 91
sheep 0.0345 112 -13 245 46
sheep 0.0118 402 -45 529 114
sheep 0.0105 77 -20 327 54
sheep 0.0036 459 -30 508 99
sheep 0.0010 146 94 479 236
cow 0.0167 402 -45 529 114
cow 0.0076 112 -13 245 46
cow 0.0039 440 -32 511 103
cow 0.0013 77 -20 327 54
