person 0.0206 145 246 155 258
person 0.0010 94 261 106 279
bicycle 0.0023 312 224 516 446
car 0.0501 201 235 211 246
car 0.0484 145 246 155 258
car 0.0452 163 236 178 245
car 0.0200 219 258 231 275
car 0.0189 210 243 221 255
car 0.0146 208 236 219 246
car 0.0111 182 236 193 245
car 0.0100 194 235 205 246
car 0.0095 42 19 466 358
car 0.0037 198 223 209 241
car 0.0035 201 239 210 253
car 0.0023 247 236 335 308
car 0.0011 195 226 205 239
car 0.0011 156 236 165 245
car 0.0010 -119 216 458 367
car 0.0010 149 244 162 257
motorbike 0.0081 306 111 520 490
motorbike 0.0072 145 246 155 258
motorbike 0.0055 72 173 594 359
motorbike 0.0040 256 214 570 365
aeroplane 0.0956 42 19 466 358
train 0.0011 42 19 466 358
boat 0.1246 42 19 466 358
boat 0.0555 247 236 335 308
boat 0.0509 258 179 564 358
boat 0.0488 306 111 520 490
boat 0.0108 242 24 570 340
boat 0.0059 270 197 399 321
boat 0.0029 238 215 352 332
boat 0.0016 91 223 637 360
boat 0.0015 332 149 461 360
boat 0.0011 284 220 376 297
boat 0.0011 267 131 364 338
boat 0.0010 99 127 564 330
boat 0.0010 335 226 522 442
bird 0.0020 433 162 449 200
sheep 0.0014 219 258 231 275
bottle 0.0060 336 219 365 295
chair 0.0399 306 111 520 490
chair 0.0324 473 201 504 418
chair 0.0171 335 226 522 442
chair 0.0141 258 179 564 358
chair 0.0079 428 203 509 414
chair 0.0070 421 129 514 342
chair 0.0034 305 270 559 398
chair 0.0033 395 206 537 338
tvmonitor 0.0015 42 19 466 358
