person 0.0220 264 89 285 116
person 0.0212 274 85 290 119
person 0.0151 278 73 294 115
person 0.0101 225 69 264 140
person 0.0093 193 95 214 127
person 0.0054 228 81 260 108
person 0.0048 188 88 222 133
person 0.0035 269 74 296 128
person 0.0016 175 76 256 148
bicycle 0.0011 395 79 517 234
car 0.1079 -18 -111 143 422
car 0.0886 -15 14 108 291
car 0.0460 -60 76 275 258
car 0.0343 31 -33 310 283
car 0.0062 492 102 500 142
car 0.0056 173 37 503 243
car 0.0053 487 82 503 184
car 0.0049 494 113 500 151
car 0.0048 395 79 517 234
car 0.0034 419 102 507 196
car 0.0031 197 69 322 199
car 0.0029 200 83 292 144
car 0.0023 235 -2 432 171
car 0.0021 387 83 480 139
car 0.0020 120 60 325 176
car 0.0014 243 102 266 124
car 0.0011 396 69 465 211
car 0.0010 234 99 311 166
car 0.0010 496 102 500 183
motorbike 0.9997 170 43 547 276
motorbike 0.9955 -57 74 375 259
motorbike 0.0108 395 79 517 234
motorbike 0.0071 35 -44 296 375
motorbike 0.0067 -18 -111 143 422
motorbike 0.0014 420 102 492 213
aeroplane 0.0323 -75 54 357 224
aeroplane 0.0070 -18 -111 143 422
aeroplane 0.0012 -38 69 170 255
bus 0.0361 -18 -111 143 422
bus 0.0062 -16 22 110 259
bus 0.0033 -75 54 357 224
bus 0.0010 492 102 500 142
train 0.0048 -12 -72 139 341
train 0.0033 -16 22 110 259
boat 0.0041 -75 54 357 224
boat 0.0013 31 -33 310 283
bird 0.0015 143 43 210 94
horse 0.0011 -60 76 275 258
chair 0.0397 395 79 517 234
chair 0.0099 420 102 492 213
chair 0.0028 399 86 463 219
chair 0.0012 494 118 499 184
chair 0.0011 493 145 501 176
