person 0.9916 1 -6 406 247
person 0.2469 345 -43 440 158
person 0.0693 238 -46 403 121
person 0.0663 438 -70 510 234
person 0.0500 472 -80 503 240
person 0.0210 318 -105 486 219
person 0.0186 -10 -35 54 113
person 0.0161 385 -45 520 117
person 0.0158 458 76 508 202
person 0.0154 -17 -106 140 212
person 0.0130 304 -40 406 162
person 0.0100 65 76 369 262
person 0.0096 420 -27 483 99
person 0.0072 436 113 522 192
person 0.0070 286 -29 352 107
person 0.0051 38 -101 225 199
person 0.0045 -20 -25 63 58
person 0.0044 -2 -18 12 90
person 0.0043 -47 -41 147 119
person 0.0037 116 -18 178 109
person 0.0031 306 -27 366 83
person 0.0028 76 -40 207 127
person 0.0024 -4 -64 25 179
person 0.0022 271 -27 327 84
person 0.0017 438 25 510 401
person 0.0017 -1 -36 8 147
person 0.0016 319 -30 386 113
person 0.0016 -27 -41 86 91
person 0.0015 -1 -10 7 47
person 0.0015 248 -82 412 240
person 0.0013 464 -37 503 431
person 0.0013 247 26 422 170
person 0.0013 285 -49 468 130
person 0.0011 437 -12 477 63
person 0.0011 485 83 502 182
bicycle 0.0017 248 -82 412 240
bicycle 0.0016 245 1 559 164
bicycle 0.0015 293 -134 516 291
cat 0.0603 88 96 455 261
cat 0.0052 139 -67 369 420
dog 0.9653 86 102 437 261
dog 0.3652 139 -67 369 420
dog 0.0089 288 32 427 166
dog 0.0014 324 43 385 156
sheep 0.0021 86 110 442 264
chair 0.0066 32 0 461 200
chair 0.0018 65 76 369 262
chair 0.0018 38 -101 225 199
chair 0.0016 -17 -106 140 212
chair 0.0013 -47 -41 147 119
chair 0.0013 64 9 186 143
chair 0.0010 243 -92 413 206
