person 0.8805 327 244 350 417
person 0.8332 3 254 22 319
person 0.3388 289 300 334 418
person 0.2480 7 260 19 312
person 0.0302 324 269 343 394
person 0.0153 0 280 8 303
person 0.0049 302 331 340 389
person 0.0045 325 295 335 328
person 0.0043 5 40 392 314
person 0.0032 11 265 18 285
person 0.0030 1 267 10 304
person 0.0018 312 343 334 377
person 0.0014 287 335 324 406
person 0.0012 319 296 329 328
person 0.0010 327 310 335 351
car 0.0032 0 280 8 303
car 0.0011 7 260 19 312
bus 0.0029 27 64 319 489
train 0.9922 30 5 316 437
train 0.0018 -7 190 27 334
train 0.0018 -18 27 368 254
dog 0.0016 279 319 344 420
dog 0.0010 290 333 331 407
