person 0.9755 2 -37 71 125
person 0.0353 10 27 30 104
person 0.0037 159 -7 207 103
person 0.0029 6 9 37 86
person 0.0025 -2 14 7 138
person 0.0023 433 24 521 89
person 0.0021 -1 35 3 81
person 0.0019 158 10 234 88
person 0.0015 451 40 464 62
person 0.0014 492 39 501 77
person 0.0013 0 17 2 133
person 0.0011 17 36 28 98
car 0.9982 17 9 471 314
car 0.1990 349 58 540 299
car 0.1127 433 24 521 89
car 0.1099 363 -122 520 347
car 0.0315 379 -28 516 236
car 0.0241 410 6 529 112
car 0.0039 277 74 445 117
car 0.0029 437 -4 514 166
car 0.0022 492 39 501 77
car 0.0021 263 54 449 139
car 0.0012 495 24 500 73
car 0.0011 -17 -52 90 135
motorbike 0.0118 43 64 463 365
bus 0.0567 346 42 541 262
bus 0.0205 363 -122 520 347
bus 0.0046 39 26 509 333
train 0.0141 349 58 540 299
train 0.0033 39 26 509 333
boat 0.0030 363 -122 520 347
boat 0.0027 349 58 540 299
pottedplant 0.0071 294 0 328 98
diningtable 0.0019 43 64 463 365
tvmonitor 0.0013 363 -122 520 347
tvmonitor 0.0012 346 42 541 262
