person 0.9993 169 -34 302 386
person 0.9752 147 74 328 283
person 0.0055 464 78 506 272
person 0.0032 126 149 145 170
person 0.0013 0 168 6 197
person 0.0010 463 -28 505 456
bicycle 0.0190 242 111 398 408
bicycle 0.0011 142 83 334 295
car 0.0011 45 122 76 141
cat 0.0011 162 -25 296 379
bottle 0.2075 332 139 353 203
bottle 0.2000 59 284 103 347
bottle 0.1940 336 159 351 196
bottle 0.1784 346 139 369 206
bottle 0.1419 350 156 364 201
bottle 0.1192 361 150 395 209
bottle 0.1033 344 156 358 200
bottle 0.0580 67 148 80 191
bottle 0.0578 333 145 348 178
bottle 0.0513 356 138 382 208
bottle 0.0453 360 146 377 177
bottle 0.0445 168 139 180 163
bottle 0.0403 360 162 377 198
bottle 0.0402 361 156 376 184
bottle 0.0367 34 151 50 194
bottle 0.0349 370 156 388 182
bottle 0.0232 368 168 390 193
bottle 0.0189 352 146 371 176
bottle 0.0169 126 149 145 170
bottle 0.0116 341 150 361 173
bottle 0.0111 114 159 131 185
bottle 0.0108 347 144 406 216
bottle 0.0090 181 136 195 163
bottle 0.0087 368 179 391 198
bottle 0.0077 63 142 84 201
bottle 0.0075 0 168 6 197
bottle 0.0065 361 137 376 170
bottle 0.0065 120 156 135 183
bottle 0.0053 339 138 359 166
bottle 0.0053 315 137 331 170
bottle 0.0051 335 130 365 195
bottle 0.0045 154 151 165 177
bottle 0.0044 326 145 341 176
bottle 0.0039 315 131 385 212
bottle 0.0039 327 161 338 179
bottle 0.0038 81 144 98 175
bottle 0.0036 1 178 21 204
bottle 0.0035 309 124 338 181
bottle 0.0030 151 140 190 188
bottle 0.0028 320 131 346 188
bottle 0.0027 138 127 212 202
bottle 0.0024 347 126 377 181
bottle 0.0024 381 165 393 199
bottle 0.0023 170 -20 301 396
bottle 0.0022 328 125 354 182
bottle 0.0021 31 153 57 206
bottle 0.0019 0 178 12 202
bottle 0.0018 359 179 381 196
bottle 0.0017 26 278 123 351
bottle 0.0017 25 160 39 185
bottle 0.0017 113 143 146 201
bottle 0.0016 362 137 394 187
bottle 0.0015 295 138 315 159
bottle 0.0015 185 138 194 151
bottle 0.0015 157 150 183 178
bottle 0.0014 40 166 60 196
bottle 0.0012 137 70 318 284
bottle 0.0011 289 102 302 130
bottle 0.0010 351 130 371 157
bottle 0.0010 -22 262 190 359
chair 0.9972 242 118 390 420
chair 0.9920 -18 96 136 404
chair 0.9763 346 142 514 423
chair 0.3001 185 238 435 353
chair 0.1558 280 303 498 344
chair 0.0553 281 176 399 341
chair 0.0446 256 282 531 353
chair 0.0345 -12 147 116 331
chair 0.0097 -9 281 32 346
chair 0.0082 -3 279 17 349
chair 0.0048 0 291 7 342
chair 0.0047 314 201 552 372
chair 0.0036 488 228 502 364
chair 0.0029 474 202 504 377
chair 0.0027 0 168 6 197
chair 0.0022 -4 185 25 396
chair 0.0016 -3 169 74 214
chair 0.0016 -2 208 9 384
chair 0.0015 -30 187 234 401
chair 0.0015 242 181 363 359
chair 0.0014 -33 251 98 370
chair 0.0014 -41 249 178 340
chair 0.0010 283 287 399 341
chair 0.0010 192 297 663 348
chair 0.0010 -15 151 49 210
sofa 0.0015 346 142 514 423
pottedplant 0.0887 300 -31 359 120
pottedplant 0.0028 0 168 6 197
pottedplant 0.0027 275 -47 395 135
pottedplant 0.0020 37 58 171 215
pottedplant 0.0019 271 57 409 212
pottedplant 0.0018 -15 151 49 210
pottedplant 0.0018 326 59 381 180
pottedplant 0.0015 123 150 141 172
pottedplant 0.0014 -5 165 21 216
pottedplant 0.0013 77 70 138 200
pottedplant 0.0013 76 120 105 183
pottedplant 0.0012 137 70 318 284
pottedplant 0.0011 162 -25 296 379
pottedplant 0.0011 -5 93 28 295
pottedplant 0.0010 -31 116 95 237
diningtable 0.8966 -74 158 445 427
diningtable 0.0785 -157 222 529 331
diningtable 0.0111 -30 187 234 401
diningtable 0.0064 214 126 388 426
diningtable 0.0053 280 303 498 344
diningtable 0.0044 179 240 423 369
diningtable 0.0029 248 278 577 355
diningtable 0.0025 -89 157 223 227
diningtable 0.0022 346 142 514 423
diningtable 0.0021 474 202 504 377
diningtable 0.0018 303 43 516 364
diningtable 0.0010 0 91 197 318
diningtable 0.0010 -39 141 101 243
diningtable 0.0010 -9 281 32 346
tvmonitor 0.0014 363 143 459 231
