bird 0.0518 481 147 504 237
bird 0.0145 198 102 325 164
bird 0.0046 289 112 395 175
bird 0.0031 491 164 500 219
bird 0.0030 478 80 504 275
bird 0.0029 487 104 502 243
bird 0.0016 93 130 577 328
bird 0.0015 382 207 449 257
bird 0.0012 336 93 408 134
cat 0.0290 121 129 589 329
dog 0.0693 93 130 577 328
dog 0.0017 198 102 325 164
horse 0.0019 93 130 577 328
sheep 0.0321 93 130 577 328
sheep 0.0130 197 101 314 166
sheep 0.0054 257 -19 529 75
sheep 0.0030 481 152 504 248
sheep 0.0020 477 46 504 273
sheep 0.0016 241 22 439 105
cow 0.0075 93 130 577 328
cow 0.0014 257 -19 529 75
