person 0.3156 132 52 246 234
person 0.2554 152 73 223 214
person 0.0875 164 103 225 260
person 0.0115 119 111 181 198
person 0.0055 115 98 173 259
person 0.0050 92 -28 246 334
person 0.0025 198 122 268 221
person 0.0012 135 123 175 187
person 0.0011 94 113 138 241
person 0.0010 -5 137 22 405
bottle 0.9908 429 108 503 358
bottle 0.9875 131 107 190 357
bottle 0.9791 366 109 452 363
bottle 0.9632 265 70 317 369
bottle 0.9606 27 119 90 354
bottle 0.9550 168 86 223 372
bottle 0.9360 227 63 295 372
bottle 0.9312 305 102 351 229
bottle 0.9125 339 122 383 345
bottle 0.9008 -6 125 24 388
bottle 0.9002 206 108 250 359
bottle 0.8535 2 112 47 347
bottle 0.8020 82 87 142 350
bottle 0.7746 299 116 362 353
bottle 0.2558 266 121 317 242
bottle 0.1874 28 141 79 258
bottle 0.1357 90 114 136 241
bottle 0.1183 236 100 284 225
bottle 0.1172 333 139 369 204
bottle 0.1126 406 129 450 266
bottle 0.0883 383 91 446 264
bottle 0.0461 293 161 325 220
bottle 0.0338 349 115 475 277
bottle 0.0327 -2 152 8 291
bottle 0.0295 387 109 438 214
bottle 0.0218 334 116 372 245
bottle 0.0166 -2 197 16 359
bottle 0.0166 358 163 389 334
bottle 0.0148 245 115 278 206
bottle 0.0134 0 169 4 252
bottle 0.0122 217 166 237 200
bottle 0.0109 159 101 221 260
bottle 0.0107 479 77 502 391
bottle 0.0094 486 211 503 326
bottle 0.0091 32 202 49 241
bottle 0.0088 5 147 36 234
bottle 0.0072 272 132 309 212
bottle 0.0062 27 191 55 248
bottle 0.0055 441 84 504 264
bottle 0.0050 -1 120 27 281
bottle 0.0042 410 161 448 239
bottle 0.0039 277 205 308 315
bottle 0.0038 12 188 37 311
bottle 0.0038 119 109 166 285
bottle 0.0037 211 160 245 206
bottle 0.0037 492 132 501 350
bottle 0.0036 0 179 3 281
bottle 0.0032 402 109 428 201
bottle 0.0030 141 131 188 269
bottle 0.0030 445 142 483 228
bottle 0.0030 277 94 393 253
bottle 0.0026 74 239 101 295
bottle 0.0025 78 243 92 290
bottle 0.0023 -2 126 105 270
bottle 0.0023 145 149 178 234
bottle 0.0023 345 183 380 298
bottle 0.0020 60 198 88 305
bottle 0.0020 367 164 414 341
bottle 0.0019 341 146 361 178
bottle 0.0019 130 209 187 325
bottle 0.0018 353 127 398 268
bottle 0.0017 365 184 389 278
bottle 0.0016 67 186 100 325
bottle 0.0015 22 166 48 256
bottle 0.0015 129 193 146 323
bottle 0.0014 310 126 340 214
bottle 0.0014 1 193 28 307
bottle 0.0013 26 195 43 227
bottle 0.0013 497 202 499 297
bottle 0.0013 371 122 419 270
bottle 0.0013 199 156 227 229
bottle 0.0012 226 170 239 197
bottle 0.0012 388 153 405 189
bottle 0.0012 35 129 180 303
bottle 0.0011 119 189 146 272
bottle 0.0011 278 145 294 181
bottle 0.0011 0 148 2 238
bottle 0.0011 128 166 158 340
bottle 0.0010 -3 240 25 353
bottle 0.0010 210 155 246 245
bottle 0.0010 198 122 268 221
chair 0.0537 198 122 268 221
chair 0.0056 349 115 475 277
chair 0.0011 406 129 450 266
pottedplant 0.0024 -5 118 55 347
diningtable 0.2215 -65 225 553 446
diningtable 0.0517 291 218 521 449
diningtable 0.0017 35 227 454 380
diningtable 0.0011 295 276 569 394
diningtable 0.0010 -17 135 141 484
tvmonitor 0.0142 440 76 508 276
