person 0.9969 -62 193 414 360
person 0.2497 72 115 353 497
person 0.0437 -39 207 234 459
person 0.0060 125 158 187 203
person 0.0060 -29 74 303 383
person 0.0037 136 167 163 194
person 0.0035 -28 88 145 457
person 0.0024 -63 173 191 363
person 0.0015 -11 164 75 383
bicycle 0.0067 -52 207 467 461
bicycle 0.0014 155 245 412 442
motorbike 0.0027 -22 225 429 364
motorbike 0.0025 -26 198 382 463
boat 0.9945 -4 14 583 371
boat 0.9933 -55 133 628 248
boat 0.1279 -52 207 467 461
boat 0.1182 42 132 458 303
boat 0.0149 0 80 345 374
boat 0.0091 -22 225 429 364
boat 0.0023 80 67 476 252
boat 0.0014 155 245 412 442
bird 0.0012 -5 115 18 193
dog 0.0301 -39 207 234 459
dog 0.0016 -97 220 370 362
horse 0.1464 -97 220 370 362
horse 0.0228 -39 207 234 459
horse 0.0060 -28 88 145 457
horse 0.0040 -20 175 109 412
horse 0.0027 13 137 330 489
horse 0.0021 -63 173 191 363
horse 0.0015 -12 130 80 339
sheep 0.0023 -97 220 370 362
sheep 0.0013 -26 198 382 463
cow 0.0107 -97 220 370 362
cow 0.0040 -39 207 234 459
cow 0.0014 -24 202 113 417
chair 0.0240 13 137 330 489
chair 0.0021 -52 207 467 461
chair 0.0019 -97 220 370 362
