person 0.4083 344 199 363 235
person 0.3233 15 238 56 385
person 0.1242 189 165 249 228
person 0.0879 364 198 380 234
person 0.0398 17 259 53 321
person 0.0349 22 271 51 367
person 0.0282 358 186 387 279
person 0.0258 198 174 239 218
person 0.0210 490 238 502 402
person 0.0172 59 158 492 385
person 0.0168 357 194 385 239
person 0.0139 193 142 247 304
person 0.0133 483 226 491 240
person 0.0111 337 176 377 306
person 0.0093 341 195 372 247
person 0.0087 0 244 3 320
person 0.0086 -1 255 12 365
person 0.0070 0 264 4 339
person 0.0067 1 252 5 291
person 0.0065 63 256 82 284
person 0.0048 -2 219 8 346
person 0.0047 -5 233 34 363
person 0.0045 25 268 72 391
person 0.0043 371 207 384 237
person 0.0042 4 249 65 330
person 0.0041 15 92 555 323
person 0.0041 494 261 501 455
person 0.0038 320 184 359 326
person 0.0030 480 163 502 433
person 0.0030 419 201 432 225
person 0.0029 332 207 350 237
person 0.0029 32 237 91 396
person 0.0028 34 269 52 310
person 0.0026 300 190 340 325
person 0.0024 25 267 45 299
person 0.0023 320 186 381 248
person 0.0023 272 187 292 206
person 0.0023 409 196 429 217
person 0.0023 357 173 393 335
person 0.0022 412 202 428 223
person 0.0020 7 258 17 282
person 0.0019 464 226 474 245
person 0.0019 273 234 403 369
person 0.0016 296 228 331 292
person 0.0016 57 245 88 318
person 0.0013 262 164 342 247
person 0.0012 496 274 499 366
person 0.0012 495 218 499 248
person 0.0012 493 177 501 389
person 0.0011 -8 221 110 406
person 0.0010 7 264 39 338
person 0.0010 5 292 21 327
bicycle 0.0011 491 272 502 404
car 0.0145 -15 262 47 342
car 0.0113 -6 270 33 333
car 0.0041 491 272 502 404
car 0.0032 0 264 4 339
car 0.0030 -25 227 89 368
car 0.0030 -2 253 11 349
car 0.0028 11 241 58 363
car 0.0021 -5 233 34 363
car 0.0018 7 264 39 338
car 0.0012 0 256 3 327
car 0.0011 496 319 500 379
car 0.0010 0 286 25 318
motorbike 0.0013 490 251 502 409
train 0.9991 43 133 454 374
train 0.0249 -20 174 586 331
train 0.0107 -19 142 107 376
train 0.0018 358 82 524 407
train 0.0013 425 138 510 371
