person 0.9959 161 61 250 285
person 0.9849 225 80 321 304
person 0.9774 209 62 283 248
person 0.1457 209 -15 351 399
person 0.0126 156 4 283 354
person 0.0078 267 99 301 152
person 0.0075 270 80 312 203
person 0.0069 201 90 236 154
person 0.0057 173 85 236 236
person 0.0050 276 106 296 142
person 0.0049 250 96 309 226
person 0.0040 235 108 290 244
person 0.0029 205 98 225 129
person 0.0021 192 103 249 251
person 0.0020 252 90 311 160
person 0.0020 0 9 6 31
person 0.0017 216 111 232 138
person 0.0015 275 92 305 178
person 0.0012 180 166 195 193
person 0.0010 211 99 242 168
bird 0.0016 0 9 6 31
dog 0.0010 245 201 391 300
horse 0.0017 160 89 251 288
bottle 0.0015 219 199 236 223
