person 0.0360 469 13 505 153
person 0.0061 102 195 259 467
person 0.0024 481 27 503 143
person 0.0016 216 105 258 184
person 0.0012 0 159 11 322
bicycle 0.0012 109 184 286 472
bicycle 0.0011 85 187 130 320
bird 0.0018 102 195 259 467
cat 0.1179 102 195 259 467
dog 0.2249 102 195 259 467
dog 0.0015 72 285 294 413
horse 0.0024 102 195 259 467
bottle 0.0095 481 301 505 372
bottle 0.0046 475 255 505 411
bottle 0.0026 447 308 488 361
bottle 0.0019 438 297 466 354
bottle 0.0015 487 315 501 356
bottle 0.0011 381 325 454 399
chair 0.9966 -7 168 75 337
chair 0.1821 109 184 286 472
chair 0.0785 -3 196 11 324
chair 0.0564 162 209 278 408
chair 0.0185 85 187 130 320
chair 0.0040 0 216 6 279
chair 0.0036 0 208 3 329
chair 0.0035 0 223 10 257
chair 0.0032 0 129 9 332
chair 0.0031 72 285 294 413
chair 0.0030 215 299 265 395
chair 0.0030 -5 117 15 357
chair 0.0026 44 173 66 289
chair 0.0020 110 190 152 350
chair 0.0016 -1 166 6 409
chair 0.0012 235 123 410 495
chair 0.0011 0 217 6 248
chair 0.0010 95 210 124 272
sofa 0.0040 102 195 259 467
sofa 0.0027 -9 155 76 332
sofa 0.0017 -3 196 11 324
pottedplant 0.0046 100 141 179 222
pottedplant 0.0041 123 37 162 210
pottedplant 0.0020 124 65 161 125
pottedplant 0.0010 119 147 156 202
diningtable 0.2198 249 214 534 461
diningtable 0.0116 0 159 11 322
diningtable 0.0089 0 223 10 257
diningtable 0.0072 -22 192 83 350
diningtable 0.0067 0 217 6 248
diningtable 0.0038 -6 158 15 349
diningtable 0.0020 0 216 6 279
diningtable 0.0010 -4 210 29 271
diningtable 0.0010 0 178 2 264
tvmonitor 0.0027 115 190 163 352
