person 0.9950 72 102 328 297
person 0.9192 109 -93 293 459
person 0.0053 20 -6 186 16
person 0.0037 -36 -5 110 15
person 0.0029 86 -7 217 20
person 0.0028 125 -5 313 12
person 0.0028 154 0 206 5
person 0.0021 177 0 242 4
person 0.0019 74 0 133 4
person 0.0018 265 0 328 2
person 0.0018 124 26 267 343
person 0.0017 241 0 313 3
person 0.0016 113 0 169 7
person 0.0014 -3 0 58 4
person 0.0014 89 -1 156 4
person 0.0013 191 -4 362 8
person 0.0013 -25 -17 79 41
person 0.0013 -97 -18 258 38
person 0.0012 -18 202 378 345
person 0.0011 52 0 117 3
person 0.0011 14 -1 78 3
person 0.0010 138 0 183 10
bicycle 0.9942 -8 202 415 343
bicycle 0.9462 45 63 363 488
bicycle 0.0010 116 -77 288 475
bicycle 0.0010 -97 -18 258 38
car 0.0199 125 -5 313 12
car 0.0022 191 -4 362 8
car 0.0019 177 0 242 4
car 0.0016 241 0 313 3
car 0.0013 50 -17 417 26
car 0.0012 195 0 282 3
car 0.0012 158 0 222 4
car 0.0011 265 0 328 2
bottle 0.0054 168 195 225 296
bottle 0.0017 143 173 249 318
diningtable 0.0038 -18 202 378 345
diningtable 0.0011 38 90 323 285
