person 0.6369 262 147 321 210
person 0.4482 271 156 311 200
person 0.1390 179 153 254 222
person 0.1034 81 131 205 245
person 0.0895 216 156 255 210
person 0.0580 165 125 275 238
person 0.0573 123 159 194 227
person 0.0501 151 164 184 217
person 0.0440 189 164 226 212
person 0.0438 365 106 432 181
person 0.0425 44 133 101 247
person 0.0384 279 164 306 195
person 0.0234 92 158 167 237
person 0.0185 34 123 176 261
person 0.0183 254 153 288 207
person 0.0180 -1 166 11 194
person 0.0144 157 174 181 208
person 0.0119 350 109 384 178
person 0.0115 102 171 140 226
person 0.0115 346 91 511 214
person 0.0109 213 140 299 223
person 0.0104 223 113 338 234
person 0.0099 223 174 249 203
person 0.0075 139 133 216 231
person 0.0072 378 136 402 163
person 0.0072 375 121 408 169
person 0.0049 394 122 418 145
person 0.0047 18 96 456 346
person 0.0045 74 169 104 234
person 0.0037 233 160 252 203
person 0.0036 228 135 257 212
person 0.0036 312 108 386 195
person 0.0036 0 148 7 198
person 0.0035 274 136 314 192
person 0.0034 262 163 282 201
person 0.0029 322 124 361 181
person 0.0027 140 184 174 212
person 0.0024 184 162 212 216
person 0.0024 201 174 228 205
person 0.0024 295 90 416 216
person 0.0023 294 138 328 202
person 0.0023 76 138 136 245
person 0.0023 50 167 93 236
person 0.0023 188 173 204 210
person 0.0022 121 177 157 219
person 0.0021 -3 140 17 203
person 0.0021 78 191 101 225
person 0.0020 -18 172 62 269
person 0.0019 214 174 241 204
person 0.0017 292 169 311 191
person 0.0017 159 144 196 220
person 0.0017 170 159 204 219
person 0.0016 -7 145 31 198
person 0.0016 45 83 300 308
person 0.0016 -1 192 7 224
person 0.0014 27 183 59 257
person 0.0013 275 169 295 193
person 0.0013 -35 113 136 263
person 0.0012 -14 135 47 208
person 0.0012 358 124 377 158
person 0.0012 0 170 7 208
person 0.0012 390 115 424 168
person 0.0012 191 186 205 208
person 0.0012 196 167 218 200
person 0.0011 349 96 392 206
person 0.0011 106 182 120 222
person 0.0011 216 160 237 185
person 0.0010 354 116 372 154
person 0.0010 225 157 245 189
person 0.0010 282 146 306 177
person 0.0010 274 129 346 213
bus 0.5435 8 52 437 321
train 0.0168 8 52 437 321
boat 0.9680 18 56 453 318
boat 0.0048 -115 86 548 245
boat 0.0020 361 97 506 276
diningtable 0.0020 23 27 451 309
