person 0.0067 479 -3 503 282
person 0.0018 479 56 505 154
person 0.0016 474 21 505 188
person 0.0011 10 -35 289 393
car 0.0022 277 96 505 208
cat 0.9841 8 -31 313 391
cat 0.0013 -90 29 379 276
chair 0.0058 227 193 550 463
chair 0.0027 -41 9 147 360
chair 0.0014 30 -21 376 390
chair 0.0013 -3 74 23 320
sofa 0.0019 227 193 550 463
pottedplant 0.3283 219 113 576 330
pottedplant 0.0425 32 -4 457 376
pottedplant 0.0057 479 -3 503 282
pottedplant 0.0052 285 -9 516 387
pottedplant 0.0034 282 -119 443 261
pottedplant 0.0020 390 64 520 330
pottedplant 0.0015 292 -16 422 216
pottedplant 0.0015 479 64 505 165
pottedplant 0.0015 331 95 496 209
pottedplant 0.0011 469 -54 504 409
diningtable 0.0095 -21 207 520 454
diningtable 0.0031 227 193 550 463
tvmonitor 0.0033 32 -4 457 376
