person 0.9948 341 60 542 275
person 0.9933 170 100 387 444
person 0.9904 64 145 215 431
person 0.9863 101 148 214 310
person 0.9773 176 49 241 266
person 0.8169 -19 47 117 435
person 0.6250 362 -129 519 460
person 0.6013 384 4 522 340
person 0.3258 463 215 507 367
person 0.2577 81 203 205 367
person 0.0788 89 78 234 360
person 0.0357 73 114 89 156
person 0.0350 -14 184 104 358
person 0.0344 472 105 504 404
person 0.0258 75 173 94 187
person 0.0227 485 -47 503 400
person 0.0222 -34 149 128 316
person 0.0185 315 70 328 104
person 0.0149 -28 253 157 363
person 0.0136 124 119 193 235
person 0.0128 438 98 511 408
person 0.0124 51 126 122 257
person 0.0112 91 107 209 251
person 0.0112 314 169 507 420
person 0.0104 188 173 251 337
person 0.0098 -14 126 59 263
person 0.0079 108 119 128 141
person 0.0058 82 118 101 145
person 0.0057 488 22 501 146
person 0.0051 100 120 119 144
person 0.0041 323 67 340 102
person 0.0033 333 156 445 315
person 0.0031 -5 189 33 355
person 0.0031 469 -52 502 480
person 0.0028 113 131 191 196
person 0.0027 155 49 284 229
person 0.0025 488 143 503 261
person 0.0025 496 56 499 133
person 0.0024 90 209 475 335
person 0.0024 491 39 499 86
person 0.0022 91 124 112 145
person 0.0021 484 28 503 103
person 0.0020 402 207 531 383
person 0.0019 -10 133 33 226
person 0.0017 159 107 202 246
person 0.0017 40 190 103 314
person 0.0017 308 144 555 333
person 0.0015 486 195 502 300
person 0.0015 469 6 504 158
person 0.0014 75 111 107 156
person 0.0012 181 173 294 364
person 0.0012 469 39 506 90
person 0.0012 -2 216 12 317
person 0.0010 494 55 501 287
person 0.0010 45 219 72 242
person 0.0010 101 114 134 153
person 0.0010 22 206 86 255
bird 0.0039 73 114 89 156
bird 0.0014 82 118 101 145
bird 0.0010 91 124 112 145
cat 0.0189 463 215 507 367
cat 0.0029 119 130 192 196
dog 0.0916 463 215 507 367
dog 0.0063 73 114 89 156
dog 0.0048 119 130 192 196
dog 0.0036 315 70 328 104
dog 0.0021 87 122 232 321
dog 0.0021 323 67 340 102
dog 0.0011 314 142 466 330
dog 0.0011 82 118 101 145
bottle 0.0259 -1 252 25 321
bottle 0.0144 5 269 21 305
bottle 0.0088 242 108 251 138
bottle 0.0067 468 315 498 338
bottle 0.0057 1 261 8 314
bottle 0.0055 45 219 72 242
bottle 0.0045 486 309 502 339
bottle 0.0044 455 302 515 347
bottle 0.0043 -2 223 13 332
bottle 0.0037 182 153 193 168
bottle 0.0030 172 152 185 169
bottle 0.0025 385 197 398 218
bottle 0.0021 230 107 241 135
bottle 0.0012 183 100 196 141
bottle 0.0011 238 115 252 148
bottle 0.0011 174 139 186 169
bottle 0.0010 198 279 213 295
chair 0.9483 223 233 340 375
chair 0.6975 51 126 122 257
chair 0.6171 314 142 466 330
chair 0.3721 314 169 507 420
chair 0.2011 84 265 120 344
chair 0.1922 -13 150 81 354
chair 0.1220 -19 47 117 435
chair 0.0836 337 158 409 306
chair 0.0707 168 -6 380 382
chair 0.0613 -7 124 39 237
chair 0.0495 -5 189 33 355
chair 0.0399 264 234 531 373
chair 0.0342 335 77 546 320
chair 0.0196 297 214 369 373
chair 0.0174 325 169 417 254
chair 0.0173 337 243 444 294
chair 0.0173 46 192 236 392
chair 0.0164 371 189 535 309
chair 0.0157 -8 142 29 200
chair 0.0152 -34 182 125 325
chair 0.0135 -28 112 88 275
chair 0.0127 46 171 136 246
chair 0.0125 -10 213 33 298
chair 0.0122 103 145 178 235
chair 0.0120 233 259 310 313
chair 0.0113 362 -129 519 460
chair 0.0110 185 137 458 426
chair 0.0101 -2 216 12 317
chair 0.0090 -10 225 60 356
chair 0.0078 138 304 197 347
chair 0.0078 0 237 5 295
chair 0.0074 -28 253 157 363
chair 0.0072 271 199 398 387
chair 0.0070 25 143 146 272
chair 0.0066 78 124 224 333
chair 0.0060 182 51 243 260
chair 0.0046 54 248 132 360
chair 0.0045 153 316 186 338
chair 0.0042 308 116 355 236
chair 0.0042 40 190 103 314
chair 0.0038 114 126 197 210
chair 0.0038 12 203 86 346
chair 0.0037 -5 153 21 226
chair 0.0037 99 101 215 255
chair 0.0036 360 256 384 292
chair 0.0033 477 99 502 365
chair 0.0032 403 216 434 280
chair 0.0028 410 236 527 375
chair 0.0024 -12 152 57 277
chair 0.0023 134 274 201 360
chair 0.0023 487 151 503 266
chair 0.0022 49 141 119 208
chair 0.0021 443 249 503 361
chair 0.0021 400 118 512 388
chair 0.0020 340 153 564 282
chair 0.0019 387 172 437 287
chair 0.0016 0 170 11 212
chair 0.0013 -1 148 14 188
chair 0.0013 490 36 498 81
chair 0.0013 410 241 429 272
chair 0.0012 486 195 502 300
chair 0.0012 464 165 506 384
chair 0.0011 66 224 97 292
chair 0.0011 208 119 277 186
chair 0.0010 47 307 131 344
chair 0.0010 21 141 77 250
chair 0.0010 401 178 430 258
sofa 0.9867 178 -19 375 371
sofa 0.3450 -19 138 111 359
sofa 0.0430 314 169 507 420
sofa 0.0247 -8 124 40 259
sofa 0.0187 -15 197 61 348
sofa 0.0176 -28 112 88 275
sofa 0.0163 87 122 232 321
sofa 0.0131 314 142 466 330
sofa 0.0108 -28 253 157 363
sofa 0.0106 126 121 427 276
sofa 0.0096 -6 183 35 325
sofa 0.0085 46 192 236 392
sofa 0.0077 29 113 142 272
sofa 0.0067 99 101 215 255
sofa 0.0063 335 77 546 320
sofa 0.0056 227 75 365 283
sofa 0.0035 -18 139 219 435
sofa 0.0028 362 -129 519 460
sofa 0.0027 448 216 508 370
sofa 0.0027 179 66 252 272
sofa 0.0027 84 265 120 344
sofa 0.0014 114 126 197 210
sofa 0.0013 -8 156 33 223
sofa 0.0013 267 230 548 376
sofa 0.0013 53 130 118 234
sofa 0.0012 -8 142 29 200
sofa 0.0012 96 146 196 235
sofa 0.0012 472 105 504 404
sofa 0.0011 403 159 511 383
sofa 0.0011 12 203 86 346
sofa 0.0010 197 80 395 198
pottedplant 0.1603 3 4 102 61
pottedplant 0.1186 159 -11 294 166
pottedplant 0.0849 -6 19 25 216
pottedplant 0.0781 63 13 140 55
pottedplant 0.0379 144 22 170 47
pottedplant 0.0277 131 19 150 48
pottedplant 0.0270 83 23 118 47
pottedplant 0.0250 117 23 141 45
pottedplant 0.0246 100 23 123 46
pottedplant 0.0213 -24 -16 124 88
pottedplant 0.0181 108 23 132 46
pottedplant 0.0151 69 23 95 47
pottedplant 0.0137 188 4 265 150
pottedplant 0.0135 127 9 194 57
pottedplant 0.0129 38 140 67 196
pottedplant 0.0118 153 21 183 47
pottedplant 0.0082 -3 54 17 191
pottedplant 0.0080 59 22 84 47
pottedplant 0.0056 44 144 62 185
pottedplant 0.0050 24 117 48 201
pottedplant 0.0043 125 3 154 54
pottedplant 0.0040 -6 -29 31 148
pottedplant 0.0039 -7 -2 33 75
pottedplant 0.0036 49 23 78 46
pottedplant 0.0031 54 11 88 56
pottedplant 0.0027 -5 -82 36 249
pottedplant 0.0026 460 237 507 371
pottedplant 0.0025 -4 -3 15 116
pottedplant 0.0025 0 137 6 167
pottedplant 0.0025 39 24 68 47
pottedplant 0.0024 -2 98 24 186
pottedplant 0.0023 139 15 158 44
pottedplant 0.0023 -20 -4 231 77
pottedplant 0.0023 -14 -6 60 64
pottedplant 0.0022 14 23 33 46
pottedplant 0.0021 119 130 192 196
pottedplant 0.0020 64 13 99 55
pottedplant 0.0016 19 21 47 47
pottedplant 0.0015 92 12 167 54
pottedplant 0.0015 27 23 57 48
pottedplant 0.0015 -1 44 6 88
pottedplant 0.0013 -12 -43 63 210
pottedplant 0.0012 38 1 123 58
pottedplant 0.0012 172 152 185 169
pottedplant 0.0012 137 7 175 51
pottedplant 0.0012 166 23 188 48
pottedplant 0.0011 -6 54 28 153
pottedplant 0.0010 -11 115 55 247
pottedplant 0.0010 486 309 502 339
diningtable 0.1017 314 169 507 420
diningtable 0.0489 -48 247 154 372
diningtable 0.0250 267 230 548 376
diningtable 0.0162 -28 209 89 371
diningtable 0.0159 -10 225 60 356
diningtable 0.0088 314 142 466 330
diningtable 0.0059 335 77 546 320
diningtable 0.0049 99 101 215 255
diningtable 0.0034 -5 211 34 366
diningtable 0.0027 363 164 539 307
diningtable 0.0022 164 109 364 438
diningtable 0.0021 362 -129 519 460
diningtable 0.0017 28 123 142 240
diningtable 0.0014 410 236 527 375
tvmonitor 0.1270 48 142 121 219
tvmonitor 0.0227 208 119 277 186
tvmonitor 0.0058 487 151 503 266
tvmonitor 0.0018 401 67 459 136
tvmonitor 0.0017 183 100 196 141
tvmonitor 0.0015 408 0 470 92
tvmonitor 0.0014 357 26 434 118
tvmonitor 0.0014 413 83 439 110
tvmonitor 0.0012 20 45 192 202
tvmonitor 0.0011 222 129 265 176
tvmonitor 0.0010 28 123 142 240
