person 0.9995 91 -30 484 391
person 0.9185 -40 11 158 225
person 0.0888 -20 -186 137 405
person 0.0342 1 19 415 300
person 0.0066 460 80 506 237
person 0.0045 -66 25 243 338
person 0.0030 478 17 502 451
person 0.0029 441 47 509 346
person 0.0017 462 -65 506 384
person 0.0014 448 98 517 188
person 0.0010 -5 178 31 370
motorbike 0.0016 81 34 491 408
dog 0.0022 460 80 506 237
dog 0.0014 448 98 517 188
bottle 0.0128 18 308 186 405
bottle 0.0068 -1 200 119 397
bottle 0.0038 426 326 465 389
bottle 0.0029 399 314 477 403
bottle 0.0019 351 304 519 408
bottle 0.0016 -5 195 29 426
bottle 0.0013 56 315 144 393
chair 0.0505 81 34 491 408
chair 0.0102 467 77 505 317
chair 0.0095 439 51 509 422
chair 0.0061 448 98 517 188
chair 0.0059 478 17 502 451
chair 0.0050 -4 124 28 348
chair 0.0027 401 229 529 393
chair 0.0025 421 244 487 377
chair 0.0018 260 308 488 405
chair 0.0018 349 139 536 375
chair 0.0011 -14 199 48 281
chair 0.0010 475 222 503 437
chair 0.0010 100 241 528 442
chair 0.0010 -8 226 32 292
sofa 0.0076 81 34 491 408
sofa 0.0012 439 51 509 422
pottedplant 0.0779 -44 13 163 342
pottedplant 0.0582 -20 66 113 443
pottedplant 0.0124 -5 194 114 401
pottedplant 0.0045 295 -131 514 266
pottedplant 0.0025 233 5 571 146
pottedplant 0.0022 434 -24 509 265
pottedplant 0.0012 -10 45 70 349
pottedplant 0.0012 -5 178 31 370
diningtable 0.0944 1 260 491 436
diningtable 0.0194 -103 225 453 369
diningtable 0.0093 -1 149 339 462
diningtable 0.0028 -5 178 31 370
diningtable 0.0023 -44 157 158 354
diningtable 0.0021 50 41 459 399
diningtable 0.0014 467 77 505 317
diningtable 0.0011 -4 126 118 478
diningtable 0.0010 -8 226 32 292
