person 0.9868 185 10 243 222
person 0.8957 442 0 485 170
person 0.0239 441 65 475 144
person 0.0064 442 36 473 98
person 0.0033 -15 55 56 236
person 0.0032 253 -12 424 247
person 0.0028 -1 89 8 120
person 0.0021 372 79 410 145
person 0.0015 451 30 478 121
person 0.0015 0 76 5 118
bicycle 0.0025 435 11 481 162
car 0.0195 264 -6 437 238
car 0.0010 -15 55 56 236
boat 0.0095 253 -12 424 247
bird 0.0089 279 61 287 69
dog 0.0303 441 65 475 144
dog 0.0034 423 50 491 157
dog 0.0029 -15 55 56 236
horse 0.6612 -15 55 56 236
horse 0.0678 435 11 481 162
horse 0.0214 441 65 475 144
horse 0.0100 250 -10 430 266
horse 0.0037 16 94 48 154
horse 0.0031 181 18 239 226
horse 0.0024 -15 70 50 161
horse 0.0021 -1 89 8 120
horse 0.0020 -7 38 40 188
horse 0.0019 403 18 536 166
horse 0.0018 -1 42 8 225
horse 0.0011 -2 60 11 170
horse 0.0010 428 54 501 154
sheep 0.0013 -15 55 56 236
cow 0.9627 250 -10 430 266
cow 0.0863 -13 64 54 203
cow 0.0388 240 48 462 180
cow 0.0242 372 79 410 145
cow 0.0063 358 66 421 151
cow 0.0036 435 11 481 162
cow 0.0036 441 65 475 144
cow 0.0013 -7 28 43 267
sofa 0.0013 253 -12 424 247
pottedplant 0.0027 467 -11 506 165
pottedplant 0.0010 443 3 486 155
