person 0.9851 125 93 379 305
person 0.9486 159 -90 345 439
person 0.1310 302 85 336 128
person 0.0129 281 77 345 136
person 0.0096 443 53 470 81
person 0.0091 180 34 334 287
person 0.0053 363 103 498 247
person 0.0043 3 63 417 281
person 0.0039 129 16 188 140
person 0.0022 292 93 312 121
person 0.0015 429 38 485 95
person 0.0013 453 54 476 79
person 0.0012 116 -36 202 155
bicycle 0.0057 53 -13 444 297
bicycle 0.0019 169 35 265 211
bicycle 0.0010 139 -77 366 247
car 0.6460 34 -3 384 337
car 0.0330 145 105 404 315
car 0.0329 183 -12 476 341
car 0.0022 277 18 549 311
motorbike 0.0017 34 -3 384 337
aeroplane 0.0052 34 -3 384 337
bus 0.0209 42 -9 443 343
bus 0.0033 277 18 549 311
bus 0.0011 145 105 404 315
train 0.0375 42 -9 443 343
boat 0.1754 34 -3 384 337
boat 0.0024 125 88 374 272
boat 0.0016 183 -12 476 341
dog 0.0013 161 105 270 250
dog 0.0011 167 -47 337 434
bottle 0.0017 161 105 270 250
chair 0.5755 145 105 404 315
chair 0.0228 358 43 399 91
chair 0.0178 167 -47 337 434
chair 0.0157 356 44 422 103
chair 0.0153 443 53 470 81
chair 0.0134 361 52 396 80
chair 0.0083 402 63 433 85
chair 0.0080 389 52 410 75
chair 0.0052 374 62 405 89
chair 0.0051 429 38 485 95
chair 0.0047 383 49 453 96
chair 0.0046 -21 63 118 370
chair 0.0043 397 61 418 89
chair 0.0040 378 53 402 77
chair 0.0039 395 52 418 75
chair 0.0028 366 59 393 87
chair 0.0023 453 54 476 79
chair 0.0023 54 36 432 353
chair 0.0019 379 51 416 93
chair 0.0017 170 43 263 234
chair 0.0012 390 44 425 90
chair 0.0010 414 63 440 84
