person 0.0264 14 -3 43 13
person 0.0136 -9 -35 134 87
person 0.0074 24 -38 94 122
person 0.0052 317 0 354 11
person 0.0050 22 0 52 9
person 0.0039 191 8 230 73
person 0.0036 68 -18 110 60
person 0.0031 337 0 374 11
person 0.0027 -12 -8 70 21
person 0.0027 351 -2 382 12
person 0.0025 178 0 244 82
person 0.0023 88 -38 153 122
person 0.0021 0 0 37 9
person 0.0016 267 0 328 4
person 0.0015 293 0 338 9
person 0.0015 129 144 154 208
person 0.0014 75 -25 135 85
person 0.0012 353 -6 380 28
person 0.0012 -10 -19 109 42
person 0.0010 322 0 370 8
person 0.0010 41 0 359 179
car 0.9900 80 0 373 176
car 0.9884 205 29 410 325
car 0.8984 106 -36 200 137
car 0.8163 121 -175 329 342
car 0.8013 85 -31 150 97
car 0.6840 282 -12 407 27
car 0.6126 56 -48 182 108
car 0.1600 84 -96 227 194
car 0.1415 288 -1 326 7
car 0.1340 60 -31 130 65
car 0.0620 68 -18 110 60
car 0.0403 -29 -23 156 55
car 0.0389 269 -8 366 19
car 0.0371 304 0 348 11
car 0.0359 267 0 328 4
car 0.0174 221 -4 356 12
car 0.0161 351 -2 382 12
car 0.0157 14 -3 43 13
car 0.0102 -20 -7 116 18
car 0.0063 302 -6 448 20
car 0.0059 93 -14 413 35
car 0.0058 58 -9 134 23
car 0.0047 135 -33 371 87
car 0.0044 358 0 388 6
car 0.0038 65 0 125 8
car 0.0034 245 0 312 2
car 0.0033 350 -8 383 30
car 0.0031 68 -21 160 49
car 0.0029 22 0 52 9
car 0.0026 337 0 374 11
car 0.0026 322 0 370 8
car 0.0023 0 0 37 9
car 0.0020 65 0 107 6
car 0.0019 65 -41 289 101
car 0.0018 248 -21 445 37
car 0.0018 132 -48 260 225
car 0.0014 90 -27 122 94
car 0.0014 225 -155 389 417
car 0.0012 226 -17 351 42
car 0.0011 -10 0 32 6
car 0.0010 16 0 78 5
car 0.0010 75 -8 174 21
car 0.0010 116 -4 326 11
bus 0.0280 190 51 427 430
train 0.0238 190 51 427 430
boat 0.0014 23 84 224 306
bird 0.0019 118 149 152 204
bird 0.0010 126 162 142 194
bottle 0.0060 129 144 154 208
bottle 0.0029 134 158 149 196
bottle 0.0010 126 162 142 194
tvmonitor 0.9993 17 256 354 462
