person 0.9995 172 42 473 314
person 0.7657 299 10 555 320
person 0.0039 419 -43 512 162
person 0.0013 432 -110 510 424
bottle 0.0061 181 126 215 197
bottle 0.0015 -5 229 21 309
bottle 0.0013 187 127 207 160
bottle 0.0011 94 292 164 352
bottle 0.0010 -5 201 28 349
pottedplant 0.8858 104 37 219 234
pottedplant 0.1427 75 154 130 381
pottedplant 0.0155 -5 205 29 370
pottedplant 0.0094 117 118 242 231
pottedplant 0.0033 176 100 223 217
pottedplant 0.0025 142 99 213 220
pottedplant 0.0025 124 45 199 194
pottedplant 0.0014 -2 225 13 346
pottedplant 0.0013 -17 107 136 439
pottedplant 0.0012 261 164 382 327
pottedplant 0.0010 105 -35 230 342
