person 0.4127 149 -33 491 396
person 0.3160 220 228 238 259
person 0.3135 332 187 392 282
person 0.2938 265 230 294 262
person 0.2151 18 218 33 246
person 0.2132 309 172 413 296
person 0.1909 193 196 221 267
person 0.0701 233 234 251 258
person 0.0555 26 215 39 249
person 0.0491 4 210 22 231
person 0.0487 93 119 111 147
person 0.0397 216 219 251 262
person 0.0388 1 209 10 232
person 0.0378 94 183 127 261
person 0.0370 464 206 501 272
person 0.0254 488 183 503 278
person 0.0235 151 197 181 265
person 0.0224 468 212 486 253
person 0.0173 493 224 500 277
person 0.0160 371 196 448 290
person 0.0156 6 220 23 238
person 0.0149 444 205 483 277
person 0.0147 248 223 303 271
person 0.0114 216 198 241 268
person 0.0112 495 188 500 273
person 0.0108 2 216 9 244
person 0.0100 175 197 199 266
person 0.0096 334 224 351 259
person 0.0093 198 209 215 253
person 0.0089 150 227 164 252
person 0.0089 284 234 304 262
person 0.0079 134 196 160 265
person 0.0078 446 187 503 290
person 0.0076 9 208 40 254
person 0.0074 292 49 308 88
person 0.0073 161 198 192 265
person 0.0066 208 213 264 270
person 0.0065 139 110 159 136
person 0.0061 62 -19 452 262
person 0.0059 361 199 398 278
person 0.0054 328 223 359 270
person 0.0051 235 70 253 100
person 0.0041 341 195 377 248
person 0.0041 105 119 133 143
person 0.0041 245 214 278 266
person 0.0041 28 213 39 231
person 0.0040 230 194 254 272
person 0.0040 99 120 117 145
person 0.0039 0 198 13 221
person 0.0039 61 109 97 157
person 0.0039 35 210 49 250
person 0.0038 16 211 27 231
person 0.0038 225 57 258 113
person 0.0035 0 214 3 264
person 0.0030 255 224 273 261
person 0.0030 142 219 157 256
person 0.0030 182 192 212 269
person 0.0028 38 210 50 231
person 0.0028 368 212 390 245
person 0.0027 179 207 193 256
person 0.0027 472 220 493 256
person 0.0027 428 186 481 289
person 0.0026 68 120 92 151
person 0.0026 228 68 247 102
person 0.0025 -1 199 25 221
person 0.0025 86 99 116 155
person 0.0024 90 94 146 158
person 0.0023 100 103 140 148
person 0.0023 157 209 175 253
person 0.0022 163 182 233 280
person 0.0021 48 100 111 167
person 0.0021 347 203 371 234
person 0.0019 224 206 286 274
person 0.0018 221 210 234 254
person 0.0018 395 175 514 303
person 0.0018 133 89 162 143
person 0.0018 169 220 186 256
person 0.0018 399 204 435 277
person 0.0017 422 226 437 271
person 0.0017 344 42 380 96
person 0.0016 151 211 166 253
person 0.0014 135 187 201 275
person 0.0014 308 216 376 280
person 0.0014 120 185 319 280
person 0.0014 102 196 121 223
person 0.0012 291 42 313 110
person 0.0012 315 229 328 254
person 0.0012 138 44 366 336
person 0.0012 32 38 417 385
person 0.0012 207 221 221 259
person 0.0012 244 235 265 258
person 0.0012 135 207 149 234
person 0.0012 492 121 501 303
person 0.0011 413 207 441 275
person 0.0010 183 201 250 275
car 0.9891 -13 198 45 285
car 0.0142 4 210 22 231
car 0.0106 -7 195 32 246
car 0.0066 -5 222 35 270
car 0.0061 1 209 10 232
car 0.0052 2 216 9 244
car 0.0044 6 220 23 238
car 0.0039 0 198 13 221
car 0.0038 -1 199 25 221
car 0.0029 26 223 38 250
car 0.0022 0 214 3 264
car 0.0011 -3 209 17 269
car 0.0010 -1 195 16 213
bus 0.9693 58 -38 467 398
bus 0.0209 -8 190 31 233
bus 0.0108 0 198 13 221
bus 0.0082 -8 187 39 285
bus 0.0051 -1 199 25 221
bus 0.0021 -4 189 19 252
bus 0.0017 -1 195 16 213
bus 0.0012 1 209 10 232
bus 0.0010 -9 196 32 213
chair 0.0535 223 85 246 121
chair 0.0130 248 84 277 110
chair 0.0079 224 70 288 122
chair 0.0054 219 84 232 123
chair 0.0046 206 86 223 124
chair 0.0045 219 67 252 125
chair 0.0042 233 82 253 109
chair 0.0040 139 110 159 136
chair 0.0040 42 -43 406 363
chair 0.0038 198 91 219 123
chair 0.0028 175 99 195 129
chair 0.0022 197 79 229 129
chair 0.0016 270 79 295 107
chair 0.0016 236 76 274 115
chair 0.0016 214 77 239 129
chair 0.0014 260 55 322 120
chair 0.0012 144 108 169 136
