cat 0.1210 7 322 388 455
cat 0.0764 47 211 349 564
dog 0.9465 58 168 340 592
dog 0.9296 10 316 388 444
chair 0.0235 280 -176 340 656
chair 0.0033 -6 335 61 553
chair 0.0023 245 41 378 460
chair 0.0013 -19 446 68 522
sofa 0.0013 -6 335 61 553
pottedplant 0.6840 -6 339 63 536
pottedplant 0.2639 -82 6 243 422
pottedplant 0.0034 -62 9 194 252
pottedplant 0.0012 279 -155 340 669
pottedplant 0.0010 -29 324 87 505
diningtable 0.0149 -36 345 373 545
diningtable 0.0113 -52 320 409 462
diningtable 0.0012 -6 335 61 553
tvmonitor 0.0024 13 0 319 433
