person 0.9997 -4 29 354 314
person 0.9919 232 8 319 300
person 0.9889 -15 -26 86 407
person 0.9764 247 76 463 321
person 0.9559 357 14 469 382
person 0.7698 -36 61 123 323
person 0.7635 205 140 320 323
person 0.2785 193 74 327 402
person 0.0531 364 64 408 178
person 0.0364 423 23 469 401
person 0.0308 434 56 463 227
person 0.0234 -2 -4 20 395
person 0.0219 275 -1 396 400
person 0.0102 189 304 279 348
person 0.0041 368 72 404 138
person 0.0034 53 88 91 179
person 0.0028 45 61 100 252
person 0.0022 433 89 464 156
person 0.0018 212 25 263 174
person 0.0017 52 64 110 184
person 0.0015 91 100 104 129
person 0.0014 430 125 460 380
person 0.0014 143 95 372 309
person 0.0012 -2 86 10 214
person 0.0012 172 213 348 334
person 0.0010 156 -2 242 355
bottle 0.0275 227 239 258 319
bottle 0.0042 204 243 242 313
bottle 0.0040 251 290 279 344
bottle 0.0028 206 210 229 284
bottle 0.0022 71 187 88 219
bottle 0.0021 67 175 92 229
bottle 0.0014 211 225 223 274
bottle 0.0012 207 286 224 306
bottle 0.0012 216 223 267 327
bottle 0.0011 201 217 248 331
bottle 0.0011 237 247 257 281
chair 0.0951 412 258 467 356
chair 0.0529 44 256 75 352
chair 0.0280 189 304 279 348
chair 0.0180 425 268 465 327
chair 0.0099 44 171 90 370
chair 0.0081 384 244 480 371
chair 0.0076 173 185 347 320
chair 0.0075 -29 220 96 373
chair 0.0047 -2 275 18 355
chair 0.0043 20 238 82 354
chair 0.0030 61 236 81 355
chair 0.0029 -9 64 75 404
chair 0.0026 -1 231 64 359
chair 0.0023 363 123 465 384
chair 0.0022 70 187 88 225
chair 0.0021 192 200 263 278
chair 0.0021 295 193 313 260
chair 0.0020 0 284 6 349
chair 0.0019 60 149 98 208
chair 0.0019 67 175 92 229
chair 0.0019 304 301 382 346
chair 0.0015 43 180 78 235
chair 0.0015 193 119 260 215
chair 0.0015 231 135 255 190
chair 0.0015 46 204 83 305
chair 0.0014 205 203 232 278
chair 0.0014 250 260 495 365
chair 0.0014 23 176 78 323
chair 0.0012 236 142 251 182
chair 0.0012 413 173 463 372
chair 0.0010 -3 88 23 378
sofa 0.0049 198 139 326 358
sofa 0.0018 -13 -14 80 436
sofa 0.0013 146 240 376 373
pottedplant 0.0096 201 217 248 331
pottedplant 0.0024 203 239 234 315
pottedplant 0.0010 -14 -26 95 388
diningtable 0.5642 146 240 376 373
diningtable 0.3397 174 157 346 423
diningtable 0.0708 41 185 92 315
diningtable 0.0349 50 199 87 278
diningtable 0.0209 172 213 348 334
diningtable 0.0106 -3 63 353 322
diningtable 0.0083 189 304 279 348
diningtable 0.0057 55 211 84 242
diningtable 0.0054 190 277 256 337
diningtable 0.0054 51 167 377 408
diningtable 0.0048 174 216 481 395
diningtable 0.0041 203 199 318 379
diningtable 0.0037 33 195 97 259
diningtable 0.0025 23 176 78 323
diningtable 0.0025 -4 123 97 383
diningtable 0.0023 -13 -14 80 436
diningtable 0.0015 251 228 308 360
diningtable 0.0015 248 277 324 312
diningtable 0.0015 240 276 327 357
diningtable 0.0012 51 216 77 238
diningtable 0.0010 228 135 495 338
diningtable 0.0010 212 223 268 356
diningtable 0.0010 115 289 438 353
