person 0.9766 -131 116 484 319
person 0.8970 10 89 347 348
person 0.3286 331 71 542 342
person 0.0325 233 147 582 336
person 0.0075 127 -25 374 383
person 0.0033 263 7 562 269
person 0.0029 168 87 480 341
person 0.0027 -47 245 142 377
person 0.0013 47 116 450 249
cat 0.0013 306 115 485 368
bottle 0.0076 306 115 485 368
chair 0.1816 -24 147 515 325
chair 0.0061 15 107 347 353
chair 0.0045 321 257 551 369
chair 0.0040 -70 136 269 293
chair 0.0027 111 -10 384 408
chair 0.0023 466 143 506 294
chair 0.0018 156 130 492 438
chair 0.0013 211 21 439 377
chair 0.0010 233 147 582 336
sofa 0.6764 17 126 415 338
sofa 0.0198 -70 136 269 293
sofa 0.0135 81 158 574 322
sofa 0.0057 -114 105 470 263
sofa 0.0042 289 93 535 457
sofa 0.0040 -34 1 217 400
sofa 0.0026 156 130 492 438
sofa 0.0022 295 114 464 356
sofa 0.0022 111 -10 384 408
sofa 0.0017 321 257 551 369
