horse 0.0080 260 179 286 203
horse 0.0017 292 175 314 197
horse 0.0014 184 177 203 205
horse 0.0013 326 174 357 198
horse 0.0012 223 179 249 205
horse 0.0011 235 178 252 202
sheep 0.9781 133 179 156 198
sheep 0.9739 292 175 314 197
sheep 0.9734 326 174 357 198
sheep 0.9716 223 179 249 205
sheep 0.9707 180 178 201 205
sheep 0.9549 260 179 286 203
sheep 0.7912 235 178 252 202
sheep 0.0814 174 173 208 209
sheep 0.0209 342 174 354 191
sheep 0.0190 208 170 268 212
sheep 0.0171 312 167 371 206
sheep 0.0148 254 173 292 209
sheep 0.0146 238 178 248 189
sheep 0.0100 303 179 313 194
sheep 0.0099 489 182 501 213
sheep 0.0091 261 184 274 199
sheep 0.0086 57 153 497 209
sheep 0.0080 329 181 340 195
sheep 0.0056 285 167 321 200
sheep 0.0034 224 184 234 197
sheep 0.0033 127 171 164 208
sheep 0.0027 261 176 267 184
sheep 0.0027 232 179 243 188
sheep 0.0026 247 182 256 195
sheep 0.0026 136 179 147 190
sheep 0.0025 1 108 497 244
sheep 0.0025 214 177 221 187
sheep 0.0024 154 177 159 185
sheep 0.0023 34 41 461 212
sheep 0.0022 8 163 396 220
sheep 0.0019 290 182 300 192
sheep 0.0018 27 192 477 312
sheep 0.0016 200 190 268 227
sheep 0.0016 467 186 485 199
sheep 0.0015 187 184 201 206
sheep 0.0014 277 183 285 195
sheep 0.0012 172 178 178 188
sheep 0.0011 200 183 207 194
cow 0.0446 260 179 286 203
cow 0.0141 235 178 252 202
cow 0.0117 184 177 203 205
cow 0.0115 223 179 249 205
cow 0.0078 292 175 314 197
cow 0.0071 132 179 155 199
cow 0.0052 326 174 357 198
cow 0.0020 489 182 501 213
cow 0.0012 174 173 208 209
