person 0.0198 14 182 33 204
person 0.0136 153 222 164 238
person 0.0077 21 182 44 201
person 0.0042 34 184 51 198
person 0.0030 10 182 24 202
person 0.0024 96 163 120 224
person 0.0011 101 171 116 213
bicycle 0.0015 187 148 492 333
car 0.9591 -20 143 124 258
car 0.0050 10 148 82 250
car 0.0043 85 164 171 235
car 0.0032 6 168 117 216
car 0.0030 -2 166 66 213
car 0.0029 127 166 157 222
car 0.0028 119 162 181 222
car 0.0027 52 138 197 259
car 0.0027 130 178 152 208
car 0.0017 68 153 131 233
car 0.0016 83 164 120 221
car 0.0015 103 189 117 215
car 0.0014 135 178 161 202
car 0.0012 34 184 51 198
car 0.0010 -4 84 192 309
cat 0.8566 213 155 505 329
cat 0.6457 258 11 463 498
cat 0.0158 340 175 450 382
cat 0.0064 315 141 476 462
cat 0.0013 186 216 550 366
dog 0.4828 184 162 500 342
dog 0.0644 258 11 463 498
chair 0.0100 241 193 503 466
chair 0.0019 215 165 502 339
sofa 0.0031 184 162 500 342
pottedplant 0.0064 241 193 503 466
pottedplant 0.0054 187 148 492 333
pottedplant 0.0016 250 126 386 230
pottedplant 0.0013 333 9 482 369
diningtable 0.0018 184 162 500 342
diningtable 0.0011 241 193 503 466
