person 0.0388 397 167 413 197
person 0.0242 395 156 418 225
person 0.0178 201 158 216 179
person 0.0136 268 153 303 192
person 0.0049 206 160 221 177
person 0.0029 387 157 413 208
person 0.0023 132 171 146 185
person 0.0023 340 170 357 187
person 0.0018 262 144 320 200
person 0.0016 218 161 229 175
person 0.0010 380 169 394 195
train 0.9946 32 48 564 333
train 0.3879 -45 140 647 246
chair 0.0039 -30 253 88 373
chair 0.0032 -14 265 48 326
diningtable 0.0325 -28 272 80 344
diningtable 0.0299 -14 265 48 326
diningtable 0.0032 -7 258 58 364
diningtable 0.0022 -16 281 46 294
