person 0.0140 -59 141 554 374
person 0.0030 94 16 473 285
person 0.0027 178 50 253 160
person 0.0013 -7 -48 69 186
person 0.0012 0 139 449 301
bicycle 0.0243 221 -98 523 224
bicycle 0.0012 105 -108 399 256
bicycle 0.0010 4 11 569 135
car 0.0034 221 -98 523 224
bird 0.0031 178 50 253 160
cat 0.9233 -79 119 588 249
cat 0.5814 -9 -6 518 372
cat 0.4270 44 88 460 295
cat 0.0164 23 34 325 335
cat 0.0116 53 3 447 240
cat 0.0023 -57 76 399 224
cat 0.0013 -27 115 202 234
dog 0.0116 -43 121 602 245
dog 0.0057 58 22 445 282
bottle 0.6911 123 70 151 158
bottle 0.5081 107 67 138 157
bottle 0.0065 93 62 166 167
bottle 0.0042 18 -46 61 182
bottle 0.0037 178 50 253 160
bottle 0.0032 121 80 136 115
bottle 0.0024 130 105 147 145
bottle 0.0023 115 90 144 153
bottle 0.0013 128 83 144 113
bottle 0.0012 124 81 134 149
bottle 0.0010 50 31 120 167
chair 0.0039 -8 -45 71 197
chair 0.0027 94 16 473 285
sofa 0.0356 58 22 445 282
sofa 0.0207 -59 141 554 374
pottedplant 0.0083 185 -109 405 246
pottedplant 0.0019 4 11 569 135
pottedplant 0.0010 162 27 586 200
diningtable 0.0013 -59 141 554 374
