person 0.9989 155 50 446 256
person 0.9909 -53 61 323 290
person 0.0522 477 68 503 326
person 0.0100 -8 140 137 495
person 0.0061 484 -80 502 361
person 0.0059 487 122 501 263
person 0.0047 471 -36 505 429
person 0.0029 -12 51 75 308
person 0.0027 482 117 503 428
person 0.0018 429 47 510 344
person 0.0016 492 61 501 265
person 0.0016 191 -60 398 351
person 0.0014 -6 164 34 420
person 0.0012 167 30 282 180
bottle 0.1928 445 225 490 350
bottle 0.0366 481 70 503 363
bottle 0.0089 486 155 502 307
bottle 0.0028 -8 140 137 495
bottle 0.0021 303 238 367 346
bottle 0.0020 6 224 126 415
bottle 0.0012 333 229 405 325
chair 0.1664 344 290 549 409
chair 0.0840 192 124 227 148
chair 0.0418 329 219 430 259
chair 0.0154 477 68 503 326
chair 0.0136 -77 101 337 332
chair 0.0065 485 146 502 258
chair 0.0061 181 116 236 157
chair 0.0047 -10 69 69 362
chair 0.0035 367 231 517 455
chair 0.0025 184 217 377 294
chair 0.0022 403 187 530 315
chair 0.0022 2 184 57 336
chair 0.0019 482 117 503 428
chair 0.0018 -6 168 37 377
chair 0.0017 151 67 447 279
chair 0.0015 169 245 244 295
chair 0.0014 495 161 500 222
chair 0.0013 473 153 505 250
chair 0.0010 6 224 126 415
sofa 0.0032 -10 69 69 362
sofa 0.0021 -77 101 337 332
sofa 0.0010 -28 78 127 204
pottedplant 0.0161 167 30 282 180
pottedplant 0.0059 -7 -26 197 241
pottedplant 0.0057 190 48 254 163
pottedplant 0.0057 91 32 150 159
pottedplant 0.0055 -67 58 287 264
pottedplant 0.0051 42 15 172 180
pottedplant 0.0018 481 70 503 363
diningtable 0.9888 37 212 471 384
diningtable 0.0448 82 111 494 488
diningtable 0.0068 -28 78 127 204
diningtable 0.0049 -6 255 37 403
diningtable 0.0027 -8 140 137 495
diningtable 0.0022 -18 -3 144 292
diningtable 0.0015 -74 70 296 292
diningtable 0.0013 -12 51 75 308
tvmonitor 0.0015 2 184 57 336
