person 0.9980 34 114 126 474
person 0.2195 161 159 222 437
person 0.1991 250 95 362 265
person 0.0401 260 120 329 279
person 0.0244 278 113 341 226
person 0.0215 -5 202 21 269
person 0.0181 81 191 109 262
person 0.0139 225 138 271 269
person 0.0092 168 191 213 360
person 0.0087 225 148 256 245
person 0.0053 231 148 347 290
person 0.0037 216 164 244 250
person 0.0035 158 243 207 386
person 0.0033 117 204 131 227
person 0.0027 57 201 70 228
person 0.0022 49 200 60 231
person 0.0022 89 204 101 225
person 0.0021 274 152 303 222
person 0.0018 122 204 138 227
person 0.0016 91 189 113 277
person 0.0014 286 145 324 210
person 0.0014 247 127 298 280
person 0.0013 94 204 104 227
person 0.0013 133 204 152 224
person 0.0012 101 244 152 378
person 0.0012 42 179 67 270
person 0.0011 -20 209 68 299
person 0.0011 45 159 115 282
person 0.0010 126 60 404 368
bicycle 0.0571 282 227 341 411
bicycle 0.0201 273 294 351 387
bicycle 0.0010 252 255 364 418
car 0.1224 -20 209 68 299
car 0.0337 -5 202 21 269
car 0.0169 99 160 170 280
car 0.0158 77 144 190 297
car 0.0070 135 208 168 258
car 0.0029 102 201 179 266
car 0.0015 155 205 164 247
car 0.0012 104 50 389 323
car 0.0010 153 192 169 278
motorbike 0.0148 273 294 351 387
motorbike 0.0055 282 251 341 418
bus 0.9928 105 61 390 368
bus 0.8973 77 144 190 297
bus 0.8185 99 160 170 280
bus 0.0192 152 102 197 333
bus 0.0138 9 129 148 278
bus 0.0031 155 45 225 360
bus 0.0028 112 81 206 326
bus 0.0014 -12 114 59 290
bus 0.0010 1 72 166 351
bus 0.0010 152 151 169 261
train 0.0429 106 69 389 399
train 0.0028 99 160 170 280
train 0.0023 77 144 190 297
boat 0.0105 -20 209 68 299
dog 0.0123 103 244 162 378
dog 0.0011 79 221 193 403
bottle 0.0014 149 334 170 355
diningtable 0.0020 -20 209 68 299
