person 0.9949 140 258 210 536
person 0.9715 65 244 169 556
person 0.9575 60 267 89 435
person 0.8099 42 264 72 420
person 0.6653 127 297 158 367
person 0.3507 151 296 178 370
person 0.1490 145 300 163 378
person 0.0957 140 277 173 466
person 0.0689 147 313 158 350
person 0.0506 156 309 170 336
person 0.0421 52 299 69 329
person 0.0384 213 310 222 336
person 0.0338 209 308 219 353
person 0.0311 152 273 193 397
person 0.0273 137 309 152 333
person 0.0187 164 294 181 329
person 0.0158 45 291 73 354
person 0.0157 211 310 225 352
person 0.0138 134 312 151 350
person 0.0100 156 286 186 342
person 0.0099 127 276 164 439
person 0.0098 173 285 211 426
person 0.0090 22 306 213 496
person 0.0075 156 320 169 359
person 0.0073 59 294 90 371
person 0.0064 56 283 82 403
person 0.0063 155 299 168 326
person 0.0062 165 307 178 335
person 0.0061 147 293 204 451
person 0.0057 114 291 174 374
person 0.0051 166 299 200 366
person 0.0050 204 299 222 365
person 0.0050 63 320 88 401
person 0.0048 149 299 161 327
person 0.0046 59 302 72 338
person 0.0044 129 315 144 345
person 0.0043 151 330 160 366
person 0.0040 175 309 190 333
person 0.0039 187 307 197 338
person 0.0037 163 312 176 349
person 0.0030 186 324 197 358
person 0.0027 176 300 186 326
person 0.0023 40 292 62 391
person 0.0020 196 305 208 342
person 0.0017 137 284 209 379
person 0.0017 188 315 198 348
person 0.0011 222 313 237 333
person 0.0011 104 296 141 349
bicycle 0.0057 66 328 88 409
cat 0.0024 55 394 83 426
dog 0.0016 55 394 83 426
chair 0.9877 190 369 275 542
chair 0.9808 219 367 376 561
chair 0.8574 221 386 316 434
chair 0.6813 319 399 388 533
chair 0.2205 227 393 255 425
chair 0.1508 331 350 383 449
chair 0.1423 293 361 362 434
chair 0.1032 189 373 359 484
chair 0.0824 288 399 321 421
chair 0.0790 225 375 281 486
chair 0.0609 289 367 408 545
chair 0.0578 314 362 395 418
chair 0.0450 244 371 301 492
chair 0.0438 310 394 343 419
chair 0.0421 149 350 298 559
chair 0.0344 319 373 355 424
chair 0.0320 257 380 331 534
chair 0.0292 268 351 342 432
chair 0.0241 323 383 353 400
chair 0.0220 294 338 400 459
chair 0.0212 303 367 361 497
chair 0.0210 347 370 379 392
chair 0.0194 301 365 331 427
chair 0.0175 342 362 382 418
chair 0.0153 266 391 332 428
chair 0.0130 223 387 260 449
chair 0.0124 198 402 378 449
chair 0.0116 187 393 208 423
chair 0.0103 211 397 290 459
chair 0.0099 243 406 371 435
chair 0.0093 342 343 381 522
chair 0.0064 305 371 324 412
chair 0.0060 313 448 396 521
chair 0.0054 307 386 347 430
chair 0.0046 300 411 392 460
chair 0.0046 276 395 297 422
chair 0.0044 278 365 320 416
chair 0.0043 246 398 274 422
chair 0.0042 291 408 322 424
chair 0.0036 227 414 256 439
chair 0.0035 147 385 436 457
chair 0.0033 284 410 312 426
chair 0.0028 175 360 217 509
chair 0.0028 305 392 348 408
chair 0.0026 190 377 238 496
chair 0.0023 346 406 382 468
chair 0.0021 188 395 275 475
chair 0.0018 343 385 382 448
chair 0.0017 340 380 373 396
chair 0.0017 240 395 278 460
chair 0.0016 316 390 395 447
chair 0.0015 288 391 325 444
chair 0.0015 309 396 347 457
chair 0.0014 200 392 226 463
chair 0.0013 325 391 348 423
chair 0.0012 344 409 365 431
chair 0.0012 228 399 266 472
chair 0.0012 312 410 343 428
chair 0.0011 296 413 337 427
chair 0.0011 349 418 378 437
chair 0.0010 330 385 356 410
chair 0.0010 224 408 257 428
sofa 0.0022 190 380 355 459
pottedplant 0.9025 210 300 248 384
pottedplant 0.0868 191 328 215 357
pottedplant 0.0777 188 299 217 366
pottedplant 0.0553 209 308 219 353
pottedplant 0.0434 208 300 231 365
pottedplant 0.0402 288 352 306 385
pottedplant 0.0399 211 310 225 352
pottedplant 0.0256 200 287 221 320
pottedplant 0.0229 219 336 241 368
pottedplant 0.0223 205 329 219 354
pottedplant 0.0182 280 342 315 395
pottedplant 0.0181 164 267 274 409
pottedplant 0.0118 195 279 225 328
pottedplant 0.0113 194 314 210 349
pottedplant 0.0094 186 324 197 358
pottedplant 0.0078 213 310 222 336
pottedplant 0.0069 200 307 225 369
pottedplant 0.0061 211 336 232 363
pottedplant 0.0057 202 295 217 325
pottedplant 0.0051 197 288 212 319
pottedplant 0.0049 175 278 222 394
pottedplant 0.0044 196 305 208 342
pottedplant 0.0040 331 350 383 449
pottedplant 0.0037 187 307 197 338
pottedplant 0.0030 222 313 237 333
pottedplant 0.0028 181 295 201 369
pottedplant 0.0024 167 292 180 319
pottedplant 0.0023 188 315 198 348
pottedplant 0.0022 269 333 329 404
pottedplant 0.0021 205 246 254 398
pottedplant 0.0019 219 314 240 348
pottedplant 0.0019 160 278 181 306
pottedplant 0.0017 193 273 216 353
pottedplant 0.0017 202 227 237 286
pottedplant 0.0016 177 305 243 376
pottedplant 0.0016 210 287 223 317
pottedplant 0.0015 244 324 256 359
pottedplant 0.0015 156 270 187 334
pottedplant 0.0014 151 265 197 380
pottedplant 0.0014 223 324 237 358
pottedplant 0.0012 252 324 264 360
pottedplant 0.0012 277 249 312 416
pottedplant 0.0012 224 316 251 380
pottedplant 0.0011 234 323 246 357
diningtable 0.4174 181 378 405 479
diningtable 0.3525 216 328 389 578
diningtable 0.1568 198 402 378 449
diningtable 0.0718 243 406 371 435
diningtable 0.0539 300 411 392 460
diningtable 0.0422 218 385 320 448
diningtable 0.0147 305 361 391 417
diningtable 0.0122 211 397 290 459
diningtable 0.0061 323 383 353 400
diningtable 0.0059 288 356 366 427
diningtable 0.0051 242 376 350 536
diningtable 0.0043 331 418 361 434
diningtable 0.0037 343 418 367 433
diningtable 0.0032 186 358 323 547
diningtable 0.0028 289 400 400 440
diningtable 0.0027 318 366 386 544
diningtable 0.0023 223 375 284 523
diningtable 0.0022 296 413 337 427
diningtable 0.0018 291 408 322 424
diningtable 0.0015 305 392 348 408
diningtable 0.0013 322 415 350 435
diningtable 0.0013 297 419 335 431
diningtable 0.0012 288 399 321 421
diningtable 0.0010 284 410 312 426
