person 0.9808 -8 83 419 326
person 0.6828 -8 -44 58 359
person 0.0156 -41 102 162 320
person 0.0062 357 104 506 370
person 0.0040 349 -10 518 493
person 0.0033 143 55 332 370
person 0.0030 -10 93 104 380
person 0.0016 424 123 511 378
person 0.0015 -4 30 19 359
person 0.0014 -19 29 133 479
person 0.0011 58 -20 296 346
person 0.0010 -5 -23 36 489
cat 0.2748 -23 171 381 325
cat 0.2087 113 -13 311 498
cat 0.0171 349 -10 518 493
cat 0.0099 143 55 332 370
cat 0.0064 357 104 506 370
dog 0.7786 -23 171 381 325
dog 0.6457 349 -10 518 493
dog 0.4579 113 -13 311 498
dog 0.1196 357 104 506 370
dog 0.0677 309 150 563 331
dog 0.0215 143 55 332 370
dog 0.0023 424 123 511 378
dog 0.0016 34 92 450 321
horse 0.0049 349 -10 518 493
horse 0.0014 -23 171 381 325
sheep 0.0024 113 -13 311 498
sheep 0.0020 10 169 406 322
cow 0.0035 349 -10 518 493
bottle 0.0369 447 36 486 90
bottle 0.0029 327 208 386 313
bottle 0.0014 159 22 192 87
bottle 0.0014 195 15 259 102
chair 0.8397 -19 29 133 479
chair 0.8067 -13 126 116 388
chair 0.1034 349 -10 518 493
chair 0.0701 357 104 506 370
chair 0.0570 -10 -45 64 433
chair 0.0462 -47 144 167 330
chair 0.0125 -9 217 63 367
chair 0.0089 10 169 406 322
chair 0.0066 309 150 563 331
chair 0.0054 424 123 511 378
chair 0.0022 -35 149 95 277
chair 0.0020 -6 162 27 381
chair 0.0020 -3 71 19 356
chair 0.0015 -4 170 16 249
chair 0.0012 -1 153 12 302
chair 0.0011 59 70 437 340
chair 0.0010 -17 280 85 354
chair 0.0010 36 199 94 345
sofa 0.0517 349 -10 518 493
sofa 0.0307 -19 29 133 479
sofa 0.0121 357 104 506 370
sofa 0.0119 10 169 406 322
sofa 0.0083 59 70 437 340
sofa 0.0058 -11 -12 68 437
sofa 0.0034 -10 93 104 380
sofa 0.0034 424 123 511 378
sofa 0.0032 -47 144 167 330
sofa 0.0030 309 150 563 331
sofa 0.0013 113 -13 311 498
pottedplant 0.8979 14 71 182 254
pottedplant 0.0396 8 -39 168 440
pottedplant 0.0139 -41 102 162 320
pottedplant 0.0059 394 -32 458 114
pottedplant 0.0016 18 11 240 322
pottedplant 0.0013 364 -46 492 132
pottedplant 0.0012 372 15 468 101
tvmonitor 0.0112 236 -75 407 161
