person 0.9992 -51 54 264 348
person 0.0234 464 92 510 159
person 0.0132 235 90 258 114
person 0.0122 467 93 488 116
person 0.0100 481 91 503 158
person 0.0081 216 147 274 317
person 0.0056 218 78 288 125
person 0.0043 493 97 500 153
person 0.0031 470 97 500 116
person 0.0028 12 119 610 335
person 0.0027 434 80 520 150
person 0.0024 240 87 267 111
person 0.0017 494 87 499 125
person 0.0017 221 120 335 311
person 0.0014 313 86 501 381
person 0.0013 145 30 482 363
person 0.0010 456 88 495 142
bicycle 0.0016 452 80 514 170
car 0.9567 129 59 320 136
car 0.9283 114 94 491 361
car 0.5362 195 60 466 165
car 0.1160 434 80 520 150
car 0.1107 -44 74 285 350
car 0.0619 120 79 214 110
car 0.0568 -21 41 64 109
car 0.0457 124 76 147 100
car 0.0296 -26 20 91 149
car 0.0293 416 66 524 178
car 0.0221 -7 31 41 137
car 0.0194 174 74 199 95
car 0.0161 215 72 289 126
car 0.0144 116 55 215 116
car 0.0136 465 87 508 146
car 0.0096 300 3 443 127
car 0.0087 -8 50 33 102
car 0.0086 86 66 273 164
car 0.0081 -14 62 103 110
car 0.0079 217 23 506 197
car 0.0072 0 68 8 101
car 0.0069 -5 0 218 291
car 0.0069 154 70 258 123
car 0.0060 0 74 27 96
car 0.0051 180 78 214 94
car 0.0049 -2 39 16 113
car 0.0044 102 85 235 119
car 0.0043 144 89 190 99
car 0.0036 470 97 500 116
car 0.0031 416 94 493 154
car 0.0031 0 60 4 131
car 0.0029 57 70 84 100
car 0.0029 494 87 499 125
car 0.0026 483 79 503 153
car 0.0025 379 49 457 104
car 0.0025 311 30 555 134
car 0.0025 162 69 232 103
car 0.0024 324 74 540 162
car 0.0023 299 -64 516 222
car 0.0022 -14 38 279 193
car 0.0022 0 45 6 91
car 0.0020 53 62 88 110
car 0.0019 149 75 284 99
car 0.0018 139 87 155 99
car 0.0017 449 108 484 122
car 0.0016 471 105 500 124
car 0.0015 -26 62 278 137
car 0.0014 23 50 101 102
car 0.0014 119 68 152 106
car 0.0014 185 79 223 90
car 0.0014 167 78 193 99
car 0.0013 239 80 403 131
car 0.0012 100 33 226 129
car 0.0012 -19 69 65 134
car 0.0010 468 21 508 94
bus 0.0023 -26 20 91 149
bird 0.0211 223 237 283 301
bird 0.0076 234 246 273 292
cat 0.0010 223 237 283 301
chair 0.3390 452 80 514 170
chair 0.0314 481 91 503 158
chair 0.0228 416 66 524 178
chair 0.0225 493 97 500 153
chair 0.0126 465 101 507 160
chair 0.0078 396 98 460 151
chair 0.0036 408 115 448 135
chair 0.0032 471 114 497 135
chair 0.0026 465 112 491 139
chair 0.0012 471 105 500 124
sofa 0.0011 452 80 514 170
diningtable 0.0059 452 80 514 170
diningtable 0.0017 493 97 500 153
diningtable 0.0012 408 115 448 135
tvmonitor 0.0018 145 30 482 363
