person 0.1336 131 -48 244 108
person 0.0164 -32 234 96 435
person 0.0079 -14 255 63 413
person 0.0076 -10 113 64 475
person 0.0075 134 -46 272 220
person 0.0024 235 313 585 400
person 0.0017 -4 -49 35 480
person 0.0012 -5 208 27 417
cat 0.0034 235 313 585 400
dog 0.0382 235 313 585 400
dog 0.0012 295 242 520 452
bottle 0.0571 115 121 145 192
bottle 0.0160 21 166 74 275
bottle 0.0016 162 17 226 81
bottle 0.0010 123 130 139 173
chair 0.9949 177 182 396 478
chair 0.0365 235 313 585 400
chair 0.0062 295 242 520 452
chair 0.0062 -32 234 96 435
chair 0.0035 -9 9 61 461
chair 0.0030 22 180 484 344
chair 0.0025 -14 255 63 413
chair 0.0015 -5 250 32 414
sofa 0.0076 235 313 585 400
sofa 0.0018 -32 234 96 435
pottedplant 0.0271 405 -8 458 101
diningtable 0.0017 -53 172 491 349
diningtable 0.0011 146 191 511 477
tvmonitor 0.9974 132 -54 272 270
tvmonitor 0.9913 227 5 395 187
tvmonitor 0.0225 328 -98 502 330
tvmonitor 0.0125 152 16 274 192
tvmonitor 0.0054 346 4 486 230
tvmonitor 0.0013 254 29 565 192
