person 0.0415 377 188 399 264
person 0.0188 50 50 501 368
person 0.0134 290 179 310 211
person 0.0121 283 173 304 210
person 0.0106 277 173 314 217
person 0.0069 383 201 395 253
person 0.0064 346 191 372 267
person 0.0048 412 179 444 361
person 0.0038 268 164 322 228
person 0.0035 414 205 427 252
person 0.0034 439 206 453 245
person 0.0028 278 179 293 212
person 0.0027 416 191 437 300
person 0.0026 91 156 110 182
person 0.0021 77 153 102 183
person 0.0020 332 199 367 269
person 0.0019 321 227 340 266
person 0.0019 389 222 409 253
person 0.0019 315 219 346 271
person 0.0018 407 197 430 261
person 0.0016 352 205 367 249
person 0.0013 117 158 144 180
person 0.0013 382 208 413 259
person 0.0011 331 185 349 208
person 0.0010 434 187 456 253
person 0.0010 99 157 119 182
car 0.0052 494 214 500 262
car 0.0025 489 167 503 286
car 0.0020 495 227 499 283
car 0.0010 312 177 362 282
car 0.0010 496 180 499 274
bus 0.9991 11 32 462 360
bus 0.0108 478 102 504 327
bus 0.0065 488 150 502 286
bus 0.0017 430 105 509 358
bus 0.0010 233 110 555 344
train 0.0017 -4 22 379 366
chair 0.0087 312 177 362 282
pottedplant 0.0024 214 -46 346 102
