person 0.4005 117 150 142 215
person 0.1213 235 106 254 125
person 0.1085 172 148 199 215
person 0.1000 177 159 199 186
person 0.0943 212 150 225 170
person 0.0857 334 122 346 139
person 0.0681 228 151 245 174
person 0.0575 235 151 252 176
person 0.0508 314 114 327 135
person 0.0500 120 161 136 185
person 0.0498 140 161 156 187
person 0.0474 206 154 224 187
person 0.0464 230 107 246 124
person 0.0454 169 -12 460 323
person 0.0382 327 120 338 139
person 0.0373 359 190 379 209
person 0.0334 350 190 372 209
person 0.0302 245 105 263 125
person 0.0268 246 152 261 174
person 0.0245 339 190 362 208
person 0.0244 -15 62 174 347
person 0.0240 326 159 339 178
person 0.0204 183 156 206 187
person 0.0192 194 164 221 184
person 0.0180 181 156 198 171
person 0.0169 115 159 130 185
person 0.0148 152 165 181 189
person 0.0128 305 113 319 133
person 0.0110 296 112 309 131
person 0.0106 298 160 310 177
person 0.0097 252 107 272 125
person 0.0089 307 158 319 178
person 0.0084 256 154 268 176
person 0.0083 147 163 171 185
person 0.0082 168 163 191 185
person 0.0067 333 190 354 209
person 0.0065 278 162 290 177
person 0.0063 120 170 137 209
person 0.0060 218 161 233 179
person 0.0058 268 162 280 175
person 0.0045 248 112 264 126
person 0.0045 202 144 228 193
person 0.0039 129 167 146 189
person 0.0036 332 159 342 178
person 0.0032 216 151 230 173
person 0.0031 148 161 185 198
person 0.0030 124 158 194 197
person 0.0028 295 118 310 148
person 0.0027 316 159 327 178
person 0.0026 441 148 491 276
person 0.0025 177 174 193 204
person 0.0024 304 118 317 146
person 0.0024 232 121 252 141
person 0.0023 266 155 279 173
person 0.0022 135 153 162 206
person 0.0021 263 106 280 123
person 0.0021 220 144 252 182
person 0.0019 289 114 302 130
person 0.0019 368 188 388 211
person 0.0019 446 157 481 242
person 0.0017 164 149 231 194
person 0.0017 286 159 296 177
person 0.0016 492 173 500 190
person 0.0012 153 151 169 173
person 0.0012 208 138 279 188
person 0.0012 -1 148 7 169
person 0.0012 342 123 352 139
person 0.0011 334 128 348 154
person 0.0011 265 114 278 125
person 0.0011 39 152 121 208
person 0.0011 218 93 290 135
person 0.0010 0 149 4 192
person 0.0010 466 169 504 191
car 0.9992 254 141 456 288
car 0.9823 -17 52 149 363
car 0.5432 433 169 461 186
car 0.3514 466 169 504 191
car 0.1653 492 173 500 190
car 0.1430 455 156 512 204
car 0.1252 441 170 471 187
car 0.1007 422 158 491 204
car 0.0966 450 171 477 194
car 0.0708 444 167 469 180
car 0.0652 423 164 448 180
car 0.0609 152 165 181 189
car 0.0473 194 164 221 184
car 0.0444 471 164 501 182
car 0.0398 445 165 481 203
car 0.0307 429 170 450 186
car 0.0250 464 173 490 191
car 0.0218 124 158 194 197
car 0.0159 491 160 499 182
car 0.0135 447 158 465 170
car 0.0069 489 156 499 171
car 0.0068 173 149 237 195
car 0.0034 425 156 445 172
car 0.0033 479 157 495 170
car 0.0031 148 161 185 198
car 0.0028 22 151 141 174
car 0.0022 139 157 233 204
car 0.0022 470 177 501 196
car 0.0022 206 154 224 187
car 0.0022 147 163 171 185
car 0.0020 419 169 439 185
car 0.0017 467 163 485 177
car 0.0017 406 152 470 192
car 0.0016 428 162 467 196
car 0.0013 188 155 227 189
car 0.0011 -10 136 210 221
bus 0.9998 196 -49 380 356
bus 0.1414 140 89 438 227
bus 0.0305 219 48 367 267
bus 0.0107 313 69 463 239
bus 0.0023 60 14 464 296
