person 0.0068 180 79 252 141
person 0.0056 33 76 515 226
person 0.0041 245 68 320 138
person 0.0037 204 98 227 122
person 0.0036 197 87 234 132
person 0.0016 266 78 303 126
person 0.0016 212 98 237 122
car 0.9995 -9 78 496 225
car 0.5442 59 -42 428 348
car 0.0021 118 0 377 201
car 0.0012 120 38 400 119
bird 0.0190 124 114 168 141
bird 0.0130 116 106 174 149
cat 0.0157 116 106 174 149
cat 0.0052 124 114 168 141
dog 0.1038 116 106 174 149
dog 0.0193 124 114 168 141
cow 0.0031 116 106 174 149
cow 0.0011 -10 66 462 216
