person 0.9972 187 67 475 392
person 0.9913 142 131 354 322
person 0.9872 -19 -39 151 467
person 0.8458 157 -42 341 486
person 0.7974 -48 141 183 323
person 0.3038 103 149 537 357
person 0.2281 351 102 395 185
person 0.2163 342 93 414 195
person 0.1943 -3 84 102 347
person 0.1319 183 67 328 365
person 0.1252 24 149 418 311
person 0.0226 22 100 143 331
person 0.0211 40 69 235 320
person 0.0159 -2 87 21 382
person 0.0051 80 136 274 266
person 0.0037 -1 121 8 320
person 0.0028 -76 116 258 282
person 0.0026 347 109 377 178
person 0.0023 -7 116 65 396
person 0.0023 -5 10 31 459
person 0.0016 54 62 383 390
person 0.0016 -2 196 11 322
person 0.0015 352 121 371 145
person 0.0014 291 150 410 327
person 0.0013 350 131 370 172
person 0.0012 485 -37 501 393
person 0.0012 435 -43 510 474
person 0.0012 381 120 410 173
person 0.0011 471 -139 502 532
person 0.0011 424 -35 513 129
person 0.0011 271 140 282 169
cat 0.0020 169 51 420 464
dog 0.0144 169 51 420 464
dog 0.0020 109 171 478 350
dog 0.0016 342 93 414 195
dog 0.0015 275 158 430 346
bottle 0.5154 78 240 131 394
bottle 0.0251 143 287 206 380
bottle 0.0101 -3 271 16 345
bottle 0.0090 169 212 207 348
bottle 0.0074 105 235 143 378
bottle 0.0072 143 134 156 173
bottle 0.0063 -1 285 9 330
bottle 0.0042 0 156 6 192
bottle 0.0039 149 132 163 175
bottle 0.0025 137 125 166 176
bottle 0.0022 -4 144 14 239
bottle 0.0018 0 172 7 212
bottle 0.0017 129 140 144 172
bottle 0.0017 112 232 166 358
bottle 0.0014 159 131 177 173
bottle 0.0014 156 114 185 177
bottle 0.0011 118 124 152 176
bottle 0.0011 152 300 198 360
bottle 0.0011 108 273 131 357
bottle 0.0010 101 244 136 317
chair 0.1272 282 137 390 335
chair 0.1077 93 175 170 213
chair 0.0300 82 149 250 275
chair 0.0292 97 166 168 253
chair 0.0219 157 -42 341 486
chair 0.0184 132 191 190 309
chair 0.0160 239 83 413 431
chair 0.0101 86 74 251 352
chair 0.0089 -3 155 25 393
chair 0.0079 22 190 76 312
chair 0.0069 109 171 478 350
chair 0.0053 110 183 147 240
chair 0.0052 -2 183 11 315
chair 0.0051 -2 202 53 350
chair 0.0044 101 185 159 202
chair 0.0042 101 170 224 328
chair 0.0033 54 62 383 390
chair 0.0031 -2 248 9 286
chair 0.0027 235 224 572 386
chair 0.0026 59 140 194 258
chair 0.0025 -17 -3 188 445
chair 0.0025 23 212 42 327
chair 0.0024 118 194 134 229
chair 0.0023 271 140 282 169
chair 0.0022 0 209 3 290
chair 0.0019 -2 132 11 270
chair 0.0019 342 93 414 195
chair 0.0018 -9 124 65 420
chair 0.0017 -13 161 148 312
chair 0.0017 386 136 406 169
chair 0.0015 0 193 6 229
chair 0.0014 142 127 169 176
chair 0.0014 270 124 299 176
chair 0.0013 109 192 150 208
chair 0.0013 142 131 354 322
chair 0.0011 -30 207 88 343
chair 0.0010 445 256 510 409
chair 0.0010 433 182 509 442
chair 0.0010 290 146 308 161
chair 0.0010 289 188 515 489
sofa 0.2798 282 137 390 335
sofa 0.2555 157 -42 341 486
sofa 0.1782 80 174 429 344
sofa 0.1043 82 149 250 275
sofa 0.0669 54 62 383 390
sofa 0.0361 86 74 251 352
sofa 0.0240 142 131 354 322
sofa 0.0229 246 39 416 428
sofa 0.0206 145 140 567 364
sofa 0.0076 237 125 435 234
sofa 0.0056 -17 -3 188 445
sofa 0.0055 -3 114 23 394
sofa 0.0052 132 191 190 309
sofa 0.0047 -42 213 458 370
sofa 0.0043 50 128 279 233
sofa 0.0041 235 224 572 386
sofa 0.0033 59 140 194 258
sofa 0.0028 111 153 218 358
sofa 0.0020 -54 148 401 312
sofa 0.0020 93 175 170 213
sofa 0.0015 100 168 174 254
sofa 0.0014 294 132 510 406
sofa 0.0013 105 172 229 248
sofa 0.0011 296 111 448 284
pottedplant 0.9916 95 35 237 210
pottedplant 0.3625 172 123 254 182
pottedplant 0.3185 40 99 201 430
pottedplant 0.0999 126 59 204 191
pottedplant 0.0573 118 124 152 176
pottedplant 0.0547 -39 156 177 352
pottedplant 0.0252 -12 61 145 473
pottedplant 0.0179 51 180 158 373
pottedplant 0.0134 109 200 173 352
pottedplant 0.0100 96 172 191 377
pottedplant 0.0098 106 112 170 190
pottedplant 0.0073 67 209 134 347
pottedplant 0.0069 -79 221 295 367
pottedplant 0.0068 424 -35 513 129
pottedplant 0.0059 220 130 237 156
pottedplant 0.0045 -4 144 14 239
pottedplant 0.0044 348 100 402 187
pottedplant 0.0042 104 230 177 307
pottedplant 0.0040 190 141 224 166
pottedplant 0.0040 136 114 165 178
pottedplant 0.0033 188 143 207 167
pottedplant 0.0032 129 140 144 172
pottedplant 0.0031 212 127 242 175
pottedplant 0.0023 153 91 187 182
pottedplant 0.0020 -8 265 57 392
pottedplant 0.0017 -2 140 9 283
pottedplant 0.0017 -25 208 123 387
pottedplant 0.0017 -3 65 19 327
pottedplant 0.0015 155 124 183 177
pottedplant 0.0015 143 134 156 173
pottedplant 0.0013 128 125 148 149
pottedplant 0.0013 430 -110 514 311
pottedplant 0.0013 370 -123 521 250
pottedplant 0.0012 217 136 237 169
pottedplant 0.0012 0 172 7 212
pottedplant 0.0012 121 129 143 157
pottedplant 0.0010 1 184 217 299
pottedplant 0.0010 136 109 301 211
pottedplant 0.0010 195 131 235 174
diningtable 0.0383 -35 212 283 456
diningtable 0.0371 -79 225 325 364
diningtable 0.0075 87 72 247 328
diningtable 0.0037 50 128 279 233
diningtable 0.0035 167 -31 331 432
diningtable 0.0033 -1 121 8 320
diningtable 0.0033 -98 181 451 344
diningtable 0.0024 -17 -3 188 445
diningtable 0.0023 28 131 383 478
diningtable 0.0021 0 193 6 229
diningtable 0.0017 -3 175 24 410
diningtable 0.0016 -2 248 9 286
diningtable 0.0016 -4 226 12 311
diningtable 0.0012 -39 310 211 394
diningtable 0.0011 245 146 363 178
tvmonitor 0.0115 -7 46 28 188
tvmonitor 0.0056 -4 64 18 171
tvmonitor 0.0050 292 121 330 166
tvmonitor 0.0013 281 113 342 176
