person 0.9936 -12 -23 78 405
person 0.9664 450 -37 507 263
person 0.9647 263 -31 361 151
person 0.3390 57 37 107 152
person 0.0999 248 -101 390 220
person 0.0627 71 52 110 116
person 0.0513 93 64 110 99
person 0.0289 159 51 198 95
person 0.0233 83 59 115 107
person 0.0225 28 60 62 148
person 0.0202 166 58 191 87
person 0.0102 -36 66 128 320
person 0.0089 43 41 532 281
person 0.0083 253 43 272 62
person 0.0071 446 -2 501 125
person 0.0063 48 24 96 211
person 0.0061 58 61 83 147
person 0.0060 58 49 91 121
person 0.0052 81 60 101 89
person 0.0051 33 70 52 99
person 0.0050 9 75 43 131
person 0.0045 -9 132 69 374
person 0.0035 -4 51 51 184
person 0.0034 208 23 283 84
person 0.0033 492 -41 501 247
person 0.0031 174 55 194 81
person 0.0031 478 12 505 298
person 0.0030 34 22 138 167
person 0.0026 15 84 36 119
person 0.0026 68 58 96 90
person 0.0023 10 81 31 110
person 0.0019 457 31 480 101
person 0.0018 168 69 186 96
person 0.0017 133 36 208 113
person 0.0015 64 61 82 89
person 0.0014 22 39 75 161
person 0.0013 326 12 397 97
person 0.0013 60 76 76 113
person 0.0013 480 -5 505 78
bicycle 0.0024 431 19 483 143
bicycle 0.0021 -10 70 72 394
bicycle 0.0017 435 42 475 124
car 0.1358 65 2 434 280
car 0.0261 435 69 475 120
car 0.0091 431 19 483 143
car 0.0082 449 -40 507 251
car 0.0074 -64 48 557 221
car 0.0030 443 79 468 111
car 0.0028 415 -27 526 114
car 0.0015 446 -2 501 125
car 0.0014 425 -4 493 82
car 0.0013 435 44 474 104
car 0.0012 216 -115 433 269
car 0.0010 -11 -41 76 360
motorbike 0.9985 63 9 430 329
motorbike 0.0231 -64 48 557 221
motorbike 0.0049 431 19 483 143
motorbike 0.0047 435 69 475 120
motorbike 0.0043 -10 70 72 394
motorbike 0.0020 -28 96 520 303
bus 0.0032 65 2 434 280
bottle 0.0013 326 12 397 97
chair 0.0010 467 -52 505 278
