person 0.0052 326 189 342 202
person 0.0049 22 142 137 230
person 0.0022 479 275 505 355
person 0.0021 468 274 498 295
person 0.0012 488 222 501 245
person 0.0011 269 180 277 188
person 0.0011 471 284 507 332
person 0.0010 482 285 501 328
car 0.0026 488 222 501 245
train 0.0022 8 137 141 234
bird 0.0040 21 145 128 231
bird 0.0010 269 180 277 188
cat 0.0154 22 142 137 230
dog 0.3047 12 140 146 239
dog 0.0050 468 274 498 295
dog 0.0017 326 189 342 202
horse 0.0503 468 274 498 295
horse 0.0419 326 189 342 202
horse 0.0075 479 275 505 355
horse 0.0075 21 145 128 231
horse 0.0066 471 284 507 332
horse 0.0049 304 183 316 194
horse 0.0031 482 285 501 328
horse 0.0011 488 222 501 245
horse 0.0011 294 179 305 190
sheep 0.0243 21 145 128 231
sheep 0.0230 245 169 256 177
sheep 0.0204 468 274 498 295
sheep 0.0063 326 189 342 202
sheep 0.0063 471 284 507 332
sheep 0.0033 482 285 501 328
sheep 0.0018 487 226 501 248
sheep 0.0018 479 275 505 355
sheep 0.0015 269 180 277 188
cow 0.3845 468 274 498 295
cow 0.1381 471 284 507 332
cow 0.0958 8 138 142 241
cow 0.0729 482 285 501 328
cow 0.0381 479 275 505 355
cow 0.0353 326 189 342 202
cow 0.0155 488 222 501 245
cow 0.0062 463 269 503 305
cow 0.0032 487 286 501 313
cow 0.0031 464 244 507 378
cow 0.0028 493 290 500 342
cow 0.0021 304 183 316 194
cow 0.0017 460 274 512 340
cow 0.0017 245 169 256 177
cow 0.0013 494 268 499 308
cow 0.0013 269 180 277 188
