person 0.0684 168 176 189 207
person 0.0523 163 168 196 215
person 0.0429 95 154 119 245
person 0.0245 177 177 193 207
person 0.0202 308 142 373 220
person 0.0180 245 186 265 217
person 0.0175 148 166 166 253
person 0.0154 279 144 345 218
person 0.0149 82 172 93 214
person 0.0143 25 183 36 213
person 0.0137 323 153 364 209
person 0.0124 78 160 97 239
person 0.0108 -1 203 6 240
person 0.0064 312 154 347 208
person 0.0060 293 156 332 206
person 0.0059 151 176 166 205
person 0.0048 275 156 311 208
person 0.0047 73 179 107 260
person 0.0046 338 159 360 187
person 0.0046 0 181 4 242
person 0.0044 79 177 90 222
person 0.0040 292 169 313 196
person 0.0034 283 168 303 197
person 0.0034 312 170 331 196
person 0.0028 -2 161 9 260
person 0.0027 301 169 323 196
person 0.0027 240 178 271 223
person 0.0026 152 161 207 222
person 0.0025 321 169 338 197
person 0.0022 163 175 175 206
person 0.0021 199 177 212 209
person 0.0017 251 188 275 216
person 0.0017 151 182 162 241
person 0.0015 275 168 294 197
person 0.0015 283 150 321 200
person 0.0015 199 170 210 194
person 0.0015 189 175 203 210
person 0.0013 96 172 109 212
person 0.0012 233 170 292 230
person 0.0011 0 165 3 221
person 0.0011 291 161 313 187
person 0.0011 334 171 350 196
person 0.0011 146 163 172 223
person 0.0010 102 168 115 217
person 0.0010 -11 121 464 259
person 0.0010 341 178 357 202
car 0.0013 371 173 393 231
car 0.0010 -1 203 6 240
bus 0.9990 25 125 473 259
bus 0.9427 78 -6 420 385
bus 0.0035 95 152 120 234
bus 0.0011 83 136 127 256
train 0.0077 -11 121 464 259
train 0.0021 83 136 127 256
train 0.0010 78 -6 420 385
