person 0.9963 55 103 300 368
person 0.9769 258 100 475 367
person 0.9587 214 53 339 466
person 0.8725 187 153 368 369
person 0.0039 187 -21 369 329
person 0.0036 237 204 252 236
person 0.0013 49 258 171 409
chair 0.2951 422 233 512 403
chair 0.0220 414 218 453 412
chair 0.0063 371 213 544 415
chair 0.0037 421 266 451 349
chair 0.0027 401 215 437 414
chair 0.0022 49 258 171 409
chair 0.0013 416 232 444 325
sofa 0.0179 422 233 512 403
sofa 0.0026 15 221 485 450
sofa 0.0024 21 142 399 361
pottedplant 0.0218 -50 22 154 362
pottedplant 0.0024 -21 148 113 437
pottedplant 0.0023 -16 -116 80 510
diningtable 0.0010 422 233 512 403
tvmonitor 0.0020 424 52 510 346
