person 0.0873 176 37 238 114
person 0.0825 474 125 494 149
person 0.0367 380 100 412 156
person 0.0361 186 48 226 103
person 0.0279 471 125 485 149
person 0.0245 268 45 324 149
person 0.0225 230 41 299 130
person 0.0170 385 112 406 151
person 0.0167 237 56 257 93
person 0.0150 236 51 274 120
person 0.0122 232 48 262 103
person 0.0119 358 70 377 107
person 0.0101 315 68 345 143
person 0.0098 215 29 346 164
person 0.0097 352 68 386 119
person 0.0073 274 49 312 122
person 0.0068 141 18 263 149
person 0.0044 384 78 397 113
person 0.0043 466 115 502 157
person 0.0041 187 33 245 157
person 0.0041 392 81 403 113
person 0.0040 194 54 219 81
person 0.0038 216 63 233 90
person 0.0035 370 79 385 109
person 0.0029 15 29 512 234
person 0.0029 492 120 498 152
person 0.0028 253 56 295 117
person 0.0028 427 133 448 151
person 0.0027 423 125 435 142
person 0.0025 335 60 367 133
person 0.0023 289 49 343 151
person 0.0023 495 122 499 162
person 0.0022 329 43 381 154
person 0.0021 310 42 362 153
person 0.0019 195 52 234 117
person 0.0019 423 131 433 152
person 0.0017 355 79 371 111
person 0.0016 283 64 322 127
person 0.0015 370 93 426 168
person 0.0015 187 59 210 92
person 0.0015 452 78 510 231
person 0.0015 438 129 458 157
person 0.0015 201 40 271 110
person 0.0015 324 78 341 114
person 0.0015 448 126 465 159
person 0.0015 341 59 398 130
person 0.0014 203 59 229 93
person 0.0013 244 69 265 100
person 0.0013 480 107 490 120
person 0.0012 209 48 239 102
person 0.0010 350 109 370 143
person 0.0010 319 108 337 139
car 0.9873 404 108 471 197
car 0.6518 415 120 460 184
car 0.3628 446 75 509 233
car 0.2201 448 126 465 159
car 0.2194 448 124 468 145
car 0.0473 443 118 469 170
car 0.0191 438 129 458 157
car 0.0045 423 125 435 142
car 0.0035 425 128 446 141
car 0.0028 433 129 460 143
car 0.0022 416 68 530 243
car 0.0021 427 133 448 151
car 0.0013 456 125 468 159
car 0.0011 419 144 433 178
car 0.0010 412 117 478 156
bus 0.9999 23 12 550 231
bus 0.3046 446 75 509 233
bus 0.0012 416 68 530 243
