person 0.9659 43 -27 121 136
person 0.8341 26 -6 70 137
person 0.7358 -11 36 53 155
person 0.6787 138 3 174 52
person 0.6593 77 -7 147 99
person 0.5429 -6 -1 39 121
person 0.3688 89 8 133 83
person 0.2776 121 8 154 62
person 0.2680 118 -6 182 68
person 0.2573 128 14 148 42
person 0.2203 117 14 137 43
person 0.2064 146 9 169 44
person 0.1627 -5 14 33 85
person 0.1372 102 8 142 70
person 0.1332 -1 20 5 75
person 0.0887 13 24 34 56
person 0.0557 -2 10 11 86
person 0.0504 18 18 44 78
person 0.0425 23 30 40 64
person 0.0414 0 22 6 57
person 0.0400 102 -5 160 78
person 0.0385 95 17 122 41
person 0.0329 5 25 25 51
person 0.0321 5 -71 492 163
person 0.0259 93 24 110 49
person 0.0241 9 17 40 64
person 0.0207 121 -16 176 139
person 0.0203 55 23 66 38
person 0.0194 47 25 60 48
person 0.0163 85 20 97 34
person 0.0155 91 19 109 41
person 0.0141 6 15 44 100
person 0.0124 -3 41 12 149
person 0.0110 21 2 464 317
person 0.0096 -26 8 78 165
person 0.0088 24 18 64 80
person 0.0080 5 -41 139 156
person 0.0079 89 12 127 49
person 0.0076 0 74 3 139
person 0.0074 120 21 139 52
person 0.0067 36 12 70 104
person 0.0056 111 18 133 54
person 0.0055 17 6 470 129
person 0.0053 203 -27 389 251
person 0.0051 0 41 5 89
person 0.0046 -10 -90 202 211
person 0.0044 269 37 339 97
person 0.0042 31 25 56 50
person 0.0042 115 14 130 31
person 0.0041 45 17 77 80
person 0.0041 0 66 3 108
person 0.0040 132 14 146 31
person 0.0037 0 16 6 43
person 0.0034 47 22 62 39
person 0.0034 52 24 66 48
person 0.0029 139 14 160 42
person 0.0028 -8 14 40 225
person 0.0027 121 13 136 31
person 0.0027 -9 42 31 131
person 0.0023 2 20 23 40
person 0.0022 -10 57 58 119
person 0.0022 70 22 79 32
person 0.0018 71 -15 213 93
person 0.0016 293 40 369 88
person 0.0015 12 36 50 113
person 0.0014 314 49 350 71
person 0.0013 119 33 140 60
person 0.0012 29 39 62 112
person 0.0011 -2 43 6 185
person 0.0011 126 32 148 57
person 0.0011 32 16 51 37
person 0.0011 11 -24 160 80
person 0.0010 46 -6 115 61
car 0.9630 28 3 460 380
car 0.0087 48 118 520 331
car 0.0020 225 -30 411 263
car 0.0012 -6 76 33 239
car 0.0012 -1 20 5 75
car 0.0010 -41 84 386 290
motorbike 0.1090 29 23 464 399
aeroplane 0.0072 29 23 464 399
bus 0.0021 29 23 464 399
bottle 0.0013 0 86 3 141
chair 0.0014 0 86 3 141
diningtable 0.0030 -19 96 63 153
