person 0.8432 284 137 298 178
person 0.5620 294 137 310 175
person 0.1771 279 140 293 173
person 0.1760 302 137 317 174
person 0.1696 364 145 378 176
person 0.1483 277 135 305 177
person 0.1091 371 145 384 177
person 0.0994 289 134 319 177
person 0.0486 247 139 275 170
person 0.0429 224 140 264 207
person 0.0378 297 139 310 157
person 0.0339 244 132 278 197
person 0.0325 117 118 400 201
person 0.0283 304 139 316 155
person 0.0231 13 77 483 247
person 0.0218 256 148 271 175
person 0.0191 212 131 278 216
person 0.0178 354 147 367 175
person 0.0115 330 130 358 199
person 0.0098 285 141 298 155
person 0.0091 471 140 503 170
person 0.0090 267 144 277 167
person 0.0089 260 144 291 201
person 0.0062 344 147 358 178
person 0.0046 273 110 432 194
person 0.0042 356 134 386 179
person 0.0040 227 140 247 164
person 0.0034 247 149 264 175
person 0.0034 18 140 46 166
person 0.0034 238 148 252 177
person 0.0033 127 142 154 165
person 0.0032 72 142 91 167
person 0.0029 406 143 450 167
person 0.0026 266 150 283 196
person 0.0026 304 142 342 166
person 0.0023 330 143 352 167
person 0.0023 179 122 332 228
person 0.0022 345 136 353 154
person 0.0022 256 127 332 184
person 0.0022 78 141 105 166
person 0.0021 83 150 98 175
person 0.0021 398 141 419 168
person 0.0017 256 154 271 191
person 0.0014 196 140 239 166
person 0.0014 445 143 466 166
person 0.0014 192 141 225 203
person 0.0014 247 151 259 198
person 0.0013 379 141 411 168
person 0.0013 410 144 426 165
person 0.0013 235 105 289 219
person 0.0011 216 141 235 154
person 0.0011 75 138 86 152
person 0.0011 68 133 97 179
person 0.0010 250 139 272 157
person 0.0010 0 150 9 173
person 0.0010 431 142 463 166
person 0.0010 334 137 350 153
person 0.0010 99 142 121 154
person 0.0010 95 140 121 165
person 0.0010 107 144 134 163
bicycle 0.0036 371 145 384 177
bicycle 0.0013 296 146 309 174
bicycle 0.0013 303 148 317 173
car 0.9482 183 130 252 177
car 0.9075 138 130 202 175
car 0.8985 75 126 180 182
car 0.7585 289 130 357 178
car 0.5949 21 128 125 182
car 0.5881 242 136 278 175
car 0.5272 228 140 257 163
car 0.5164 379 141 411 168
car 0.5114 398 134 459 176
car 0.4908 -19 124 67 181
car 0.4494 402 124 512 181
car 0.3710 406 143 450 167
car 0.3133 468 137 506 174
car 0.2532 456 129 514 180
car 0.1717 146 139 193 166
car 0.1677 287 117 416 184
car 0.1519 225 129 285 180
car 0.1374 -1 138 14 171
car 0.1141 -7 133 29 174
car 0.1106 484 141 503 171
car 0.0999 67 129 132 181
car 0.0943 359 133 421 178
car 0.0929 12 135 53 156
car 0.0907 196 140 239 166
car 0.0667 83 137 119 175
car 0.0458 135 138 159 165
car 0.0450 304 142 342 166
car 0.0419 -8 85 504 199
car 0.0382 279 140 293 173
car 0.0299 177 144 197 167
car 0.0297 0 150 9 173
car 0.0218 78 141 105 166
car 0.0216 0 138 11 157
car 0.0184 187 143 204 166
car 0.0173 226 140 248 158
car 0.0171 294 137 310 175
car 0.0165 95 140 121 165
car 0.0146 105 119 375 195
car 0.0141 44 144 80 165
car 0.0140 49 118 204 196
car 0.0137 302 137 317 174
car 0.0136 284 137 298 178
car 0.0131 18 140 46 166
car 0.0129 250 139 272 157
car 0.0116 410 144 426 165
car 0.0106 -31 121 167 191
car 0.0096 -1 138 26 156
car 0.0083 451 145 481 166
car 0.0083 490 150 500 170
car 0.0080 296 133 321 177
car 0.0067 256 127 332 184
car 0.0063 36 147 68 165
car 0.0048 465 145 486 165
car 0.0048 277 135 305 177
car 0.0041 226 115 449 194
car 0.0040 99 142 121 154
car 0.0037 85 142 115 155
car 0.0035 30 153 73 168
car 0.0034 196 143 213 164
car 0.0032 99 130 178 168
car 0.0031 9 139 43 152
car 0.0029 201 141 232 156
car 0.0024 427 140 449 154
car 0.0024 267 144 277 167
car 0.0023 147 143 169 164
car 0.0023 398 141 419 168
car 0.0021 431 142 463 166
car 0.0021 304 139 316 155
car 0.0020 308 140 334 155
car 0.0020 371 139 384 176
car 0.0017 107 144 134 163
car 0.0017 380 117 550 192
car 0.0016 216 105 270 224
car 0.0014 125 135 158 172
car 0.0014 386 142 408 155
car 0.0014 281 126 586 185
car 0.0014 6 133 46 173
car 0.0014 256 148 271 175
car 0.0014 -26 122 391 171
car 0.0014 159 139 191 157
car 0.0013 285 141 298 155
car 0.0012 -3 114 18 180
car 0.0012 125 139 156 157
car 0.0012 -56 81 324 237
car 0.0012 364 141 379 175
car 0.0011 330 143 352 167
car 0.0011 90 150 109 173
car 0.0010 10 146 97 176
car 0.0010 476 152 496 169
car 0.0010 117 144 142 163
motorbike 0.0025 294 137 310 175
aeroplane 0.0024 403 126 526 179
aeroplane 0.0012 -31 121 167 191
aeroplane 0.0011 273 110 432 194
bus 0.0036 402 124 512 181
bus 0.0031 468 137 506 174
bus 0.0027 456 129 514 180
bus 0.0027 293 114 407 181
bus 0.0013 406 143 450 167
bus 0.0013 398 134 459 176
bus 0.0010 484 141 503 171
boat 0.0599 200 182 310 200
boat 0.0442 215 186 271 195
boat 0.0429 212 131 278 216
boat 0.0399 179 122 332 228
boat 0.0262 260 144 291 201
boat 0.0192 224 140 264 207
boat 0.0089 194 167 315 204
boat 0.0057 240 136 304 210
boat 0.0046 123 131 431 216
boat 0.0030 256 185 294 195
boat 0.0026 246 139 279 204
boat 0.0023 264 180 288 192
boat 0.0016 245 155 377 189
boat 0.0016 230 188 276 193
boat 0.0013 266 150 283 196
boat 0.0012 0 175 8 210
boat 0.0011 219 188 255 197
boat 0.0011 279 100 423 191
boat 0.0010 225 179 263 194
bird 0.0035 215 127 272 221
horse 0.0022 273 110 432 194
