person 0.9464 410 -36 490 80
person 0.8955 47 5 84 86
person 0.1756 262 -11 292 45
person 0.0927 0 22 9 57
person 0.0697 90 31 110 60
person 0.0562 76 31 105 61
person 0.0350 154 20 169 33
person 0.0329 -4 16 16 75
person 0.0264 267 0 287 36
person 0.0248 254 -28 297 114
person 0.0241 7 29 21 53
person 0.0216 103 26 119 52
person 0.0194 62 20 122 70
person 0.0155 108 24 126 55
person 0.0128 72 31 91 58
person 0.0116 82 27 116 63
person 0.0104 489 23 500 52
person 0.0097 475 27 499 49
person 0.0073 169 19 184 33
person 0.0069 21 32 47 49
person 0.0065 67 22 97 69
person 0.0062 80 30 102 50
person 0.0059 13 33 33 49
person 0.0055 103 18 133 62
person 0.0052 0 37 6 71
person 0.0046 44 31 63 51
person 0.0038 67 28 80 52
person 0.0034 424 -15 472 57
person 0.0032 466 -8 508 62
person 0.0029 383 0 399 34
person 0.0027 484 -13 504 69
person 0.0019 0 16 7 45
person 0.0019 33 10 107 83
person 0.0019 95 23 125 66
person 0.0018 102 21 117 41
person 0.0018 369 -10 405 70
person 0.0017 53 26 69 54
person 0.0017 53 -45 316 134
person 0.0016 495 -2 499 62
person 0.0014 461 26 474 47
person 0.0014 388 -32 517 106
person 0.0014 465 28 483 47
person 0.0014 493 25 499 66
person 0.0012 254 -21 310 54
person 0.0010 380 -23 452 58
person 0.0010 345 -136 519 307
person 0.0010 -2 0 10 113
person 0.0010 352 -36 474 92
person 0.0010 471 -43 506 126
person 0.0010 452 -27 516 69
bicycle 0.0147 -1 27 8 67
bicycle 0.0065 82 65 494 370
bicycle 0.0029 6 28 22 63
bicycle 0.0023 0 37 6 71
bicycle 0.0018 -4 16 16 75
bicycle 0.0012 336 28 539 340
car 0.2999 -10 24 362 179
car 0.2204 15 -12 386 72
car 0.1568 53 -45 316 134
car 0.1328 44 31 63 51
car 0.1171 12 35 57 53
car 0.1144 81 3 490 382
car 0.1103 13 33 33 49
car 0.1103 138 -22 329 77
car 0.0951 76 31 105 61
car 0.0941 62 20 122 70
car 0.0930 0 28 71 61
car 0.0826 72 31 91 58
car 0.0784 28 6 97 86
car 0.0768 341 -115 520 323
car 0.0712 217 -5 291 48
car 0.0344 21 32 47 49
car 0.0300 47 -103 309 317
car 0.0264 312 12 551 215
car 0.0108 234 -20 294 104
car 0.0083 7 29 21 53
car 0.0079 53 26 69 54
car 0.0079 -1 27 8 67
car 0.0072 43 -4 246 79
car 0.0063 90 30 111 49
car 0.0061 67 28 80 52
car 0.0058 81 12 217 64
car 0.0045 103 26 119 52
car 0.0044 67 22 97 69
car 0.0041 80 30 102 50
car 0.0031 201 -31 319 114
car 0.0030 -4 21 27 69
car 0.0030 -14 14 44 77
car 0.0028 394 -33 518 234
car 0.0022 82 27 116 63
car 0.0022 125 40 160 53
car 0.0020 18 137 491 314
car 0.0017 96 16 125 64
car 0.0016 262 -11 292 45
car 0.0015 49 1 81 82
car 0.0014 102 21 117 41
car 0.0013 267 0 287 36
car 0.0013 108 24 126 55
car 0.0012 121 20 138 33
car 0.0012 4 16 101 64
car 0.0012 -31 -4 130 94
car 0.0011 37 21 72 73
car 0.0010 110 22 126 39
motorbike 0.5651 81 3 490 382
motorbike 0.2583 341 -115 520 323
motorbike 0.1407 312 12 551 215
motorbike 0.0109 345 14 454 189
motorbike 0.0077 394 -33 518 234
motorbike 0.0048 13 28 384 177
motorbike 0.0034 344 89 537 346
motorbike 0.0026 -1 27 8 67
motorbike 0.0019 108 -43 304 313
motorbike 0.0016 18 137 491 314
motorbike 0.0016 62 20 122 70
motorbike 0.0011 76 31 105 61
boat 0.0102 67 1 452 381
bottle 0.0059 424 12 434 41
bottle 0.0016 461 26 474 47
chair 0.3048 6 25 75 144
chair 0.2008 -13 9 96 161
chair 0.0058 407 -27 492 77
chair 0.0048 4 68 43 125
chair 0.0047 367 3 406 72
chair 0.0040 -1 27 8 67
chair 0.0023 177 44 271 90
chair 0.0019 -6 58 56 134
chair 0.0018 24 49 104 226
sofa 0.0011 -10 24 362 179
pottedplant 0.0048 254 -28 297 114
pottedplant 0.0033 465 -31 509 82
pottedplant 0.0021 258 -3 293 79
pottedplant 0.0013 370 0 449 81
pottedplant 0.0011 352 -36 474 92
diningtable 0.0011 251 15 393 135
