person 0.0186 -16 7 310 333
person 0.0074 180 -11 291 170
person 0.0073 -62 69 246 275
person 0.0028 309 -46 405 170
person 0.0026 130 -93 304 270
person 0.0014 328 -6 392 129
person 0.0014 -4 18 33 219
car 0.0020 1 -25 412 294
boat 0.0026 72 4 498 330
cat 0.0066 -16 7 310 333
cat 0.0034 -62 69 246 275
dog 0.9871 4 14 402 336
dog 0.0175 -62 69 246 275
dog 0.0068 -67 158 236 330
dog 0.0023 96 21 475 238
dog 0.0015 180 -11 291 170
dog 0.0012 164 49 573 285
sheep 0.0061 1 -25 412 294
sheep 0.0021 -5 30 33 242
cow 0.0019 -5 30 33 242
sofa 0.0040 72 4 498 330
