person 0.9997 37 -10 469 346
person 0.2790 -6 155 28 386
person 0.1780 -75 22 359 305
person 0.1514 -6 242 146 375
person 0.0661 24 250 79 358
person 0.0413 9 262 44 353
person 0.0295 -9 245 33 364
person 0.0265 140 -84 364 169
person 0.0255 -90 7 375 171
person 0.0224 -2 227 13 366
person 0.0199 21 280 125 356
person 0.0122 1 222 47 368
person 0.0076 -8 -105 353 218
person 0.0041 -5 18 32 450
person 0.0040 -9 158 60 382
person 0.0025 -3 276 29 349
person 0.0016 -1 164 10 352
person 0.0012 180 -52 350 112
person 0.0012 -31 214 95 380
person 0.0011 -13 140 202 423
cow 0.0015 20 38 428 349
bottle 0.0112 -6 155 28 386
bottle 0.0011 77 266 272 364
chair 0.2117 67 41 484 347
chair 0.0099 -75 22 359 305
chair 0.0021 -5 133 27 377
chair 0.0020 182 -50 365 121
chair 0.0011 479 102 503 404
sofa 0.3952 67 41 484 347
sofa 0.0576 7 -15 341 356
sofa 0.0121 -84 22 368 241
diningtable 0.0069 12 -12 430 293
diningtable 0.0014 116 102 372 443
diningtable 0.0012 22 139 471 345
tvmonitor 0.0011 67 41 484 347
