person 0.1618 28 108 476 332
person 0.0668 245 101 324 170
person 0.0392 473 123 503 390
person 0.0313 0 226 7 252
person 0.0171 418 105 478 190
person 0.0168 105 226 120 256
person 0.0067 88 194 115 262
person 0.0066 99 206 117 238
person 0.0050 94 223 106 253
person 0.0045 65 215 83 251
person 0.0042 57 223 69 251
person 0.0037 73 216 87 248
person 0.0036 47 222 61 243
person 0.0036 27 229 39 248
person 0.0035 421 216 480 333
person 0.0028 0 209 9 232
person 0.0027 104 214 118 245
person 0.0027 57 205 88 259
person 0.0027 456 144 498 363
person 0.0026 453 226 484 299
person 0.0024 23 224 42 241
person 0.0024 270 180 318 325
person 0.0023 -14 174 222 268
person 0.0021 61 195 180 252
person 0.0020 492 175 501 361
person 0.0019 410 131 426 155
person 0.0019 271 111 311 158
person 0.0018 12 212 488 376
person 0.0016 216 86 342 197
person 0.0016 135 61 156 90
person 0.0015 82 219 99 245
person 0.0014 247 119 284 163
person 0.0014 444 206 468 230
person 0.0014 0 224 3 271
person 0.0014 275 198 306 245
person 0.0013 349 211 365 246
person 0.0013 394 198 512 354
person 0.0012 242 229 268 256
person 0.0011 252 128 277 157
person 0.0011 23 206 42 233
person 0.0011 43 185 78 256
person 0.0010 -88 153 594 294
person 0.0010 281 206 301 238
person 0.0010 98 215 124 264
person 0.0010 2 213 22 229
car 0.0423 -21 205 69 254
car 0.0017 0 220 7 244
car 0.0017 0 209 9 232
aeroplane 0.9868 37 42 469 279
aeroplane 0.0813 -21 187 72 258
aeroplane 0.0163 -14 174 222 268
aeroplane 0.0130 -125 71 563 237
aeroplane 0.0059 0 125 199 335
aeroplane 0.0037 -30 132 86 270
aeroplane 0.0019 -19 209 55 252
bus 0.0034 -21 205 69 254
boat 0.0122 -21 187 72 258
boat 0.0036 -14 174 222 268
chair 0.0104 314 100 515 437
chair 0.0031 473 123 503 390
diningtable 0.0018 12 212 488 376
