person 0.9721 167 -59 343 412
person 0.6131 114 104 471 254
person 0.1983 182 45 337 305
person 0.0763 265 99 444 327
person 0.0318 89 105 275 334
person 0.0094 51 123 460 331
person 0.0077 183 -10 456 361
person 0.0057 0 149 10 170
person 0.0037 233 175 479 281
person 0.0026 1 150 20 169
person 0.0024 0 150 9 187
person 0.0022 253 140 422 262
person 0.0021 88 158 191 201
person 0.0012 -5 135 27 192
car 0.0017 0 149 10 170
dog 0.1356 84 126 280 326
dog 0.0112 86 135 482 319
dog 0.0018 141 142 301 290
dog 0.0015 79 202 208 302
dog 0.0012 233 175 479 281
horse 0.0077 51 123 460 331
horse 0.0045 84 126 280 326
sheep 0.0075 84 126 280 326
sheep 0.0058 51 123 460 331
cow 0.1239 51 123 460 331
cow 0.0260 84 126 280 326
cow 0.0011 265 99 444 327
chair 0.0060 88 158 191 201
