person 0.1105 -2 59 34 132
person 0.0231 312 157 327 202
person 0.0074 17 75 51 122
person 0.0068 216 42 234 68
person 0.0066 -10 53 57 141
person 0.0061 24 85 46 119
person 0.0050 -1 89 15 124
person 0.0048 6 76 38 127
person 0.0038 -5 78 21 132
person 0.0036 331 193 350 231
person 0.0028 3 71 25 104
person 0.0019 1 73 8 116
person 0.0019 329 190 367 236
person 0.0018 12 83 31 123
person 0.0018 15 60 30 93
person 0.0018 33 79 52 115
person 0.0017 320 181 377 244
person 0.0015 2 17 498 199
person 0.0014 492 127 501 165
person 0.0011 34 60 49 90
bird 0.0043 216 42 234 68
bird 0.0040 331 193 350 231
bird 0.0035 329 190 367 236
bird 0.0029 312 157 327 202
bird 0.0026 320 181 377 244
bottle 0.0024 492 127 501 165
chair 0.0063 253 156 274 188
chair 0.0030 319 97 349 112
chair 0.0025 293 98 332 151
chair 0.0023 -1 89 15 124
chair 0.0020 282 89 342 160
chair 0.0019 492 127 501 165
chair 0.0015 265 157 278 185
chair 0.0014 246 158 263 186
chair 0.0013 406 88 427 120
chair 0.0012 312 157 327 202
pottedplant 0.4193 404 128 451 277
pottedplant 0.1661 383 97 421 166
pottedplant 0.1659 370 100 404 154
pottedplant 0.1602 427 107 464 163
pottedplant 0.1591 461 98 491 173
pottedplant 0.1407 446 92 465 122
pottedplant 0.1271 373 85 444 181
pottedplant 0.1234 347 89 413 164
pottedplant 0.1170 438 91 458 121
pottedplant 0.0971 466 69 503 124
pottedplant 0.0943 348 119 371 150
pottedplant 0.0887 402 104 438 166
pottedplant 0.0843 343 108 378 159
pottedplant 0.0826 415 97 477 173
pottedplant 0.0693 374 129 403 152
pottedplant 0.0667 433 93 446 120
pottedplant 0.0494 406 88 427 120
pottedplant 0.0473 392 128 410 156
pottedplant 0.0460 434 118 457 150
pottedplant 0.0459 330 102 395 166
pottedplant 0.0451 444 133 467 158
pottedplant 0.0443 438 81 470 128
pottedplant 0.0373 282 89 342 160
pottedplant 0.0362 357 121 383 150
pottedplant 0.0349 305 76 441 191
pottedplant 0.0337 492 127 501 165
pottedplant 0.0320 442 105 471 167
pottedplant 0.0281 435 132 458 156
pottedplant 0.0268 293 98 332 151
pottedplant 0.0258 403 90 417 120
pottedplant 0.0256 377 107 399 140
pottedplant 0.0253 340 143 361 219
pottedplant 0.0242 368 108 392 138
pottedplant 0.0219 415 143 442 260
pottedplant 0.0219 400 81 432 127
pottedplant 0.0209 352 92 387 159
pottedplant 0.0207 319 97 349 112
pottedplant 0.0201 305 125 322 144
pottedplant 0.0198 235 41 253 70
pottedplant 0.0198 323 99 360 154
pottedplant 0.0194 419 77 478 135
pottedplant 0.0193 449 102 464 121
pottedplant 0.0190 421 127 435 159
pottedplant 0.0189 387 108 413 140
pottedplant 0.0183 491 90 500 119
pottedplant 0.0175 451 114 465 155
pottedplant 0.0170 468 91 502 180
pottedplant 0.0168 408 127 429 158
pottedplant 0.0159 302 22 507 362
pottedplant 0.0159 467 123 484 163
pottedplant 0.0139 395 92 458 159
pottedplant 0.0138 441 72 457 98
pottedplant 0.0134 373 54 529 193
pottedplant 0.0133 300 111 327 137
pottedplant 0.0127 436 103 455 121
pottedplant 0.0124 472 91 497 118
pottedplant 0.0121 265 42 285 66
pottedplant 0.0116 428 110 447 142
pottedplant 0.0113 430 131 446 153
pottedplant 0.0107 310 91 373 162
pottedplant 0.0102 237 89 564 290
pottedplant 0.0099 467 101 485 126
pottedplant 0.0096 345 116 360 150
pottedplant 0.0091 369 123 390 145
pottedplant 0.0091 329 112 354 138
pottedplant 0.0090 449 57 500 185
pottedplant 0.0088 242 44 271 67
pottedplant 0.0087 275 87 293 104
pottedplant 0.0086 282 87 303 105
pottedplant 0.0083 416 94 439 118
pottedplant 0.0082 344 156 356 207
pottedplant 0.0081 379 95 402 118
pottedplant 0.0079 253 105 277 128
pottedplant 0.0077 362 99 377 132
pottedplant 0.0076 457 90 470 122
pottedplant 0.0074 216 42 234 68
pottedplant 0.0073 226 23 302 78
pottedplant 0.0068 486 101 501 126
pottedplant 0.0067 417 120 437 150
pottedplant 0.0064 235 158 254 184
pottedplant 0.0063 320 181 377 244
pottedplant 0.0062 225 141 260 189
pottedplant 0.0062 332 79 383 193
pottedplant 0.0061 362 110 380 138
pottedplant 0.0061 330 135 378 257
pottedplant 0.0057 309 122 332 144
pottedplant 0.0054 210 134 276 197
pottedplant 0.0054 484 60 502 133
pottedplant 0.0053 414 109 439 141
pottedplant 0.0053 312 157 327 202
pottedplant 0.0052 425 81 453 151
pottedplant 0.0052 447 84 465 111
pottedplant 0.0051 361 97 373 118
pottedplant 0.0051 473 76 497 100
pottedplant 0.0050 322 109 337 140
pottedplant 0.0049 329 190 367 236
pottedplant 0.0047 329 104 351 129
pottedplant 0.0046 254 35 273 66
pottedplant 0.0045 284 149 296 174
pottedplant 0.0044 389 122 408 148
diningtable 0.0036 319 97 349 112
