person 0.6542 323 252 335 291
person 0.4634 308 256 317 289
person 0.3963 301 254 311 290
person 0.2649 403 250 417 285
person 0.2173 317 255 327 289
person 0.1048 373 254 390 279
person 0.0944 399 241 423 300
person 0.0581 409 249 422 287
person 0.0512 420 248 431 277
person 0.0478 394 253 404 282
person 0.0252 413 238 436 303
person 0.0245 382 254 395 280
person 0.0225 367 242 396 301
person 0.0137 336 252 348 286
person 0.0115 431 256 447 274
person 0.0100 398 268 420 291
person 0.0091 379 261 398 295
person 0.0084 316 247 342 295
person 0.0084 369 264 393 293
person 0.0073 0 223 25 298
person 0.0064 211 238 224 256
person 0.0063 361 236 377 256
person 0.0052 449 256 465 270
person 0.0043 409 263 425 293
person 0.0036 326 255 334 270
person 0.0034 0 239 5 297
person 0.0032 388 268 409 291
person 0.0030 417 261 434 295
person 0.0027 109 171 362 336
person 0.0026 299 206 448 326
person 0.0026 386 242 410 301
person 0.0025 5 248 19 288
person 0.0023 384 230 451 309
person 0.0021 456 254 471 271
person 0.0019 492 247 500 290
person 0.0019 428 254 460 272
person 0.0016 244 247 263 268
person 0.0015 189 237 203 256
person 0.0015 345 237 359 257
person 0.0015 -2 215 14 305
person 0.0014 364 256 377 279
person 0.0014 199 239 214 256
person 0.0014 370 230 387 255
person 0.0013 292 243 316 295
person 0.0012 335 265 346 286
person 0.0011 266 252 277 289
person 0.0010 356 234 383 304
bicycle 0.0060 324 263 335 288
car 0.4258 428 254 460 272
car 0.0865 431 256 447 274
car 0.0292 449 256 465 270
car 0.0283 492 247 500 290
car 0.0274 485 228 503 309
car 0.0130 336 252 348 286
car 0.0104 414 245 479 279
car 0.0086 457 259 472 273
car 0.0024 420 248 431 277
car 0.0021 322 236 416 302
car 0.0015 442 239 512 298
car 0.0012 323 252 335 291
car 0.0010 464 256 486 279
car 0.0010 445 184 510 322
motorbike 0.0020 324 263 335 288
bus 0.9833 128 148 347 355
bus 0.9759 299 179 446 329
bus 0.7951 445 184 510 322
bus 0.2654 410 174 532 330
bus 0.0445 334 198 408 315
bus 0.0443 483 193 503 307
bus 0.0372 193 186 361 323
bus 0.0242 274 201 327 310
bus 0.0061 493 238 500 284
bus 0.0042 428 254 460 272
bus 0.0017 384 233 451 289
bus 0.0017 414 245 479 279
bus 0.0016 411 219 481 283
bus 0.0015 313 130 485 383
bus 0.0015 332 219 355 300
bus 0.0014 277 220 314 297
bus 0.0012 336 252 348 286
bus 0.0011 367 202 420 308
bus 0.0010 400 239 433 285
train 0.0096 128 148 347 355
train 0.0086 460 184 506 323
train 0.0039 410 174 532 330
train 0.0027 299 179 446 329
train 0.0011 483 193 503 307
diningtable 0.0013 386 277 430 295
