person 0.9908 97 32 375 211
person 0.5605 131 -130 347 369
person 0.0144 474 181 504 242
person 0.0021 475 133 505 334
person 0.0012 166 -15 203 49
person 0.0011 485 -75 501 388
car 0.0077 -3 99 56 168
car 0.0010 3 128 44 152
bird 0.0013 163 119 315 236
dog 0.0011 131 -130 347 369
chair 0.5855 131 -130 347 369
chair 0.1714 95 14 385 195
chair 0.0776 -17 51 195 337
chair 0.0268 254 -5 339 243
chair 0.0198 208 -69 371 310
chair 0.0108 302 -10 335 255
chair 0.0102 -50 84 227 241
chair 0.0053 -3 99 56 168
chair 0.0051 251 9 321 147
chair 0.0042 28 68 412 247
chair 0.0030 294 -10 380 249
chair 0.0025 485 -75 501 388
chair 0.0021 270 72 320 207
chair 0.0019 292 109 326 157
chair 0.0019 475 126 505 382
chair 0.0017 -12 -45 63 321
chair 0.0015 474 183 505 250
chair 0.0014 -3 -19 21 332
chair 0.0011 256 70 333 137
chair 0.0010 -2 143 7 294
chair 0.0010 303 126 323 216
sofa 0.0125 119 -123 334 369
sofa 0.0117 -20 -33 197 377
sofa 0.0042 -50 84 227 241
sofa 0.0017 97 33 357 220
sofa 0.0016 -107 49 446 210
diningtable 0.9987 39 164 478 346
diningtable 0.0940 -91 200 649 328
diningtable 0.0383 -15 97 517 448
diningtable 0.0103 119 -123 334 369
diningtable 0.0021 54 15 395 189
diningtable 0.0019 108 130 315 418
diningtable 0.0010 -22 -40 210 231
diningtable 0.0010 -22 115 223 444
