person 0.6436 134 77 179 207
person 0.5244 99 66 152 219
person 0.2749 88 55 188 250
person 0.0170 275 109 312 158
person 0.0092 266 100 323 167
person 0.0057 425 114 511 359
person 0.0020 135 95 164 155
person 0.0013 143 110 157 137
person 0.0012 299 115 319 150
person 0.0011 133 115 166 187
bicycle 0.0011 226 -58 382 381
car 0.0166 486 138 500 161
car 0.0040 473 139 501 160
cat 0.0012 484 159 503 238
dog 0.0055 426 99 512 339
bottle 0.0191 190 76 202 116
bottle 0.0127 415 132 434 156
bottle 0.0114 185 50 204 126
bottle 0.0104 197 81 209 115
bottle 0.0094 184 76 194 115
bottle 0.0073 453 121 484 166
bottle 0.0064 439 140 454 156
bottle 0.0059 351 119 369 153
bottle 0.0032 193 90 203 111
bottle 0.0027 189 40 202 68
bottle 0.0017 345 105 374 159
bottle 0.0016 394 129 419 155
bottle 0.0011 208 41 218 69
bottle 0.0011 151 242 162 288
bottle 0.0010 197 40 215 69
chair 0.0836 206 139 270 297
chair 0.0523 425 114 511 359
chair 0.0097 162 134 248 340
chair 0.0088 177 113 294 315
chair 0.0023 233 142 278 285
chair 0.0013 227 188 263 272
chair 0.0011 174 126 230 270
chair 0.0011 226 -58 382 381
chair 0.0011 210 174 245 246
sofa 0.4208 425 114 511 359
sofa 0.0028 348 50 516 351
sofa 0.0018 408 127 530 274
pottedplant 0.6301 168 50 482 226
pottedplant 0.5476 233 -64 390 381
pottedplant 0.1100 345 105 374 159
pottedplant 0.0963 415 132 434 156
pottedplant 0.0845 394 129 419 155
pottedplant 0.0780 388 104 426 165
pottedplant 0.0698 260 76 369 281
pottedplant 0.0622 453 121 484 166
pottedplant 0.0490 351 119 369 153
pottedplant 0.0232 97 163 174 240
pottedplant 0.0171 398 128 493 161
pottedplant 0.0137 486 138 500 161
pottedplant 0.0130 378 94 440 174
pottedplant 0.0091 304 40 450 193
pottedplant 0.0083 432 139 458 153
pottedplant 0.0072 473 139 501 160
pottedplant 0.0064 344 106 418 163
pottedplant 0.0041 402 122 436 160
pottedplant 0.0036 449 61 502 185
pottedplant 0.0036 457 136 478 161
pottedplant 0.0035 439 140 454 156
pottedplant 0.0033 441 115 510 174
pottedplant 0.0028 172 161 209 201
pottedplant 0.0027 408 98 444 166
pottedplant 0.0027 214 45 339 193
pottedplant 0.0026 96 10 566 193
pottedplant 0.0023 156 152 222 207
pottedplant 0.0019 327 99 392 166
pottedplant 0.0019 469 122 505 166
pottedplant 0.0018 118 171 156 229
pottedplant 0.0017 407 125 427 148
pottedplant 0.0016 341 92 524 186
pottedplant 0.0015 334 49 385 182
pottedplant 0.0015 275 -38 463 247
pottedplant 0.0012 457 94 489 172
pottedplant 0.0011 484 84 503 182
pottedplant 0.0011 355 121 443 162
pottedplant 0.0010 210 -12 505 333
pottedplant 0.0010 185 50 204 126
pottedplant 0.0010 360 65 426 174
diningtable 0.0026 170 141 273 324
diningtable 0.0019 126 37 286 430
diningtable 0.0011 398 128 493 161
tvmonitor 0.9935 50 -52 214 334
tvmonitor 0.4684 85 40 190 240
tvmonitor 0.0065 -1 76 273 254
tvmonitor 0.0035 127 72 175 210
tvmonitor 0.0025 99 66 152 219
