person 0.9973 119 128 319 371
person 0.9884 169 97 427 366
person 0.0202 473 169 481 181
person 0.0109 473 173 481 184
person 0.0094 480 174 489 185
person 0.0080 448 180 457 190
person 0.0079 484 79 502 469
person 0.0068 491 224 502 411
person 0.0067 478 170 488 181
person 0.0058 492 172 498 187
person 0.0046 477 248 504 414
person 0.0031 494 164 499 184
person 0.0023 455 169 460 177
person 0.0022 494 137 500 439
person 0.0019 469 15 505 493
person 0.0011 495 155 499 174
person 0.0010 153 96 280 441
car 0.0024 473 169 481 181
car 0.0023 478 170 488 181
car 0.0022 446 180 455 191
bird 0.0025 473 169 481 181
dog 0.0025 477 248 504 414
dog 0.0014 488 254 502 399
sheep 0.0125 448 180 457 190
sheep 0.0077 473 173 481 184
sheep 0.0066 480 174 489 185
sheep 0.0060 492 172 498 187
sheep 0.0013 473 169 481 181
sofa 0.0010 112 121 366 378
