person 0.0070 322 -36 499 85
person 0.0011 464 -40 504 362
bottle 0.0045 485 250 503 380
bottle 0.0020 488 45 503 146
bottle 0.0018 477 190 504 400
chair 0.9994 -77 102 275 352
chair 0.0080 -54 42 250 274
chair 0.0050 -11 144 64 446
chair 0.0035 322 -36 499 85
chair 0.0028 -31 242 87 429
chair 0.0022 285 64 451 373
chair 0.0016 -23 35 108 359
chair 0.0012 -13 272 63 416
chair 0.0010 394 14 517 307
diningtable 0.0043 117 39 338 259
tvmonitor 0.9889 172 -117 328 264
tvmonitor 0.6250 278 -106 446 311
tvmonitor 0.1224 55 -88 215 238
tvmonitor 0.1160 394 14 517 307
tvmonitor 0.0404 473 56 505 338
tvmonitor 0.0252 213 27 507 192
tvmonitor 0.0220 488 45 503 146
tvmonitor 0.0079 -16 -75 123 242
tvmonitor 0.0073 495 55 500 135
tvmonitor 0.0062 183 -28 324 181
tvmonitor 0.0033 100 4 397 162
tvmonitor 0.0031 481 -59 502 379
tvmonitor 0.0022 306 110 518 503
tvmonitor 0.0022 491 114 502 289
tvmonitor 0.0021 283 -10 438 209
tvmonitor 0.0017 467 -14 504 483
tvmonitor 0.0013 81 -14 204 172
tvmonitor 0.0011 491 29 501 200
tvmonitor 0.0010 412 35 461 206
