person 0.9996 55 43 261 319
person 0.9995 245 92 428 326
person 0.9747 158 67 338 332
person 0.1657 171 -125 326 451
person 0.0719 256 -68 411 465
person 0.0414 183 21 309 262
person 0.0238 327 97 393 186
person 0.0087 339 109 381 173
person 0.0053 290 28 408 368
person 0.0042 140 83 156 117
person 0.0040 442 115 453 125
person 0.0028 73 63 92 89
person 0.0020 408 108 428 125
person 0.0017 461 113 472 126
person 0.0015 383 105 393 127
person 0.0015 257 90 292 158
person 0.0012 259 65 417 208
person 0.0011 419 113 431 125
car 0.1506 408 108 428 125
car 0.0678 492 112 500 129
car 0.0338 493 108 501 125
car 0.0152 463 109 488 125
car 0.0119 417 106 436 126
car 0.0117 479 113 492 125
car 0.0060 442 115 453 125
car 0.0034 419 113 431 125
car 0.0017 425 104 443 126
car 0.0017 461 113 472 126
car 0.0013 439 97 513 135
car 0.0010 460 108 474 125
chair 0.0018 350 113 387 171
chair 0.0011 327 97 393 186
pottedplant 0.2575 237 178 393 362
pottedplant 0.2503 133 146 296 369
pottedplant 0.0277 98 61 160 143
pottedplant 0.0032 112 107 380 452
pottedplant 0.0015 106 72 138 134
diningtable 0.0011 118 89 315 456
tvmonitor 0.0010 35 33 67 100
