person 0.0022 9 -28 272 341
motorbike 0.0015 -12 75 75 396
bird 0.9945 152 83 359 306
bird 0.9787 180 -19 328 410
cat 0.0187 183 -14 327 378
cat 0.0012 152 76 359 291
horse 0.0037 184 -22 326 438
sheep 0.0017 183 -14 327 378
bottle 0.0605 180 -16 316 408
chair 0.0013 -12 75 75 396
chair 0.0010 186 -10 309 428
pottedplant 0.8307 9 -28 272 341
pottedplant 0.8156 212 13 585 315
pottedplant 0.2565 -12 75 75 396
pottedplant 0.1408 283 -54 501 377
pottedplant 0.1125 -40 88 147 324
pottedplant 0.0426 145 67 404 297
pottedplant 0.0181 -29 -29 128 516
pottedplant 0.0147 -50 10 173 254
pottedplant 0.0097 -22 -133 146 322
pottedplant 0.0061 -9 -20 65 298
pottedplant 0.0058 -27 114 85 247
pottedplant 0.0057 -5 23 29 212
pottedplant 0.0033 -11 41 57 196
pottedplant 0.0023 -75 86 356 321
pottedplant 0.0020 69 21 348 259
pottedplant 0.0013 -66 6 319 185
pottedplant 0.0012 -4 71 27 319
pottedplant 0.0010 -3 -74 35 354
diningtable 0.0056 -12 75 75 396
diningtable 0.0012 -29 -29 128 516
