person 0.8767 0 -42 107 351
person 0.8211 60 37 118 153
person 0.6873 143 -63 297 145
person 0.6812 332 66 367 119
person 0.5646 335 -3 480 129
person 0.4715 427 22 513 202
person 0.4453 424 136 482 283
person 0.4252 36 23 414 307
person 0.4146 -57 2 563 184
person 0.3400 -6 -30 51 343
person 0.3153 104 60 137 110
person 0.2907 92 58 126 110
person 0.2841 168 -27 273 119
person 0.2585 -7 26 38 171
person 0.2451 305 75 322 96
person 0.2355 18 55 45 113
person 0.2139 321 58 379 128
person 0.1831 312 74 329 98
person 0.1721 361 70 376 101
person 0.1646 353 73 370 107
person 0.1590 111 64 132 100
person 0.1561 61 66 81 95
person 0.1327 465 32 510 132
person 0.1310 333 72 348 96
person 0.1255 -6 -9 27 283
person 0.1221 98 64 119 102
person 0.1085 316 67 346 123
person 0.0965 324 74 338 96
person 0.0744 118 66 137 88
person 0.0723 24 64 41 103
person 0.0672 33 24 143 165
person 0.0623 89 49 148 121
person 0.0622 340 73 362 112
person 0.0584 424 50 446 76
person 0.0562 14 60 29 89
person 0.0506 23 58 38 92
person 0.0501 343 73 358 95
person 0.0435 8 61 25 89
person 0.0432 93 67 112 98
person 0.0364 354 59 381 109
person 0.0327 374 6 459 106
person 0.0306 39 37 522 151
person 0.0278 0 52 32 112
person 0.0252 199 25 271 107
person 0.0227 360 -5 462 206
person 0.0224 6 57 41 129
person 0.0223 294 72 313 92
person 0.0194 343 69 376 113
person 0.0181 361 61 375 88
person 0.0177 298 -48 505 237
person 0.0151 -5 141 32 322
person 0.0128 288 66 301 84
person 0.0122 -4 45 54 122
person 0.0119 492 132 502 286
person 0.0118 64 53 102 99
person 0.0113 466 124 505 301
person 0.0112 464 46 505 221
person 0.0110 -33 52 146 266
person 0.0109 92 39 124 90
person 0.0105 1 42 50 230
person 0.0103 422 77 481 191
person 0.0102 52 45 114 108
person 0.0097 0 52 8 95
person 0.0088 323 85 341 119
person 0.0084 98 53 117 78
person 0.0081 418 40 452 83
person 0.0080 353 64 366 86
person 0.0077 70 60 94 90
person 0.0077 56 60 87 104
person 0.0076 423 55 437 74
person 0.0075 154 29 215 96
person 0.0075 -3 33 15 134
person 0.0071 394 119 512 303
person 0.0065 352 35 429 114
person 0.0057 490 52 501 193
person 0.0054 -2 62 14 181
person 0.0051 17 79 34 105
person 0.0049 418 109 456 176
person 0.0048 324 69 341 82
person 0.0046 300 56 361 132
person 0.0044 126 62 146 85
person 0.0044 481 32 505 118
person 0.0043 163 39 204 86
person 0.0039 0 45 6 85
person 0.0039 -1 41 7 300
person 0.0037 331 70 348 83
person 0.0034 345 69 358 84
person 0.0033 473 7 502 305
person 0.0033 494 166 501 215
person 0.0032 432 38 495 109
person 0.0031 20 260 224 365
person 0.0030 325 64 356 110
person 0.0028 442 143 474 275
person 0.0027 110 78 126 107
person 0.0027 79 64 100 88
person 0.0027 0 145 13 291
person 0.0025 158 34 363 163
person 0.0025 87 56 118 130
person 0.0025 449 55 477 76
person 0.0024 332 86 345 116
bicycle 0.0015 323 85 341 119
bicycle 0.0015 424 136 482 283
car 0.0097 65 -44 362 280
car 0.0051 29 44 480 220
car 0.0021 243 66 321 98
car 0.0015 146 40 400 160
car 0.0011 331 70 348 83
motorbike 0.9945 59 51 446 330
motorbike 0.0057 323 85 341 119
motorbike 0.0055 424 136 482 283
motorbike 0.0024 315 74 346 126
motorbike 0.0017 394 119 512 303
dog 0.0011 68 -42 435 278
chair 0.0011 424 136 482 283
diningtable 0.0013 29 44 480 220
tvmonitor 0.0101 49 41 88 87
tvmonitor 0.0019 41 31 100 95
tvmonitor 0.0015 98 53 117 78
