person 0.7317 165 344 189 414
person 0.4551 221 409 233 423
person 0.0779 167 358 180 399
person 0.0562 127 381 139 401
person 0.0471 107 382 117 399
person 0.0420 96 381 107 400
person 0.0411 149 389 156 402
person 0.0283 120 382 128 399
person 0.0267 172 357 185 401
person 0.0259 176 390 185 402
person 0.0215 135 380 146 402
person 0.0192 167 390 174 401
person 0.0155 157 390 164 402
person 0.0130 167 376 178 402
person 0.0092 173 378 184 403
person 0.0082 139 390 147 401
person 0.0079 128 388 137 401
person 0.0078 92 382 103 399
person 0.0071 146 382 157 402
person 0.0063 254 410 264 418
person 0.0060 118 363 125 381
person 0.0043 127 359 135 378
person 0.0037 113 367 119 378
person 0.0034 135 372 146 388
person 0.0034 118 367 126 389
person 0.0031 60 302 216 454
person 0.0031 155 411 164 418
person 0.0027 110 388 117 401
person 0.0027 156 382 166 401
person 0.0026 145 358 161 383
person 0.0019 108 331 180 404
person 0.0014 110 370 118 388
person 0.0011 98 386 105 403
aeroplane 0.0047 102 -53 199 541
aeroplane 0.0022 58 90 227 413
train 0.0037 98 -9 203 523
boat 0.9272 58 90 227 413
boat 0.2039 98 -9 203 523
boat 0.0775 48 330 236 459
boat 0.0035 109 329 179 396
boat 0.0027 59 379 226 436
boat 0.0018 82 57 161 496
boat 0.0012 155 411 164 418
bird 0.0492 221 409 233 423
bird 0.0151 254 410 264 418
bird 0.0088 148 81 157 96
bird 0.0027 147 76 156 90
bird 0.0016 240 412 256 421
dog 0.0035 221 409 233 423
