person 0.9722 218 -44 345 101
person 0.9708 -13 -56 73 219
person 0.9419 147 -49 284 112
person 0.9065 333 -128 523 254
person 0.5537 25 -47 97 166
person 0.2781 319 -39 399 137
person 0.1439 20 -31 99 67
person 0.0941 -6 -46 20 207
person 0.0882 182 -30 254 94
person 0.0680 83 -11 156 31
person 0.0507 244 -30 316 88
person 0.0438 49 -28 118 62
person 0.0365 102 -35 218 86
person 0.0306 64 -5 81 28
person 0.0259 318 6 539 204
person 0.0221 60 -11 100 46
person 0.0200 -5 -86 34 288
person 0.0193 59 11 488 365
person 0.0188 131 -25 191 79
person 0.0175 -15 -41 116 90
person 0.0170 323 -45 547 118
person 0.0123 10 -25 201 75
person 0.0104 57 -8 89 34
person 0.0103 -2 16 12 154
person 0.0099 80 -27 178 61
person 0.0093 151 4 220 87
person 0.0080 73 -8 110 33
person 0.0076 202 -85 375 166
person 0.0072 113 -88 304 166
person 0.0072 89 -7 110 28
person 0.0051 38 -80 214 157
person 0.0046 97 -1 141 21
person 0.0046 249 23 570 265
person 0.0045 0 -8 8 219
person 0.0045 230 -12 259 72
person 0.0034 298 -60 440 153
person 0.0033 292 -29 352 110
person 0.0033 135 -15 200 37
person 0.0032 33 -10 72 48
person 0.0031 -1 -26 10 122
person 0.0030 187 21 221 77
person 0.0028 -5 -24 57 154
person 0.0025 490 -34 502 90
person 0.0017 472 -49 504 106
person 0.0017 69 0 90 33
person 0.0016 82 -14 115 54
person 0.0015 50 -6 77 24
person 0.0015 -23 -121 133 265
person 0.0013 25 8 74 184
person 0.0013 96 -3 122 25
person 0.0012 480 -97 502 218
person 0.0012 446 -33 504 92
person 0.0011 278 -20 366 43
person 0.0011 53 -9 108 131
person 0.0011 119 -11 162 48
person 0.0011 213 -22 264 83
person 0.0010 -2 -35 17 350
person 0.0010 253 -37 386 91
bicycle 0.0106 292 -29 352 110
bicycle 0.0082 177 214 395 464
bicycle 0.0060 289 -6 353 63
bicycle 0.0056 -19 307 227 408
bicycle 0.0053 265 -40 407 89
bicycle 0.0025 350 150 523 461
bicycle 0.0016 278 -20 366 43
bicycle 0.0015 -10 219 368 457
bicycle 0.0013 54 50 493 377
bicycle 0.0011 156 313 438 402
car 0.0308 41 7 469 227
car 0.0022 54 50 493 377
car 0.0011 292 -29 352 110
motorbike 0.9978 42 6 467 369
motorbike 0.0168 -38 41 620 193
motorbike 0.0076 292 -29 352 110
motorbike 0.0045 177 214 395 464
motorbike 0.0028 265 -59 414 142
motorbike 0.0017 320 -84 517 181
dog 0.0027 54 50 493 377
chair 0.0021 -31 90 92 214
chair 0.0021 320 -84 517 181
diningtable 0.0037 -33 86 94 205
diningtable 0.0012 -13 -15 72 248
diningtable 0.0011 11 -27 199 104
