person 0.9997 95 141 260 368
person 0.9937 173 125 382 353
person 0.6589 118 72 242 464
person 0.0480 201 -15 360 469
person 0.0395 210 88 268 224
person 0.0051 68 72 424 305
person 0.0051 420 216 512 415
person 0.0027 239 141 351 337
person 0.0015 266 115 359 433
person 0.0014 -10 22 128 415
bicycle 0.0027 -9 159 104 422
cat 0.0252 203 52 361 477
cat 0.0060 247 215 323 357
cat 0.0040 216 137 370 334
cat 0.0040 409 149 483 256
cat 0.0022 83 132 275 352
cat 0.0012 428 167 465 240
dog 0.1377 240 141 355 400
dog 0.1210 203 52 361 477
dog 0.0118 247 206 324 351
dog 0.0054 248 167 320 295
dog 0.0038 164 142 394 359
dog 0.0031 222 159 360 283
bottle 0.0308 494 196 501 246
bottle 0.0101 386 187 406 222
bottle 0.0090 417 172 445 234
bottle 0.0087 428 167 465 240
bottle 0.0037 409 149 483 256
bottle 0.0032 491 173 502 268
bottle 0.0030 400 188 415 222
bottle 0.0030 449 192 464 232
bottle 0.0024 303 320 339 387
bottle 0.0013 464 200 501 242
bottle 0.0012 419 194 438 227
bottle 0.0010 496 180 500 246
chair 0.2356 321 166 414 351
chair 0.1401 419 241 511 413
chair 0.0769 86 163 417 359
chair 0.0535 -11 224 492 362
chair 0.0406 333 176 389 271
chair 0.0284 286 188 438 383
chair 0.0128 170 318 262 395
chair 0.0116 165 103 397 496
chair 0.0097 -9 159 104 422
chair 0.0057 303 85 426 460
chair 0.0050 356 188 518 471
chair 0.0037 0 178 51 370
chair 0.0031 81 209 165 417
chair 0.0022 242 163 355 416
chair 0.0017 118 72 242 464
chair 0.0016 488 233 501 342
chair 0.0016 495 260 500 318
chair 0.0016 471 275 504 318
chair 0.0014 478 173 503 413
chair 0.0014 387 339 544 390
chair 0.0012 123 305 425 397
chair 0.0012 172 328 260 366
chair 0.0011 144 303 295 401
chair 0.0011 321 191 346 271
chair 0.0010 107 216 393 445
chair 0.0010 -2 151 32 400
sofa 0.1948 -27 231 476 362
sofa 0.1598 86 163 417 359
sofa 0.0602 419 241 511 413
sofa 0.0384 48 123 399 486
sofa 0.0074 321 166 414 351
sofa 0.0059 348 117 523 498
sofa 0.0016 81 209 165 417
sofa 0.0015 203 52 361 477
sofa 0.0012 373 237 544 431
pottedplant 0.9658 -32 125 140 266
pottedplant 0.2353 -8 168 115 332
pottedplant 0.2080 22 195 85 310
pottedplant 0.1643 -12 249 58 410
pottedplant 0.1111 -9 47 128 349
pottedplant 0.1027 -18 113 134 504
pottedplant 0.1023 -33 232 124 430
pottedplant 0.0206 111 148 166 278
pottedplant 0.0185 56 11 387 192
pottedplant 0.0184 52 258 112 409
pottedplant 0.0174 -41 162 161 365
pottedplant 0.0169 283 109 351 280
pottedplant 0.0156 54 205 162 420
pottedplant 0.0152 5 140 61 253
pottedplant 0.0147 18 220 50 298
pottedplant 0.0146 -5 173 34 416
pottedplant 0.0146 17 255 80 405
pottedplant 0.0124 2 145 288 368
pottedplant 0.0116 126 165 169 237
pottedplant 0.0107 32 232 78 289
pottedplant 0.0107 61 184 102 331
pottedplant 0.0078 0 178 51 370
pottedplant 0.0073 32 144 101 250
pottedplant 0.0071 43 71 392 298
pottedplant 0.0054 40 185 94 354
pottedplant 0.0044 18 299 90 375
pottedplant 0.0042 127 -168 320 331
pottedplant 0.0032 28 278 138 417
pottedplant 0.0030 17 251 89 324
pottedplant 0.0025 409 149 483 256
pottedplant 0.0025 -3 274 15 379
pottedplant 0.0024 -9 318 31 392
pottedplant 0.0023 9 208 81 272
pottedplant 0.0020 105 69 236 443
pottedplant 0.0019 14 196 39 303
pottedplant 0.0018 8 152 43 228
pottedplant 0.0018 42 152 122 401
pottedplant 0.0017 -9 283 31 370
pottedplant 0.0016 63 154 102 234
pottedplant 0.0016 59 199 87 300
pottedplant 0.0015 1 313 88 401
pottedplant 0.0015 66 214 98 303
pottedplant 0.0014 494 196 501 246
pottedplant 0.0014 32 216 74 264
pottedplant 0.0012 -18 284 64 370
pottedplant 0.0012 256 89 373 297
pottedplant 0.0011 32 258 70 318
pottedplant 0.0011 321 28 549 268
pottedplant 0.0011 91 127 201 272
diningtable 0.0705 345 69 520 450
diningtable 0.0034 300 172 566 295
