person 0.0083 45 -16 501 292
person 0.0025 211 42 353 95
person 0.0020 0 105 4 162
person 0.0010 204 -34 357 124
bicycle 0.0040 321 33 473 129
car 0.9572 3 -22 482 298
car 0.0067 -71 3 204 91
car 0.0064 -16 -85 153 286
car 0.0037 2 221 250 442
car 0.0028 0 105 4 162
car 0.0013 -2 77 9 190
car 0.0010 0 103 2 183
motorbike 0.0016 16 51 471 305
bus 0.0121 5 -33 449 282
bus 0.0014 -16 -85 153 286
bird 0.0061 211 42 353 95
bird 0.0032 340 31 472 130
bird 0.0015 267 45 340 92
cat 0.0042 352 42 460 116
cat 0.0011 211 42 353 95
dog 0.0211 321 33 473 129
dog 0.0016 215 43 335 91
dog 0.0015 333 54 445 104
diningtable 0.0035 16 51 471 305
