person 0.0049 388 74 515 395
person 0.0027 204 2 508 355
person 0.0017 397 50 515 223
person 0.0012 86 -48 194 212
person 0.0012 71 -131 269 282
bottle 0.9798 58 5 317 343
bottle 0.9634 198 11 476 344
bottle 0.0128 319 -72 429 279
bottle 0.0030 361 100 532 338
bottle 0.0027 6 27 563 183
bottle 0.0011 200 -28 281 346
chair 0.0037 73 -13 438 375
chair 0.0018 397 50 515 223
sofa 0.0097 73 -13 438 375
diningtable 0.7911 28 216 463 379
diningtable 0.1738 73 -13 438 375
diningtable 0.1386 -133 240 613 359
diningtable 0.1095 -51 137 536 481
diningtable 0.0020 -8 142 137 466
