person 0.0045 118 -35 505 239
person 0.0037 61 -153 228 349
person 0.0017 57 140 500 295
person 0.0011 15 8 321 172
car 0.0061 127 -16 496 270
car 0.0022 -16 -67 123 311
bird 0.0048 318 112 495 380
bird 0.0012 285 175 534 321
cat 0.1428 46 154 455 304
cat 0.0478 127 -16 496 270
cat 0.0431 106 42 400 430
cat 0.0411 285 175 534 321
cat 0.0085 318 112 495 380
cat 0.0043 36 32 609 224
cat 0.0034 214 85 416 401
cat 0.0014 135 34 352 300
dog 0.9479 46 138 459 299
dog 0.8596 101 -11 484 259
dog 0.3210 -5 33 594 207
dog 0.1045 106 42 400 430
dog 0.0137 135 34 352 300
dog 0.0050 285 175 534 321
dog 0.0010 318 112 495 380
horse 0.0037 101 -11 484 259
horse 0.0019 -5 33 594 207
sheep 0.0019 318 112 495 380
sheep 0.0014 46 154 455 304
cow 0.1422 71 -21 457 220
cow 0.0836 -62 4 587 182
cow 0.0024 57 140 500 295
chair 0.2769 -62 4 587 182
chair 0.2405 -16 -67 123 311
chair 0.1682 118 -35 505 239
chair 0.0161 57 140 500 295
chair 0.0059 68 -31 349 272
chair 0.0027 72 -135 255 338
chair 0.0015 -7 21 128 220
chair 0.0014 15 8 321 172
sofa 0.1993 -16 -67 123 311
sofa 0.0427 118 -35 505 239
sofa 0.0055 -17 227 573 382
sofa 0.0053 -45 10 618 185
sofa 0.0045 32 154 523 313
sofa 0.0011 -7 21 128 220
diningtable 0.0232 127 -16 496 270
diningtable 0.0015 40 157 533 428
tvmonitor 0.0014 -16 -67 123 311
