person 0.9986 364 6 535 360
person 0.9975 74 -85 187 277
person 0.9925 57 -49 111 146
person 0.9471 -6 -79 56 284
person 0.9163 148 -31 212 122
person 0.8837 372 -34 449 111
person 0.5664 178 -12 212 48
person 0.5391 43 4 224 195
person 0.3730 290 -31 332 117
person 0.3393 241 -27 308 67
person 0.2207 254 -12 298 53
person 0.1617 -3 -34 57 127
person 0.1504 129 -18 505 395
person 0.1377 -3 -123 32 439
person 0.1159 5 -15 46 49
person 0.0826 243 -9 268 51
person 0.0645 192 -10 225 36
person 0.0628 390 -134 513 491
person 0.0621 389 -42 520 132
person 0.0612 463 20 482 54
person 0.0511 3 45 52 239
person 0.0476 -6 -18 33 256
person 0.0427 226 -37 332 92
person 0.0374 167 -23 226 59
person 0.0363 21 -19 77 102
person 0.0360 119 -50 237 137
person 0.0291 286 -11 321 50
person 0.0226 447 -27 517 66
person 0.0221 81 35 176 240
person 0.0212 306 -12 335 53
person 0.0210 458 12 488 62
person 0.0210 211 -27 265 87
person 0.0178 323 -49 475 128
person 0.0173 415 24 478 92
person 0.0166 140 -68 215 266
person 0.0161 -2 -24 20 379
person 0.0149 293 -3 316 27
person 0.0134 134 -10 202 30
person 0.0126 197 1 215 34
person 0.0123 56 -175 214 378
person 0.0122 188 0 206 38
person 0.0110 92 -86 404 166
person 0.0094 278 -23 322 83
person 0.0092 144 -3 173 22
person 0.0088 170 -36 273 128
person 0.0086 245 0 262 18
person 0.0083 -30 -51 91 139
person 0.0081 279 -2 312 61
person 0.0080 6 -73 257 158
person 0.0076 146 -12 188 53
person 0.0076 134 -26 204 63
person 0.0074 311 -3 330 26
person 0.0070 415 -19 485 109
person 0.0067 34 -8 71 67
person 0.0066 308 -30 352 113
person 0.0063 161 -4 191 19
person 0.0059 302 0 320 33
person 0.0058 297 -87 453 243
person 0.0048 290 0 319 95
person 0.0046 23 -40 58 241
person 0.0046 203 -7 224 24
person 0.0046 315 -6 349 63
person 0.0041 254 -1 274 18
person 0.0040 466 -3 508 58
person 0.0040 260 -1 289 19
person 0.0037 282 -4 303 22
person 0.0033 134 -4 165 19
person 0.0030 -15 -27 50 64
person 0.0027 179 -3 196 25
person 0.0026 322 9 342 30
person 0.0020 -1 -22 5 253
person 0.0020 456 -14 495 54
person 0.0019 255 6 270 47
person 0.0019 26 3 60 94
person 0.0019 41 0 61 37
person 0.0018 172 6 207 92
person 0.0017 480 -16 505 54
person 0.0017 74 -33 129 120
person 0.0016 284 12 304 47
person 0.0016 85 -5 114 24
person 0.0015 289 -23 355 62
person 0.0015 325 -3 356 81
person 0.0015 45 -7 81 47
person 0.0014 11 -6 37 28
person 0.0013 59 -22 106 80
person 0.0013 258 -39 374 127
person 0.0013 184 -17 244 40
person 0.0012 250 5 263 47
person 0.0012 207 -2 226 9
person 0.0011 182 0 199 34
person 0.0011 434 2 497 74
person 0.0011 43 -23 462 246
person 0.0011 246 37 484 244
person 0.0011 293 -8 327 34
person 0.0010 284 3 302 35
person 0.0010 -72 0 490 148
person 0.0010 7 -26 74 256
person 0.0010 487 11 500 44
person 0.0010 52 -46 206 129
person 0.0010 124 49 172 231
bicycle 0.0070 218 -20 336 113
car 0.0046 89 -34 427 355
car 0.0035 21 -19 77 102
car 0.0028 -3 -118 31 509
car 0.0022 -30 -51 91 139
car 0.0016 284 -106 457 323
car 0.0015 11 -43 162 130
car 0.0014 -3 -34 57 127
car 0.0012 6 -73 257 158
car 0.0010 42 30 527 277
motorbike 0.9982 107 -17 407 404
motorbike 0.3877 218 -20 336 113
motorbike 0.1721 244 -17 309 101
motorbike 0.0829 41 0 83 77
motorbike 0.0785 19 -11 89 89
motorbike 0.0289 -11 -38 101 117
motorbike 0.0258 42 30 527 277
motorbike 0.0089 275 12 310 83
motorbike 0.0073 52 20 85 73
motorbike 0.0048 264 27 301 86
motorbike 0.0046 284 -27 326 111
motorbike 0.0040 57 31 80 66
motorbike 0.0038 227 16 307 81
motorbike 0.0035 26 3 60 94
motorbike 0.0016 258 14 324 98
motorbike 0.0015 279 33 303 64
motorbike 0.0010 283 19 304 54
motorbike 0.0010 -3 -123 32 439
bottle 0.0049 415 24 478 92
bottle 0.0038 18 80 48 151
bottle 0.0029 125 45 189 128
bottle 0.0025 138 58 180 116
bottle 0.0020 342 37 357 64
bottle 0.0019 24 108 40 143
chair 0.0073 367 1 453 93
chair 0.0035 342 37 357 64
chair 0.0030 377 -25 445 143
chair 0.0021 326 19 359 77
chair 0.0016 333 33 352 67
chair 0.0012 291 3 454 154
