person 0.9868 82 73 312 349
person 0.0029 232 -28 429 81
person 0.0027 437 -8 512 367
person 0.0010 221 -9 289 30
bicycle 0.2621 244 98 360 336
bicycle 0.0775 227 16 371 415
bicycle 0.0235 144 -46 183 139
bicycle 0.0092 105 -35 188 135
bicycle 0.0087 47 112 433 321
bicycle 0.0015 182 89 408 290
bicycle 0.0012 195 96 355 222
bicycle 0.0010 118 -27 171 88
motorbike 0.0313 220 -13 373 415
motorbike 0.0207 244 98 360 336
motorbike 0.0042 47 112 433 321
motorbike 0.0011 182 89 408 290
cat 0.0097 437 -8 512 367
dog 0.0029 437 -8 512 367
bottle 0.0012 143 197 198 266
chair 0.0561 115 -40 176 135
chair 0.0526 144 -46 183 139
chair 0.0050 157 -20 182 93
chair 0.0025 86 -60 207 149
chair 0.0021 438 31 513 398
chair 0.0016 334 -21 389 71
pottedplant 0.0206 437 -8 512 367
pottedplant 0.0077 223 -28 415 79
pottedplant 0.0011 463 -85 506 404
