person 0.0723 18 13 378 180
person 0.0701 144 -29 255 191
person 0.0292 89 37 125 111
person 0.0277 114 -112 304 277
person 0.0132 67 112 132 155
person 0.0098 93 63 165 119
person 0.0074 80 121 117 145
person 0.0040 120 35 154 93
person 0.0034 76 28 142 120
person 0.0032 112 63 148 111
person 0.0031 95 49 118 81
person 0.0020 117 76 144 107
person 0.0020 171 -11 234 172
person 0.0018 123 41 149 72
person 0.0014 105 27 170 102
person 0.0011 76 24 103 86
tvmonitor 0.9973 -30 10 388 186
tvmonitor 0.0045 364 125 522 260
tvmonitor 0.0041 -5 -52 353 308
tvmonitor 0.0030 -1 -14 16 328
tvmonitor 0.0010 -1 10 6 275
