person 0.0136 155 113 322 489
person 0.0081 437 335 520 394
person 0.0052 -3 49 18 345
person 0.0050 69 115 80 150
person 0.0046 25 218 481 363
person 0.0029 42 77 457 367
person 0.0026 -1 126 7 295
person 0.0024 473 197 504 426
person 0.0023 -3 122 12 239
person 0.0015 72 118 86 148
person 0.0014 -23 48 515 242
person 0.0013 374 124 384 158
person 0.0013 44 131 64 159
person 0.0011 487 120 503 223
person 0.0010 293 126 312 140
bicycle 0.0083 442 200 491 315
car 0.1065 -15 87 154 179
car 0.0894 129 129 223 156
car 0.0705 -3 100 15 207
car 0.0632 -6 71 22 241
car 0.0383 293 126 312 140
car 0.0286 27 81 121 170
car 0.0265 312 128 333 141
car 0.0203 0 125 8 163
car 0.0160 44 131 64 159
car 0.0114 18 120 108 168
car 0.0107 -5 17 359 255
car 0.0076 321 128 339 140
car 0.0073 178 127 273 157
car 0.0066 154 136 203 148
car 0.0059 47 134 74 157
car 0.0055 300 127 322 142
car 0.0046 -14 113 85 179
car 0.0044 -6 106 32 181
car 0.0041 150 126 168 143
car 0.0034 293 116 313 136
car 0.0032 39 122 69 168
car 0.0030 -1 101 4 151
car 0.0027 -40 90 104 221
car 0.0023 62 106 137 160
car 0.0020 329 129 351 140
car 0.0016 133 123 164 143
car 0.0016 -3 74 12 178
car 0.0016 129 125 150 140
car 0.0015 100 120 117 148
car 0.0015 78 122 105 151
car 0.0014 92 95 124 155
car 0.0013 273 119 353 148
car 0.0012 294 112 311 123
car 0.0012 318 107 361 123
car 0.0012 0 124 5 203
car 0.0012 51 138 90 152
car 0.0012 38 104 327 179
car 0.0012 199 130 214 144
car 0.0012 19 107 35 128
car 0.0011 92 123 113 149
car 0.0011 15 62 235 175
car 0.0011 145 115 268 155
bus 0.0141 4 80 164 173
bus 0.0015 -6 71 22 241
bus 0.0014 14 9 337 239
train 0.0021 -6 71 22 241
train 0.0012 4 80 164 173
train 0.0010 14 9 337 239
boat 0.0023 96 205 470 350
boat 0.0011 318 107 361 123
bird 0.0011 282 176 311 196
dog 0.0130 442 200 491 315
chair 0.7949 155 113 322 489
chair 0.7834 279 138 423 460
chair 0.4865 442 200 491 315
chair 0.1292 56 216 510 361
chair 0.0950 63 199 225 375
chair 0.0757 257 217 452 396
chair 0.0132 445 218 474 300
chair 0.0095 59 127 223 482
chair 0.0057 170 103 387 376
chair 0.0048 473 197 504 426
chair 0.0046 437 335 520 394
chair 0.0043 161 221 288 403
chair 0.0041 220 207 372 414
chair 0.0026 415 184 519 328
chair 0.0025 74 201 413 458
chair 0.0013 446 287 510 409
chair 0.0011 493 214 501 419
sofa 0.0058 143 126 311 485
sofa 0.0054 170 77 388 452
sofa 0.0035 96 205 470 350
sofa 0.0015 59 127 223 482
sofa 0.0011 63 199 225 375
sofa 0.0011 442 200 491 315
sofa 0.0010 479 157 503 431
diningtable 0.0047 202 234 523 439
diningtable 0.0034 442 200 491 315
diningtable 0.0021 473 197 504 426
diningtable 0.0013 437 335 520 394
diningtable 0.0011 492 203 501 393
diningtable 0.0011 279 138 423 460
