person 0.9992 111 31 441 338
person 0.9751 308 41 341 144
person 0.7293 334 57 365 137
person 0.7019 359 45 387 121
person 0.2464 289 62 318 129
person 0.0597 291 76 307 109
person 0.0247 269 51 302 120
person 0.0226 268 36 300 93
person 0.0170 278 27 322 146
person 0.0058 370 63 383 107
person 0.0053 342 99 359 124
person 0.0032 364 63 378 106
person 0.0032 366 61 379 88
person 0.0030 274 64 288 83
person 0.0028 325 65 339 89
person 0.0019 305 78 319 110
person 0.0016 192 -13 318 122
person 0.0013 337 42 403 125
person 0.0012 296 68 326 136
person 0.0012 332 44 374 164
person 0.0011 351 72 371 102
person 0.0011 340 71 360 101
person 0.0011 294 86 310 120
person 0.0011 370 81 382 105
person 0.0010 141 58 271 247
person 0.0010 305 88 336 137
person 0.0010 314 98 329 126
bicycle 0.7857 274 95 390 426
bicycle 0.1572 114 74 446 340
bicycle 0.1285 249 -2 406 522
bicycle 0.1272 224 153 429 344
bicycle 0.0457 278 206 367 393
bicycle 0.0022 242 103 358 229
bicycle 0.0018 252 61 352 396
bicycle 0.0013 269 126 351 174
car 0.0018 141 58 271 247
train 0.0017 131 -20 383 383
dog 0.0020 342 99 359 124
chair 0.0015 139 71 271 254
tvmonitor 0.0017 142 -28 289 357
