person 0.0043 -83 166 493 485
person 0.0021 482 29 501 445
person 0.0017 423 8 434 48
person 0.0016 -162 264 571 368
bottle 0.0026 281 168 301 230
bottle 0.0011 286 176 298 209
bottle 0.0010 415 109 437 172
chair 0.3387 -67 183 441 470
chair 0.1888 -6 200 28 425
chair 0.1545 376 187 478 428
chair 0.0639 -151 271 555 380
chair 0.0385 -31 244 118 370
chair 0.0211 -4 227 17 328
chair 0.0153 8 251 405 375
chair 0.0142 -12 213 73 411
chair 0.0104 482 125 502 460
chair 0.0104 -2 219 12 375
chair 0.0061 -36 180 235 429
chair 0.0061 -4 89 19 385
chair 0.0048 181 190 446 463
chair 0.0043 376 169 416 338
chair 0.0043 492 182 502 376
chair 0.0042 472 252 504 415
chair 0.0041 -3 243 12 278
chair 0.0021 0 260 4 316
chair 0.0019 261 158 415 325
chair 0.0017 366 110 465 362
chair 0.0016 -52 260 222 354
chair 0.0016 12 199 71 312
chair 0.0012 391 85 517 388
chair 0.0012 470 297 506 358
chair 0.0011 373 206 401 290
chair 0.0011 401 241 464 413
chair 0.0010 91 173 381 379
sofa 0.9381 -83 166 493 485
sofa 0.2913 -151 271 555 380
sofa 0.0598 8 251 405 375
sofa 0.0241 -6 200 28 425
sofa 0.0211 -38 205 290 452
sofa 0.0178 129 184 452 444
sofa 0.0044 482 125 502 460
sofa 0.0039 -12 213 73 411
sofa 0.0035 -31 244 118 370
sofa 0.0022 492 197 502 378
sofa 0.0010 -23 166 144 433
pottedplant 0.2670 37 -4 80 76
pottedplant 0.2320 27 -20 98 92
pottedplant 0.0729 62 1 101 72
pottedplant 0.0066 49 -10 112 84
pottedplant 0.0018 26 9 148 231
pottedplant 0.0017 60 38 81 61
pottedplant 0.0017 45 36 63 62
pottedplant 0.0016 71 39 94 61
pottedplant 0.0015 50 37 74 61
pottedplant 0.0014 13 -26 146 102
pottedplant 0.0013 28 25 94 70
pottedplant 0.0012 -4 89 19 385
diningtable 0.0221 68 177 383 378
diningtable 0.0131 -6 200 28 425
diningtable 0.0098 -49 176 472 445
diningtable 0.0087 -4 227 17 328
diningtable 0.0068 376 187 478 428
diningtable 0.0036 356 103 506 497
diningtable 0.0031 77 15 423 343
diningtable 0.0027 -162 264 571 368
diningtable 0.0018 -3 243 12 278
diningtable 0.0016 -2 219 12 375
diningtable 0.0013 482 125 502 460
diningtable 0.0010 0 279 6 315
tvmonitor 0.8953 174 103 331 261
tvmonitor 0.0015 89 5 130 69
tvmonitor 0.0012 270 175 410 321
tvmonitor 0.0011 368 -22 496 81
