person 0.9880 290 168 368 342
person 0.1221 333 183 344 220
person 0.1144 388 185 403 217
person 0.0848 413 189 424 228
person 0.0846 243 187 253 210
person 0.0724 269 190 293 215
person 0.0712 453 184 465 231
person 0.0417 328 187 338 215
person 0.0323 435 179 458 240
person 0.0315 402 190 412 213
person 0.0297 173 202 182 212
person 0.0279 458 189 467 224
person 0.0270 439 188 452 232
person 0.0222 325 192 340 221
person 0.0205 0 222 7 252
person 0.0198 407 162 428 237
person 0.0153 182 203 191 213
person 0.0146 85 211 96 225
person 0.0121 446 180 467 236
person 0.0115 161 202 174 214
person 0.0112 105 209 116 226
person 0.0103 305 198 318 216
person 0.0100 404 196 413 216
person 0.0090 267 191 282 209
person 0.0087 393 196 402 215
person 0.0081 203 191 210 209
person 0.0075 431 194 447 226
person 0.0071 95 210 106 226
person 0.0069 420 192 429 225
person 0.0055 381 176 409 220
person 0.0048 259 175 271 207
person 0.0046 7 224 20 249
person 0.0043 0 215 3 279
person 0.0039 210 191 222 206
person 0.0039 373 191 381 210
person 0.0039 386 182 405 200
person 0.0037 75 211 88 226
person 0.0036 36 221 50 236
person 0.0033 333 181 342 199
person 0.0031 368 189 377 209
person 0.0029 55 220 67 235
person 0.0029 423 206 433 229
person 0.0027 256 191 275 210
person 0.0023 328 171 348 229
person 0.0023 264 185 297 222
person 0.0022 223 190 230 209
person 0.0020 455 172 476 231
person 0.0018 414 205 423 227
person 0.0018 387 196 397 215
person 0.0018 111 209 123 226
person 0.0017 329 182 339 199
person 0.0016 46 221 59 236
person 0.0015 208 183 224 199
person 0.0013 106 203 116 217
person 0.0013 182 195 192 209
person 0.0013 403 181 414 199
person 0.0013 447 206 462 229
person 0.0012 247 198 257 214
person 0.0012 421 172 453 233
person 0.0012 427 206 449 228
person 0.0012 288 190 298 205
person 0.0012 -3 197 11 300
person 0.0011 75 167 444 231
person 0.0011 96 203 105 215
person 0.0010 295 190 309 205
person 0.0010 135 210 145 226
person 0.0010 284 193 374 284
bicycle 0.0311 297 222 359 356
bicycle 0.0165 440 201 455 233
bicycle 0.0130 333 192 343 221
bicycle 0.0126 447 206 462 229
bicycle 0.0101 427 206 449 228
bicycle 0.0094 453 184 465 231
bicycle 0.0068 413 189 424 228
bicycle 0.0042 414 205 423 227
bicycle 0.0031 325 192 340 221
bicycle 0.0031 404 196 413 216
bicycle 0.0026 431 194 447 226
bicycle 0.0022 422 181 455 235
bicycle 0.0020 423 206 433 229
bicycle 0.0018 458 189 467 224
bicycle 0.0017 279 201 381 376
bicycle 0.0017 393 196 402 215
bicycle 0.0016 412 192 477 241
bicycle 0.0010 432 194 461 237
car 0.9884 123 182 190 273
car 0.9868 6 182 115 299
car 0.9863 -22 183 73 315
car 0.9644 46 171 158 293
car 0.9094 265 192 296 220
car 0.8436 135 159 222 272
car 0.8332 114 196 158 266
car 0.7128 137 196 180 259
car 0.6467 68 181 133 285
car 0.3723 102 180 162 283
car 0.2679 271 166 351 229
car 0.2589 190 174 242 239
car 0.1758 386 182 405 200
car 0.0896 386 185 400 215
car 0.0305 256 191 275 210
car 0.0192 268 197 286 217
car 0.0169 381 176 409 220
car 0.0166 411 178 423 198
car 0.0123 307 196 340 220
car 0.0123 402 190 412 213
car 0.0116 -7 189 42 310
car 0.0115 243 187 253 210
car 0.0114 6 132 483 283
car 0.0092 0 222 7 252
car 0.0081 305 198 318 216
car 0.0077 267 191 282 209
car 0.0075 228 191 244 211
car 0.0069 414 185 426 219
car 0.0068 -34 108 378 368
car 0.0065 235 196 254 216
car 0.0054 367 171 448 227
car 0.0048 -3 197 11 300
car 0.0046 328 187 338 215
car 0.0045 403 181 414 199
car 0.0045 295 190 309 205
car 0.0035 293 188 352 227
car 0.0032 292 175 330 222
car 0.0028 0 215 3 279
car 0.0026 300 189 324 211
car 0.0026 200 195 210 224
car 0.0024 405 172 470 246
car 0.0020 422 181 455 235
car 0.0020 431 194 447 226
car 0.0019 329 182 339 199
car 0.0018 325 192 340 221
car 0.0014 407 162 428 237
car 0.0014 188 160 409 236
car 0.0014 420 192 429 225
car 0.0014 157 181 199 253
car 0.0011 255 175 309 229
car 0.0011 404 196 413 216
car 0.0011 160 210 176 248
car 0.0011 174 152 245 249
car 0.0010 312 189 330 211
motorbike 0.9650 297 226 352 358
motorbike 0.0897 279 201 381 376
motorbike 0.0101 386 185 400 215
motorbike 0.0048 305 198 318 216
motorbike 0.0036 393 196 402 215
motorbike 0.0023 265 192 296 220
motorbike 0.0017 422 181 455 235
motorbike 0.0016 313 247 350 341
motorbike 0.0015 387 196 397 215
motorbike 0.0014 325 192 340 221
motorbike 0.0013 381 176 409 220
motorbike 0.0012 413 189 424 228
motorbike 0.0011 405 172 470 246
motorbike 0.0010 402 190 412 213
motorbike 0.0010 404 196 413 216
aeroplane 0.0013 248 114 334 146
bus 0.7963 192 167 240 233
bus 0.0505 132 162 226 265
bus 0.0217 271 166 351 229
bus 0.0142 174 152 245 249
bus 0.0010 208 183 224 199
dog 0.0017 423 206 433 229
dog 0.0013 427 206 449 228
