person 0.0084 412 224 420 234
person 0.0081 402 225 416 235
person 0.0044 386 222 396 234
person 0.0031 392 223 403 236
car 0.0391 335 175 367 185
car 0.0304 330 155 344 169
car 0.0076 447 210 468 227
car 0.0040 5 47 506 374
car 0.0033 452 210 477 228
car 0.0031 -42 153 560 281
car 0.0026 352 156 367 166
car 0.0025 454 205 472 223
car 0.0025 469 216 481 228
car 0.0015 167 152 191 168
car 0.0014 311 169 385 191
car 0.0013 495 222 500 236
car 0.0011 478 219 491 229
car 0.0010 329 170 349 181
train 0.9847 90 43 486 387
train 0.8502 23 149 545 281
train 0.0120 40 78 388 301
train 0.0089 -66 126 238 212
train 0.0029 -3 93 280 267
train 0.0016 382 190 489 230
train 0.0011 53 131 268 239
boat 0.0021 -6 287 35 304
boat 0.0015 -5 147 32 382
boat 0.0012 -3 282 14 371
bird 0.0010 23 201 39 218
