person 0.9993 219 -58 341 295
person 0.6072 472 57 503 169
person 0.2809 130 24 390 230
person 0.2329 6 97 19 129
person 0.1612 -1 94 8 133
person 0.1520 476 -4 503 207
person 0.1516 180 50 235 141
person 0.1065 -4 85 15 148
person 0.0317 412 95 426 116
person 0.0305 486 53 502 173
person 0.0277 428 92 444 121
person 0.0260 215 48 267 152
person 0.0231 471 69 504 124
person 0.0219 1 -2 503 265
person 0.0211 481 86 492 103
person 0.0210 487 20 502 130
person 0.0138 421 95 435 117
person 0.0105 398 98 418 115
person 0.0101 496 74 499 153
person 0.0092 370 98 391 114
person 0.0080 495 50 500 100
person 0.0078 495 79 499 129
person 0.0068 440 23 511 257
person 0.0056 -49 80 388 307
person 0.0051 0 116 7 144
person 0.0047 467 49 504 262
person 0.0043 351 97 369 115
person 0.0031 347 97 356 112
person 0.0030 391 96 406 125
person 0.0029 235 70 271 138
person 0.0028 461 -74 508 315
person 0.0027 380 99 395 114
person 0.0025 189 90 205 120
person 0.0024 152 36 290 162
person 0.0022 394 99 406 115
person 0.0021 492 44 501 86
person 0.0018 240 80 254 106
person 0.0017 479 94 491 112
person 0.0016 408 96 430 125
person 0.0016 495 96 499 169
person 0.0015 365 98 374 113
person 0.0015 418 86 450 129
person 0.0014 338 92 345 116
person 0.0014 440 106 449 120
person 0.0012 365 94 396 128
person 0.0012 391 96 425 126
person 0.0011 248 89 264 116
person 0.0011 0 62 4 106
person 0.0010 -1 51 6 101
bicycle 0.0159 -1 101 9 145
bicycle 0.0115 0 116 7 144
bicycle 0.0069 -4 88 16 154
bicycle 0.0011 4 99 19 145
car 0.8758 391 96 425 126
car 0.7567 360 90 402 130
car 0.5206 343 89 379 132
car 0.3699 381 87 439 134
car 0.3482 328 80 389 142
car 0.2576 352 80 411 137
car 0.2326 1 66 65 179
car 0.2002 303 66 367 155
car 0.1939 -21 53 87 188
car 0.0714 394 75 460 138
car 0.0693 137 77 222 126
car 0.0677 391 96 406 125
car 0.0527 408 96 430 125
car 0.0419 418 86 450 129
car 0.0307 441 62 509 247
car 0.0299 428 97 446 125
car 0.0217 398 98 418 115
car 0.0210 232 68 295 125
car 0.0151 332 86 368 136
car 0.0142 359 95 379 130
car 0.0127 277 60 397 163
car 0.0119 1 -2 503 265
car 0.0089 249 86 278 104
car 0.0070 421 97 438 124
car 0.0070 440 106 449 120
car 0.0069 266 88 282 104
car 0.0066 370 98 391 114
car 0.0062 -31 44 164 197
car 0.0056 166 38 307 163
car 0.0052 412 95 426 116
car 0.0047 315 97 330 134
car 0.0044 246 85 264 105
car 0.0039 309 91 335 153
car 0.0034 3 75 77 133
car 0.0034 -1 101 9 145
car 0.0027 351 97 369 115
car 0.0027 320 74 362 140
car 0.0024 475 7 504 269
car 0.0024 249 88 276 116
car 0.0024 460 102 471 112
car 0.0024 0 89 22 150
car 0.0022 -6 112 68 170
car 0.0021 171 42 245 150
car 0.0020 200 51 389 181
car 0.0017 453 102 477 120
car 0.0016 496 74 499 153
car 0.0016 340 94 360 130
car 0.0015 472 57 503 169
car 0.0015 204 53 284 154
car 0.0014 486 53 502 173
car 0.0013 495 79 499 129
car 0.0013 158 91 182 110
car 0.0012 394 99 406 115
car 0.0011 267 91 281 111
car 0.0010 250 78 540 147
motorbike 0.0040 -4 88 16 154
motorbike 0.0036 -1 101 9 145
motorbike 0.0019 428 97 446 125
bus 0.0419 137 77 222 126
bus 0.0181 394 75 460 138
bus 0.0116 302 57 367 159
bus 0.0072 310 72 354 143
bus 0.0049 418 86 450 129
bus 0.0037 -21 53 87 188
bus 0.0037 1 66 65 179
bus 0.0032 232 68 295 125
bus 0.0014 440 23 511 257
bus 0.0013 428 92 444 121
train 0.0016 10 60 441 297
boat 0.0011 232 68 295 125
bird 0.0058 191 11 196 17
bird 0.0011 192 8 197 14
horse 0.9984 36 50 441 340
horse 0.1474 180 50 235 141
horse 0.0735 152 36 290 162
horse 0.0112 -8 -33 191 281
horse 0.0038 215 48 267 152
horse 0.0035 130 24 390 230
horse 0.0034 -31 44 164 197
horse 0.0021 -4 88 16 154
horse 0.0018 1 66 65 179
chair 0.0060 -1 101 9 145
chair 0.0030 -4 88 16 154
chair 0.0012 0 116 7 144
chair 0.0010 441 62 509 247
