car 0.0012 0 144 3 201
chair 0.0873 -24 209 79 276
chair 0.0549 83 274 209 421
chair 0.0083 -10 176 69 409
chair 0.0037 111 287 178 407
chair 0.0037 -20 140 151 483
chair 0.0034 -3 201 20 423
chair 0.0032 -10 199 62 305
chair 0.0031 -1 231 8 422
chair 0.0018 87 215 265 456
chair 0.0013 32 143 96 204
chair 0.0011 -46 193 143 309
pottedplant 0.0015 28 119 100 209
diningtable 0.1165 88 234 499 447
diningtable 0.0011 -24 178 82 303
tvmonitor 0.9752 144 190 273 361
tvmonitor 0.2037 135 130 288 441
tvmonitor 0.0059 83 274 209 421
