person 0.7099 57 205 72 240
person 0.3331 65 216 80 243
person 0.3082 133 198 151 224
person 0.2746 203 193 222 224
person 0.2249 219 172 247 234
person 0.1939 51 202 78 246
person 0.1421 115 199 130 224
person 0.1371 257 175 295 223
person 0.1244 73 219 82 241
person 0.0932 242 165 304 236
person 0.0791 205 160 283 245
person 0.0407 226 187 238 218
person 0.0388 197 186 229 233
person 0.0346 151 199 167 225
person 0.0343 263 183 287 217
person 0.0319 229 98 248 125
person 0.0152 224 83 261 131
person 0.0147 129 189 165 230
person 0.0127 40 212 49 235
person 0.0094 151 119 168 146
person 0.0094 179 191 192 230
person 0.0087 87 195 97 211
person 0.0084 47 208 59 237
person 0.0078 159 195 173 227
person 0.0077 117 128 136 154
person 0.0077 118 183 180 236
person 0.0071 157 117 173 145
person 0.0067 225 171 263 233
person 0.0065 262 100 284 127
person 0.0060 296 74 365 150
person 0.0059 205 96 223 128
person 0.0059 -1 67 367 291
person 0.0056 217 74 274 140
person 0.0049 85 217 96 241
person 0.0048 145 175 175 232
person 0.0047 185 176 250 243
person 0.0045 228 196 236 223
person 0.0044 205 178 222 204
person 0.0043 244 101 265 124
person 0.0039 253 102 275 125
person 0.0038 171 147 310 256
person 0.0036 274 101 292 128
person 0.0035 0 202 3 237
person 0.0035 287 168 357 237
person 0.0033 177 110 196 137
person 0.0033 246 201 262 218
person 0.0033 244 187 264 217
person 0.0030 113 188 129 217
person 0.0028 198 87 229 136
person 0.0028 255 170 331 247
person 0.0028 109 188 146 230
person 0.0027 131 130 147 151
person 0.0027 150 186 167 219
person 0.0025 135 208 148 224
person 0.0024 252 189 276 216
person 0.0021 235 181 273 236
person 0.0021 172 194 184 229
person 0.0018 133 192 147 216
person 0.0017 58 206 68 221
person 0.0017 306 177 339 227
person 0.0017 322 186 341 219
person 0.0016 314 186 333 218
person 0.0015 96 200 104 219
person 0.0014 225 181 241 207
person 0.0014 29 195 97 252
person 0.0013 174 184 200 234
person 0.0013 139 191 156 218
person 0.0012 241 185 252 219
person 0.0012 328 206 349 230
person 0.0012 256 92 290 131
person 0.0012 119 190 138 214
person 0.0011 331 201 346 220
person 0.0010 301 188 320 217
bicycle 0.1290 65 216 80 243
bicycle 0.0740 56 208 72 245
bicycle 0.0071 73 219 82 241
bicycle 0.0051 53 205 84 249
bicycle 0.0025 38 217 48 236
bicycle 0.0015 31 205 97 250
bicycle 0.0010 49 216 60 238
car 0.0041 87 195 97 211
car 0.0026 65 216 80 243
motorbike 0.0321 65 216 80 243
motorbike 0.0055 56 208 72 245
motorbike 0.0032 53 205 84 249
motorbike 0.0010 73 219 82 241
bus 0.9996 -7 63 452 297
dog 0.0011 65 216 80 243
horse 0.0012 65 216 80 243
