person 0.0014 447 135 511 299
cat 0.9959 190 24 471 313
cat 0.9487 -2 31 252 241
cat 0.2764 447 135 511 299
cat 0.0269 -22 75 303 194
cat 0.0183 315 62 483 290
cat 0.0165 114 101 559 230
cat 0.0080 182 89 337 179
cat 0.0057 115 67 280 188
cat 0.0050 302 113 516 244
cat 0.0036 470 39 504 323
cat 0.0029 207 100 303 167
cat 0.0010 69 -2 340 262
dog 0.2462 -52 70 273 201
dog 0.0996 -11 21 235 251
dog 0.0205 447 135 511 299
chair 0.0017 65 16 477 272
chair 0.0010 -52 70 273 201
sofa 0.9993 28 20 482 293
sofa 0.0061 -103 76 601 241
sofa 0.0018 447 135 511 299
sofa 0.0013 -75 58 286 255
sofa 0.0010 -38 73 221 358
