person 0.0029 183 -6 217 40
person 0.0025 189 -2 210 35
person 0.0010 155 16 317 275
bird 0.0021 381 177 414 203
cat 0.4121 206 183 354 427
cat 0.0061 121 17 312 277
cat 0.0026 207 91 300 195
cat 0.0020 42 225 178 357
cat 0.0010 381 177 414 203
dog 0.9748 133 76 312 243
dog 0.9723 206 84 356 523
dog 0.0397 194 73 320 206
dog 0.0195 208 189 325 423
dog 0.0153 85 25 273 272
dog 0.0151 163 80 276 350
dog 0.0097 47 104 359 286
dog 0.0094 108 -45 315 421
dog 0.0068 231 82 292 198
dog 0.0067 216 61 312 297
dog 0.0036 42 225 178 357
dog 0.0019 141 219 433 380
bottle 0.0040 43 35 63 121
bottle 0.0033 373 67 402 143
bottle 0.0031 466 99 477 133
bottle 0.0026 381 177 414 203
bottle 0.0026 44 33 84 121
bottle 0.0021 74 42 115 117
bottle 0.0012 30 36 57 120
chair 0.9987 270 55 375 306
chair 0.9639 379 10 519 414
chair 0.9517 362 108 531 314
chair 0.5424 467 84 507 150
chair 0.5415 -66 139 317 323
chair 0.2460 465 65 508 216
chair 0.1860 0 43 250 470
chair 0.1373 47 104 359 286
chair 0.1340 212 94 315 303
chair 0.1260 436 21 509 406
chair 0.0879 386 46 511 264
chair 0.0326 473 35 504 358
chair 0.0306 339 70 441 285
chair 0.0243 46 87 288 229
chair 0.0197 62 139 162 211
chair 0.0194 388 60 441 257
chair 0.0183 240 -24 403 394
chair 0.0182 85 25 273 272
chair 0.0167 163 80 276 350
chair 0.0167 155 16 317 275
chair 0.0161 -5 117 30 313
chair 0.0124 11 60 127 376
chair 0.0100 493 99 500 149
chair 0.0077 294 75 575 168
chair 0.0057 56 105 155 364
chair 0.0057 245 87 298 191
chair 0.0055 463 100 477 132
chair 0.0055 468 117 506 170
chair 0.0048 486 73 501 194
chair 0.0044 440 75 518 158
chair 0.0042 469 130 506 154
chair 0.0034 121 79 328 171
chair 0.0031 289 104 580 209
chair 0.0030 108 -45 315 421
chair 0.0029 471 124 501 146
chair 0.0028 373 76 420 245
chair 0.0026 -2 121 8 283
chair 0.0026 490 122 501 320
chair 0.0026 474 108 495 141
chair 0.0025 114 58 245 367
chair 0.0023 -7 97 61 335
chair 0.0023 157 98 222 151
chair 0.0018 194 73 320 206
chair 0.0018 453 108 515 163
chair 0.0016 365 47 504 161
chair 0.0015 372 51 456 337
chair 0.0015 472 93 501 120
chair 0.0014 487 106 501 259
chair 0.0013 346 64 399 294
chair 0.0013 -7 200 30 280
chair 0.0013 495 78 499 134
chair 0.0013 467 107 480 139
chair 0.0010 -12 140 105 362
chair 0.0010 361 74 513 133
chair 0.0010 -3 113 170 240
chair 0.0010 -2 175 14 266
sofa 0.0727 47 104 359 286
sofa 0.0577 121 17 312 277
sofa 0.0117 121 79 328 171
sofa 0.0045 162 -21 321 410
sofa 0.0040 46 87 288 229
sofa 0.0034 -66 139 317 323
sofa 0.0019 74 -21 276 404
sofa 0.0016 -5 117 30 313
sofa 0.0013 465 67 508 178
sofa 0.0013 194 73 320 206
sofa 0.0012 267 49 375 280
sofa 0.0011 362 108 531 314
sofa 0.0010 367 -71 515 462
pottedplant 0.0460 -12 -48 76 175
pottedplant 0.0458 55 -28 149 145
pottedplant 0.0164 -3 28 27 253
pottedplant 0.0131 343 -21 447 176
pottedplant 0.0105 -9 -46 57 325
pottedplant 0.0099 -2 80 9 225
pottedplant 0.0095 -7 9 52 189
pottedplant 0.0079 357 50 408 154
pottedplant 0.0073 0 131 5 175
pottedplant 0.0068 34 0 91 133
pottedplant 0.0053 20 -98 154 228
pottedplant 0.0050 -14 33 63 137
pottedplant 0.0037 -2 -68 33 383
pottedplant 0.0024 0 114 3 176
pottedplant 0.0023 265 12 485 222
pottedplant 0.0018 314 -114 468 264
pottedplant 0.0018 -29 10 126 144
pottedplant 0.0016 30 36 57 120
pottedplant 0.0015 -5 117 30 313
pottedplant 0.0010 -14 116 48 192
diningtable 0.2925 -63 177 304 329
diningtable 0.2724 367 -71 515 462
diningtable 0.1126 465 58 506 256
diningtable 0.1105 0 43 250 470
diningtable 0.0442 339 70 441 285
diningtable 0.0384 469 130 506 154
diningtable 0.0307 436 29 511 366
diningtable 0.0276 360 103 535 301
diningtable 0.0265 428 112 524 160
diningtable 0.0247 375 122 558 163
diningtable 0.0179 317 95 582 216
diningtable 0.0147 -13 255 443 438
diningtable 0.0136 468 117 506 170
diningtable 0.0132 209 109 312 314
diningtable 0.0130 180 6 311 422
diningtable 0.0126 386 46 511 264
diningtable 0.0115 4 119 345 310
diningtable 0.0073 341 110 436 156
diningtable 0.0068 471 124 501 146
diningtable 0.0058 420 123 529 182
diningtable 0.0055 381 133 412 154
diningtable 0.0052 312 120 582 148
diningtable 0.0051 298 131 596 157
diningtable 0.0045 294 75 575 168
diningtable 0.0042 314 -15 496 319
diningtable 0.0038 387 90 548 192
diningtable 0.0038 479 30 503 399
diningtable 0.0037 469 88 507 155
diningtable 0.0036 328 136 584 169
diningtable 0.0035 373 76 420 245
diningtable 0.0030 379 106 532 146
diningtable 0.0027 493 113 499 153
diningtable 0.0027 487 69 501 238
diningtable 0.0023 290 86 468 195
diningtable 0.0021 464 7 505 457
diningtable 0.0018 491 125 499 161
diningtable 0.0015 470 134 506 211
diningtable 0.0013 349 57 398 262
diningtable 0.0012 379 120 415 169
diningtable 0.0011 380 129 412 143
diningtable 0.0010 495 122 499 184
diningtable 0.0010 470 138 504 165
