person 0.9964 175 -11 299 321
person 0.6389 140 58 348 272
person 0.1673 157 43 219 222
person 0.0333 146 64 224 159
person 0.0060 31 78 109 128
person 0.0043 76 74 146 129
person 0.0038 142 48 255 196
person 0.0037 107 73 173 131
person 0.0026 474 58 505 256
person 0.0017 -38 42 131 192
person 0.0016 132 71 200 132
person 0.0016 135 85 159 118
person 0.0014 120 80 158 123
person 0.0012 138 79 177 122
person 0.0011 38 60 96 179
person 0.0011 486 93 503 209
person 0.0010 97 -49 321 304
bicycle 0.9965 132 0 360 422
bicycle 0.9099 95 128 400 275
car 0.1084 16 -39 250 286
car 0.0292 365 -60 521 253
car 0.0251 -15 -34 146 294
car 0.0230 363 8 544 159
car 0.0191 -29 36 92 160
car 0.0098 -24 58 70 130
car 0.0061 -10 52 61 183
car 0.0029 97 -49 321 304
car 0.0028 -13 41 102 238
car 0.0022 -71 67 406 183
car 0.0020 -13 73 45 132
car 0.0016 472 43 505 235
car 0.0014 365 60 544 210
car 0.0010 -15 64 51 108
bus 0.5637 -22 -40 362 288
bus 0.0344 -71 67 406 183
bus 0.0240 363 8 544 159
bus 0.0102 365 -60 521 253
bus 0.0084 -15 -34 146 294
bus 0.0075 155 -68 324 322
bus 0.0064 140 58 348 272
bus 0.0030 242 33 561 205
bus 0.0022 -30 40 93 194
bus 0.0018 221 -79 516 264
bus 0.0017 62 21 501 228
train 0.0203 -22 -40 362 288
train 0.0031 362 -78 526 315
train 0.0030 -71 67 406 183
train 0.0030 242 33 561 205
train 0.0017 140 58 348 272
boat 0.0086 -22 -40 362 288
chair 0.0040 473 91 505 263
