person 0.0282 370 -54 543 140
person 0.0031 419 -34 513 133
person 0.0017 20 0 324 364
bicycle 0.0041 -19 -19 313 269
bicycle 0.0016 -15 -133 143 266
cat 0.9970 -104 19 434 226
cat 0.6442 14 8 322 299
bottle 0.9447 396 17 474 242
bottle 0.1062 324 -24 374 86
bottle 0.0160 308 3 418 252
bottle 0.0118 470 0 505 143
bottle 0.0086 472 152 505 325
bottle 0.0045 277 -42 403 102
bottle 0.0044 483 17 504 112
bottle 0.0042 306 6 343 66
bottle 0.0041 295 -16 328 64
bottle 0.0040 342 -13 379 68
bottle 0.0028 -16 -46 121 178
bottle 0.0020 287 27 362 181
bottle 0.0015 -10 -40 58 135
bottle 0.0014 436 14 509 271
bottle 0.0012 296 -107 442 353
bottle 0.0012 444 22 510 153
chair 0.0148 -21 159 138 508
chair 0.0139 -15 -133 143 266
chair 0.0063 -41 33 158 356
chair 0.0041 2 0 291 312
chair 0.0012 376 -96 516 180
sofa 0.0025 376 -96 516 180
pottedplant 0.0074 -15 -133 143 266
diningtable 0.0031 72 93 486 388
diningtable 0.0015 271 -66 468 153
tvmonitor 0.0033 -18 -110 150 221
