person 0.8463 222 6 378 183
person 0.7129 90 22 229 152
person 0.1539 112 41 201 133
person 0.1506 251 34 319 152
person 0.0853 310 32 365 160
person 0.0684 174 47 213 124
person 0.0337 342 42 376 135
person 0.0199 314 42 346 107
person 0.0152 154 33 214 133
person 0.0095 83 14 466 362
person 0.0093 494 155 500 188
person 0.0051 296 13 405 178
person 0.0038 313 71 354 139
person 0.0037 347 61 367 91
person 0.0036 195 -20 382 299
person 0.0026 140 57 180 113
person 0.0024 319 54 338 98
person 0.0021 492 126 499 161
person 0.0017 495 159 500 203
person 0.0016 484 123 504 201
person 0.0015 466 128 507 196
person 0.0014 62 -58 218 265
person 0.0014 240 20 329 214
person 0.0013 118 57 161 117
person 0.0011 335 46 369 108
person 0.0011 12 154 47 214
person 0.0011 496 103 500 166
person 0.0011 175 89 203 115
person 0.0010 184 66 204 103
person 0.0010 141 21 298 150
person 0.0010 185 58 208 79
car 0.9903 442 99 514 288
car 0.0731 33 -8 413 329
car 0.0029 464 96 508 226
car 0.0019 466 128 507 196
car 0.0010 484 123 504 201
bus 0.0012 445 77 509 291
