person 0.2566 -35 190 412 373
person 0.1487 74 141 358 448
person 0.1335 113 163 405 344
person 0.0725 132 96 298 298
person 0.0352 96 -5 226 499
person 0.0319 -62 249 448 485
person 0.0308 158 45 363 399
person 0.0119 15 168 293 344
person 0.0086 41 228 75 284
person 0.0071 79 170 128 313
person 0.0068 33 205 85 339
person 0.0054 -32 203 254 439
person 0.0042 19 40 202 531
person 0.0027 47 274 66 308
person 0.0025 231 166 353 353
person 0.0019 41 265 75 315
person 0.0018 56 235 72 277
person 0.0013 47 233 68 277
cat 0.0236 177 120 341 440
dog 0.7816 177 120 341 440
dog 0.0231 105 212 417 438
dog 0.0043 191 185 322 376
dog 0.0024 231 166 353 353
dog 0.0010 113 163 405 344
bottle 0.2308 95 139 224 368
bottle 0.0269 96 -5 226 499
chair 0.1248 71 191 354 519
chair 0.0918 -63 303 448 500
chair 0.0272 -7 430 24 522
chair 0.0198 -32 405 81 542
chair 0.0154 6 264 384 623
chair 0.0083 -12 416 54 527
chair 0.0065 -19 211 457 441
chair 0.0033 219 65 373 431
chair 0.0032 319 229 383 558
chair 0.0027 60 368 375 569
chair 0.0021 21 358 69 542
chair 0.0014 190 199 412 460
chair 0.0011 -15 261 144 625
chair 0.0011 31 365 131 534
chair 0.0010 194 125 392 317
sofa 0.9261 16 195 362 521
sofa 0.1825 -63 303 448 500
sofa 0.1437 -83 217 474 437
sofa 0.0203 190 199 412 460
sofa 0.0163 -7 430 24 522
sofa 0.0147 -32 405 81 542
sofa 0.0126 309 93 384 580
sofa 0.0117 31 167 418 335
sofa 0.0109 87 8 262 486
sofa 0.0092 219 65 373 431
sofa 0.0046 -12 416 54 527
sofa 0.0026 231 166 353 353
sofa 0.0021 138 42 325 384
sofa 0.0019 194 125 392 317
