person 0.9993 154 133 193 335
person 0.9991 113 159 151 320
person 0.9925 73 151 108 300
person 0.9878 220 154 258 299
person 0.9874 378 153 439 325
person 0.9815 468 155 504 287
person 0.9808 358 149 389 273
person 0.9728 437 149 472 280
person 0.9002 406 131 444 272
person 0.8408 375 156 407 277
person 0.2498 54 176 66 227
person 0.1104 485 154 502 286
person 0.0920 0 91 505 375
person 0.0868 63 178 76 229
person 0.0855 440 162 461 260
person 0.0748 216 156 234 190
person 0.0591 51 173 74 230
person 0.0573 394 186 408 216
person 0.0466 210 147 240 198
person 0.0454 191 150 206 191
person 0.0425 408 149 434 251
person 0.0341 198 160 215 198
person 0.0316 345 145 473 330
person 0.0279 78 173 104 267
person 0.0225 21 27 272 353
person 0.0189 207 156 224 191
person 0.0180 191 151 221 206
person 0.0180 187 144 211 202
person 0.0169 -65 172 572 303
person 0.0163 395 197 405 220
person 0.0150 397 188 413 213
person 0.0147 384 176 412 246
person 0.0147 471 175 505 245
person 0.0142 425 149 442 252
person 0.0139 496 195 500 245
person 0.0113 199 152 232 204
person 0.0111 493 184 499 236
person 0.0101 389 188 426 249
person 0.0096 491 188 499 212
person 0.0088 401 202 413 217
person 0.0082 233 170 256 270
person 0.0076 226 156 242 186
person 0.0069 412 169 428 212
person 0.0064 308 183 331 197
person 0.0060 383 207 411 291
person 0.0059 219 181 240 276
person 0.0057 238 156 253 181
person 0.0051 382 184 398 215
person 0.0051 404 190 433 248
person 0.0049 377 175 404 228
person 0.0042 42 137 463 284
person 0.0041 496 209 501 269
person 0.0040 494 176 499 210
person 0.0040 82 164 94 191
person 0.0038 51 180 60 220
person 0.0037 78 196 90 224
person 0.0036 0 186 4 216
person 0.0035 240 189 272 264
person 0.0034 411 197 426 222
person 0.0033 244 157 258 179
person 0.0032 73 172 95 284
person 0.0031 155 178 177 297
person 0.0030 187 139 247 208
person 0.0029 -33 130 359 252
person 0.0024 491 184 501 309
person 0.0024 394 184 405 203
person 0.0022 154 193 166 249
person 0.0022 413 183 440 257
person 0.0022 216 102 514 318
person 0.0021 124 137 205 331
person 0.0021 473 194 483 227
person 0.0018 452 174 476 246
person 0.0017 114 169 126 197
person 0.0017 391 176 422 228
person 0.0016 375 191 385 229
person 0.0015 431 174 439 210
person 0.0015 375 173 442 249
person 0.0014 323 187 337 195
person 0.0013 411 204 427 237
person 0.0013 414 169 425 197
person 0.0013 413 190 425 211
person 0.0012 469 209 480 229
person 0.0012 298 146 455 276
person 0.0012 86 188 96 215
person 0.0011 125 184 151 271
person 0.0010 82 190 99 231
person 0.0010 375 187 381 200
person 0.0010 58 182 66 204
car 0.9211 283 162 375 236
car 0.0494 240 186 273 253
car 0.0153 308 183 331 197
car 0.0063 244 147 394 247
car 0.0034 157 154 320 280
car 0.0030 22 16 306 364
car 0.0027 0 186 4 216
car 0.0017 219 148 258 298
car 0.0012 -33 130 359 252
car 0.0011 342 194 354 223
car 0.0011 246 198 264 222
aeroplane 0.0026 22 16 306 364
aeroplane 0.0025 -33 130 359 252
aeroplane 0.0017 409 71 423 81
bus 0.9910 13 -10 310 375
bus 0.7427 -32 120 358 243
bus 0.0021 33 114 213 281
bus 0.0018 227 133 341 256
bus 0.0016 283 162 376 225
boat 0.0015 390 99 441 255
boat 0.0013 -32 120 358 243
bird 0.0102 409 71 423 81
bottle 0.0029 393 213 404 226
chair 0.0248 423 202 451 257
chair 0.0088 429 211 446 246
chair 0.0057 379 176 439 314
chair 0.0052 413 196 443 260
chair 0.0038 432 207 444 233
chair 0.0029 418 215 437 241
chair 0.0021 496 209 501 269
chair 0.0021 421 205 434 235
chair 0.0019 411 204 427 237
chair 0.0015 392 199 465 259
chair 0.0014 471 175 506 277
chair 0.0011 395 219 405 238
