person 0.1533 133 140 152 162
person 0.0793 140 218 156 237
person 0.0513 256 66 271 84
person 0.0451 268 136 282 154
person 0.0126 105 84 122 104
person 0.0124 107 146 112 156
person 0.0105 399 49 410 67
person 0.0097 123 135 160 172
person 0.0069 125 154 130 163
person 0.0060 107 223 115 233
person 0.0057 221 68 229 78
person 0.0054 97 146 106 157
person 0.0042 108 128 173 180
person 0.0027 365 55 374 61
person 0.0019 53 124 171 187
person 0.0018 48 202 205 262
person 0.0017 136 223 148 238
person 0.0017 250 78 258 88
person 0.0016 234 140 240 147
person 0.0014 252 70 263 83
person 0.0014 394 54 406 70
person 0.0012 129 151 152 165
person 0.0011 359 54 367 62
car 0.0161 291 36 455 93
car 0.0024 53 124 171 187
car 0.0013 172 117 330 181
car 0.0011 50 202 192 266
aeroplane 0.9977 8 51 169 151
aeroplane 0.9975 157 26 320 138
aeroplane 0.9950 298 22 461 109
aeroplane 0.9882 167 110 326 190
aeroplane 0.9711 46 191 203 276
aeroplane 0.9707 41 116 194 198
aeroplane 0.0248 14 68 152 125
aeroplane 0.0034 59 207 168 257
aeroplane 0.0015 52 128 154 181
aeroplane 0.0013 108 128 173 180
boat 0.0632 53 124 171 187
boat 0.0323 48 203 204 265
boat 0.0157 301 34 455 94
boat 0.0140 172 117 330 181
bird 0.0103 50 202 192 266
bird 0.0019 54 125 170 190
