person 0.1137 157 54 238 155
person 0.0832 247 82 338 160
person 0.0310 186 89 229 141
person 0.0210 212 76 296 154
person 0.0165 200 68 354 168
person 0.0106 180 77 249 153
person 0.0059 290 79 332 151
person 0.0052 173 68 217 140
person 0.0045 3 71 453 244
person 0.0042 255 108 333 150
person 0.0030 236 11 568 308
person 0.0019 302 93 339 155
person 0.0018 262 96 303 144
person 0.0017 284 76 356 171
person 0.0012 316 119 333 146
person 0.0011 292 91 319 114
person 0.0011 99 16 472 304
person 0.0011 195 99 217 129
car 0.9864 -5 74 479 248
car 0.0826 236 11 568 308
car 0.0143 79 -19 423 293
dog 0.0494 174 73 238 155
dog 0.0154 186 89 229 141
dog 0.0012 232 75 316 156
dog 0.0010 195 99 217 129
cow 0.0010 -29 42 508 245
