person 0.1886 206 175 221 202
person 0.1212 238 177 249 199
person 0.0605 247 179 260 197
person 0.0523 232 177 242 199
person 0.0502 -1 143 8 319
person 0.0389 221 179 234 198
person 0.0182 65 179 75 206
person 0.0178 134 190 144 214
person 0.0054 166 183 172 194
person 0.0052 0 184 6 219
person 0.0047 -4 144 22 325
person 0.0046 45 190 57 206
person 0.0041 0 176 5 245
person 0.0035 0 180 3 279
person 0.0033 55 182 72 205
person 0.0032 202 180 215 198
person 0.0028 0 193 4 250
person 0.0027 47 202 61 218
person 0.0019 37 191 51 205
person 0.0013 196 174 204 194
person 0.0011 136 183 144 205
person 0.0010 258 182 267 199
bicycle 0.0059 134 190 144 214
bicycle 0.0016 95 206 128 253
car 0.9900 287 161 489 260
car 0.9779 -24 143 106 303
car 0.9655 418 147 527 274
car 0.0951 9 167 81 277
car 0.0771 132 134 322 272
car 0.0413 0 181 7 203
car 0.0281 -1 143 8 319
car 0.0280 285 198 298 220
car 0.0259 440 154 507 254
car 0.0171 468 165 508 259
car 0.0163 0 184 6 219
car 0.0109 44 187 57 204
car 0.0101 483 165 502 261
car 0.0098 37 188 51 202
car 0.0081 0 170 7 198
car 0.0081 -4 144 22 325
car 0.0066 -7 163 60 295
car 0.0066 134 190 144 214
car 0.0062 55 182 72 205
car 0.0052 0 193 4 250
car 0.0050 0 183 26 201
car 0.0047 328 174 468 227
car 0.0041 17 184 34 198
car 0.0035 166 183 172 194
car 0.0032 0 180 3 279
car 0.0030 32 169 112 214
car 0.0029 454 164 513 221
car 0.0028 22 186 41 200
car 0.0025 -17 172 63 213
car 0.0023 0 176 5 245
car 0.0022 -2 152 11 253
car 0.0021 491 180 499 222
car 0.0018 71 182 90 201
car 0.0016 124 192 140 212
car 0.0015 65 179 75 206
car 0.0015 497 172 499 269
car 0.0014 202 180 215 198
car 0.0013 23 192 42 207
car 0.0012 0 163 7 180
car 0.0012 318 177 384 246
car 0.0012 385 170 452 231
car 0.0011 424 164 444 186
motorbike 0.0015 134 190 144 214
bus 0.0057 132 134 322 272
