person 0.0131 278 293 369 350
person 0.0016 199 270 521 361
person 0.0010 -76 157 271 327
bottle 0.8751 -22 10 156 270
bottle 0.1477 11 -79 135 356
bottle 0.1303 -8 -64 61 380
bottle 0.0015 -1 -121 15 437
bottle 0.0015 -76 157 271 327
bottle 0.0014 27 110 136 320
bottle 0.0010 -2 -67 26 265
chair 0.0012 -15 -183 144 366
pottedplant 0.0035 -31 6 165 196
pottedplant 0.0011 -15 -183 144 366
pottedplant 0.0011 7 -76 129 248
diningtable 0.0010 41 55 466 335
tvmonitor 0.0994 46 5 462 333
tvmonitor 0.0220 117 107 534 441
tvmonitor 0.0022 54 208 594 324
