person 0.9973 -50 214 251 488
cat 0.0227 165 205 307 363
cat 0.0142 195 227 240 338
cat 0.0021 230 235 286 347
cat 0.0014 201 269 279 335
dog 0.0040 164 228 305 354
dog 0.0020 195 227 240 338
bottle 0.0256 203 330 248 453
bottle 0.0060 252 247 287 316
bottle 0.0040 244 228 291 363
bottle 0.0036 133 249 188 304
bottle 0.0034 200 234 236 317
bottle 0.0028 254 262 317 384
bottle 0.0012 211 246 229 280
chair 0.0724 -53 307 234 500
chair 0.0439 110 277 290 387
chair 0.0058 161 301 298 407
chair 0.0049 83 278 251 609
chair 0.0041 -5 265 85 556
chair 0.0024 155 407 313 537
chair 0.0023 -102 463 302 514
chair 0.0023 58 388 219 523
chair 0.0022 -25 368 203 567
chair 0.0022 219 414 366 535
chair 0.0015 -8 487 294 504
chair 0.0012 -17 191 188 634
sofa 0.0465 110 277 290 387
sofa 0.0039 -53 307 234 500
sofa 0.0030 119 202 290 452
pottedplant 0.0048 165 205 307 363
pottedplant 0.0013 204 223 257 343
diningtable 0.8031 50 329 380 490
diningtable 0.5602 98 199 336 618
diningtable 0.0033 99 309 248 432
diningtable 0.0031 119 202 290 452
diningtable 0.0027 83 278 251 609
diningtable 0.0020 160 314 299 385
diningtable 0.0013 -42 304 293 495
tvmonitor 0.0018 106 280 314 388
