person 0.5891 8 31 440 356
person 0.0152 167 -14 487 385
person 0.0011 236 13 570 206
cat 0.0075 29 -9 469 328
cat 0.0074 -38 209 451 334
cat 0.0073 76 117 362 466
dog 0.6390 67 13 492 366
dog 0.1320 -70 193 415 339
dog 0.0493 327 44 496 323
dog 0.0207 236 13 570 206
dog 0.0148 11 72 338 467
dog 0.0140 121 42 614 252
dog 0.0042 -28 125 524 315
dog 0.0037 272 -118 531 259
dog 0.0010 382 -58 517 222
sheep 0.0028 76 117 362 466
bottle 0.0105 400 70 459 175
bottle 0.0010 327 44 496 323
chair 0.0244 228 -96 511 173
chair 0.0110 70 -14 492 332
chair 0.0039 129 6 604 144
chair 0.0012 463 -43 505 124
sofa 0.0936 70 -14 492 332
sofa 0.0024 21 210 470 370
sofa 0.0022 121 42 614 252
sofa 0.0012 7 57 350 387
