chair 0.5556 218 15 571 363
chair 0.3348 -80 -1 295 141
chair 0.1886 -33 -130 248 257
chair 0.0264 212 -35 259 121
chair 0.0107 -23 -10 205 370
chair 0.0102 -75 51 274 238
chair 0.0069 -68 113 252 332
chair 0.0017 173 -33 264 130
chair 0.0014 -3 -2 22 320
chair 0.0013 -19 52 155 536
chair 0.0012 217 22 252 93
chair 0.0010 64 30 426 366
sofa 0.0027 256 -8 497 391
sofa 0.0014 -80 -1 295 141
pottedplant 0.0127 19 67 422 381
diningtable 0.1901 19 67 422 381
diningtable 0.0114 218 15 571 363
diningtable 0.0047 -71 98 260 282
diningtable 0.0024 -33 -130 248 257
diningtable 0.0021 -74 1 289 219
diningtable 0.0013 -70 165 250 364
diningtable 0.0012 -23 -10 205 370
