person 0.0044 362 -143 518 357
person 0.0040 166 87 469 383
person 0.0036 392 -52 518 255
person 0.0033 361 68 469 181
person 0.0012 325 7 547 205
person 0.0012 44 136 587 362
cat 0.9616 51 124 581 357
cat 0.5349 166 87 469 383
dog 0.0401 71 133 525 363
horse 0.0027 71 133 525 363
cow 0.0010 123 124 471 376
bottle 0.0027 361 68 469 181
bottle 0.0019 475 33 503 246
bottle 0.0013 387 81 447 168
bottle 0.0010 350 -40 438 164
chair 0.0625 21 4 324 384
chair 0.0500 -103 9 424 145
chair 0.0475 112 80 472 383
chair 0.0294 -51 -113 374 243
chair 0.0049 356 -118 515 272
chair 0.0026 -83 68 423 316
chair 0.0024 350 -40 438 164
chair 0.0018 226 -120 422 255
chair 0.0013 246 9 566 203
sofa 0.0434 112 80 472 383
sofa 0.0248 -103 9 424 145
sofa 0.0173 21 4 324 384
sofa 0.0102 -51 -113 374 243
pottedplant 0.0012 38 60 460 391
diningtable 0.0204 112 80 472 383
