person 0.9987 164 80 555 307
person 0.9961 106 85 316 294
person 0.9928 8 -18 272 400
person 0.9361 149 -3 282 364
person 0.0108 230 39 495 405
person 0.0083 91 73 168 324
person 0.0067 -73 80 348 363
person 0.0037 -46 31 183 346
person 0.0030 240 204 264 274
person 0.0025 113 168 611 354
person 0.0015 421 44 469 195
person 0.0014 245 212 260 249
person 0.0011 130 78 195 232
person 0.0010 329 172 540 363
bottle 0.0186 230 144 263 204
bottle 0.0015 234 153 251 176
bottle 0.0014 236 153 254 191
chair 0.6834 184 62 384 460
chair 0.0919 117 192 474 351
chair 0.0354 188 128 326 384
chair 0.0149 146 112 524 325
chair 0.0141 190 136 263 373
chair 0.0091 370 102 541 282
chair 0.0018 130 49 288 461
chair 0.0015 101 88 318 337
chair 0.0013 345 208 412 337
sofa 0.0138 351 44 521 543
sofa 0.0093 329 172 540 363
sofa 0.0019 370 102 541 282
sofa 0.0010 159 95 562 334
pottedplant 0.3107 130 78 195 232
pottedplant 0.0753 96 -31 243 320
pottedplant 0.0391 102 50 226 257
pottedplant 0.0325 91 73 168 324
pottedplant 0.0172 -7 -7 287 330
pottedplant 0.0060 123 -74 296 396
pottedplant 0.0042 -2 25 11 185
pottedplant 0.0016 -3 -20 17 222
pottedplant 0.0012 101 88 318 337
diningtable 0.0128 370 102 541 282
diningtable 0.0119 375 142 517 441
diningtable 0.0064 352 3 519 547
diningtable 0.0042 167 176 439 476
diningtable 0.0037 126 223 498 363
diningtable 0.0022 252 162 289 207
diningtable 0.0019 235 150 296 217
diningtable 0.0019 329 172 540 363
diningtable 0.0012 146 112 524 325
tvmonitor 0.0330 178 170 445 481
tvmonitor 0.0104 113 219 487 361
tvmonitor 0.0016 370 102 541 282
