person 0.5990 169 166 224 262
person 0.5231 329 115 406 188
person 0.2249 297 108 329 179
person 0.2136 272 104 311 181
person 0.1922 257 88 324 198
person 0.1130 73 185 82 201
person 0.0772 199 190 234 251
person 0.0713 148 188 171 213
person 0.0586 186 198 225 255
person 0.0540 144 160 254 274
person 0.0435 142 174 177 224
person 0.0414 352 115 389 170
person 0.0387 204 163 223 203
person 0.0351 289 96 352 191
person 0.0316 312 110 345 179
person 0.0294 158 189 175 214
person 0.0258 285 116 301 151
person 0.0253 265 106 299 164
person 0.0229 150 182 169 199
person 0.0183 178 185 250 269
person 0.0182 304 117 323 150
person 0.0172 333 108 369 179
person 0.0160 197 159 231 218
person 0.0156 178 182 215 223
person 0.0154 217 183 227 213
person 0.0148 185 188 206 213
person 0.0146 204 196 228 224
person 0.0128 68 73 512 257
person 0.0127 206 202 227 236
person 0.0126 302 133 318 171
person 0.0116 368 137 387 165
person 0.0114 361 140 380 161
person 0.0110 144 197 172 217
person 0.0108 274 116 292 151
person 0.0107 136 188 163 212
person 0.0100 403 117 419 154
person 0.0097 319 120 339 148
person 0.0090 69 188 80 206
person 0.0086 311 119 332 149
person 0.0072 233 -57 434 392
person 0.0067 129 179 169 238
person 0.0066 289 130 298 152
person 0.0065 422 177 434 200
person 0.0064 196 207 216 232
person 0.0056 340 123 380 177
person 0.0053 125 169 187 231
person 0.0051 302 111 338 159
person 0.0046 351 126 371 160
person 0.0041 19 167 29 197
person 0.0038 25 196 42 221
person 0.0035 206 189 229 212
person 0.0034 262 119 291 180
person 0.0033 442 182 465 201
person 0.0033 287 104 315 165
person 0.0032 397 109 422 177
person 0.0032 155 181 174 202
person 0.0032 196 200 218 221
person 0.0029 200 175 217 200
person 0.0029 130 185 227 254
person 0.0029 136 199 163 218
person 0.0029 18 169 44 234
person 0.0028 295 124 309 160
person 0.0028 371 107 403 178
person 0.0028 267 134 283 171
person 0.0027 182 191 197 210
person 0.0026 309 93 433 210
person 0.0026 184 197 208 220
person 0.0025 46 187 60 195
person 0.0024 18 182 29 197
person 0.0024 160 194 197 246
person 0.0023 297 133 312 170
person 0.0022 134 177 144 204
person 0.0021 369 119 386 148
person 0.0021 429 181 448 201
person 0.0021 460 175 507 294
person 0.0018 491 184 499 212
person 0.0018 305 108 376 193
person 0.0018 312 131 332 171
person 0.0016 23 190 41 213
person 0.0016 458 179 476 200
person 0.0016 46 171 57 190
person 0.0015 134 182 165 202
person 0.0014 216 166 228 198
person 0.0014 483 177 503 261
person 0.0014 0 160 3 199
person 0.0013 187 215 209 241
person 0.0012 130 170 168 215
person 0.0012 321 130 338 173
person 0.0012 342 126 360 159
person 0.0012 477 182 495 200
person 0.0012 55 175 90 228
person 0.0012 491 196 500 242
person 0.0011 270 113 283 154
person 0.0011 225 92 371 210
person 0.0011 386 116 413 184
person 0.0011 270 133 292 170
person 0.0011 40 169 49 191
person 0.0011 0 176 4 205
person 0.0010 341 118 361 147
person 0.0010 488 181 499 200
bicycle 0.0101 169 186 243 267
bicycle 0.0012 199 193 235 259
car 0.3435 433 181 463 201
car 0.1501 429 181 448 201
car 0.0706 477 182 495 200
car 0.0580 488 181 499 200
car 0.0282 420 172 439 193
car 0.0262 464 178 487 201
car 0.0261 415 170 479 211
car 0.0156 445 159 505 217
car 0.0132 422 177 434 200
car 0.0126 458 179 476 200
car 0.0093 491 184 499 212
car 0.0085 454 165 493 210
car 0.0056 460 169 487 196
car 0.0041 476 187 496 208
car 0.0030 442 191 468 203
car 0.0021 0 160 3 199
car 0.0019 438 188 457 204
car 0.0018 453 194 481 205
car 0.0016 462 191 487 207
car 0.0012 417 161 452 205
car 0.0012 491 171 498 195
car 0.0011 198 69 500 262
car 0.0010 25 170 38 189
car 0.0010 468 167 504 213
motorbike 0.0014 169 186 243 267
bus 0.9989 191 73 476 260
bus 0.2394 233 -57 434 392
bus 0.0125 401 135 429 227
bus 0.0068 398 79 426 277
bus 0.0048 420 172 439 193
bus 0.0011 455 162 491 205
bus 0.0011 54 49 517 232
train 0.0020 68 73 512 257
boat 0.0013 26 170 113 233
bird 0.0222 188 233 201 247
bird 0.0059 73 185 82 201
bird 0.0059 69 188 80 206
bird 0.0055 184 234 195 246
bird 0.0038 46 187 60 195
bird 0.0037 209 229 223 248
bird 0.0022 193 230 217 246
bird 0.0021 190 239 203 248
bird 0.0017 51 189 70 196
bird 0.0017 211 227 238 248
bird 0.0011 50 193 74 204
dog 0.0066 169 186 243 267
bottle 0.0025 188 233 201 247
bottle 0.0015 69 188 80 206
bottle 0.0010 184 234 195 246
chair 0.0356 169 186 243 267
chair 0.0268 440 180 507 285
chair 0.0268 413 168 526 295
chair 0.0155 180 202 217 253
chair 0.0121 454 191 495 265
chair 0.0113 430 192 468 262
chair 0.0107 199 193 235 259
chair 0.0073 491 196 500 242
chair 0.0065 484 178 503 279
chair 0.0051 467 189 508 267
chair 0.0050 166 182 211 252
chair 0.0036 187 215 209 241
chair 0.0035 206 202 227 236
chair 0.0033 462 206 489 230
chair 0.0027 185 209 209 230
chair 0.0027 144 160 254 274
chair 0.0021 178 213 195 240
chair 0.0017 196 207 216 232
chair 0.0015 411 184 482 272
chair 0.0015 474 205 497 232
chair 0.0014 493 207 500 249
chair 0.0014 148 188 171 213
chair 0.0013 235 215 269 260
chair 0.0010 158 189 175 214
chair 0.0010 184 197 208 220
pottedplant 0.0227 466 216 510 282
pottedplant 0.0032 471 239 502 272
pottedplant 0.0030 482 206 503 288
pottedplant 0.0019 465 189 505 309
pottedplant 0.0018 491 232 500 282
diningtable 0.0113 413 168 526 295
diningtable 0.0055 419 193 513 228
diningtable 0.0051 425 185 508 253
diningtable 0.0035 454 204 495 217
diningtable 0.0017 437 201 517 273
diningtable 0.0014 122 187 211 235
diningtable 0.0013 462 206 489 230
diningtable 0.0013 493 207 500 249
diningtable 0.0010 432 203 464 219
diningtable 0.0010 144 197 172 217
