person 0.9790 191 139 241 299
person 0.8402 174 156 203 243
person 0.4850 188 164 203 198
person 0.2642 150 168 171 198
person 0.1581 183 164 211 239
person 0.1205 182 168 195 193
person 0.0980 179 140 216 266
person 0.0748 189 165 200 186
person 0.0732 207 171 222 193
person 0.0629 182 158 208 207
person 0.0560 166 152 187 246
person 0.0481 198 172 212 195
person 0.0389 191 169 217 251
person 0.0262 143 161 177 203
person 0.0260 306 165 323 203
person 0.0244 100 135 601 339
person 0.0156 181 154 193 175
person 0.0151 191 203 214 261
person 0.0104 300 160 327 209
person 0.0090 221 205 250 255
person 0.0082 171 166 184 196
person 0.0073 127 150 190 213
person 0.0072 258 163 269 185
person 0.0066 173 145 202 200
person 0.0063 190 178 204 203
person 0.0063 157 155 183 228
person 0.0051 210 165 221 185
person 0.0051 136 169 148 199
person 0.0050 139 171 157 197
person 0.0049 396 152 436 285
person 0.0045 198 167 234 219
person 0.0045 162 164 174 187
person 0.0042 161 126 279 307
person 0.0039 254 149 276 234
person 0.0035 189 185 205 220
person 0.0030 217 172 230 194
person 0.0028 125 97 234 298
person 0.0026 190 160 220 208
person 0.0025 202 163 213 186
person 0.0025 180 175 194 208
person 0.0023 211 152 255 283
person 0.0022 208 160 238 243
person 0.0021 174 179 184 205
person 0.0019 189 158 244 228
person 0.0018 198 182 213 220
person 0.0017 151 182 164 195
person 0.0015 240 170 248 197
person 0.0013 264 176 285 244
person 0.0013 226 214 245 250
person 0.0013 204 176 225 205
person 0.0012 334 158 384 281
person 0.0012 240 165 247 181
person 0.0012 163 187 175 199
person 0.0010 136 181 145 199
person 0.0010 155 30 489 356
bus 0.0010 154 108 494 394
train 0.9977 48 138 615 335
train 0.9599 148 89 494 381
train 0.0413 -67 90 249 298
train 0.0334 108 108 223 243
train 0.0252 121 126 196 219
train 0.0032 138 140 177 208
train 0.0024 -16 -12 194 402
