bicycle 0.0011 436 61 509 156
bird 0.0031 436 61 509 156
cat 0.0015 436 61 509 156
bottle 0.0018 484 173 503 272
bottle 0.0011 436 105 459 131
chair 0.9553 205 53 266 177
chair 0.5687 244 -53 467 443
chair 0.4039 210 118 506 267
chair 0.3505 186 38 292 192
chair 0.0122 213 62 244 164
chair 0.0043 -10 167 58 303
chair 0.0043 0 -20 264 387
chair 0.0032 11 71 192 353
chair 0.0032 488 111 501 272
chair 0.0026 -87 99 307 259
chair 0.0021 214 13 350 297
chair 0.0015 123 54 281 354
chair 0.0015 225 66 259 164
chair 0.0014 479 100 504 204
chair 0.0014 -10 30 57 363
chair 0.0012 252 0 407 307
chair 0.0010 -5 95 28 337
chair 0.0010 473 98 506 298
chair 0.0010 401 114 528 279
sofa 0.9853 -59 100 331 255
sofa 0.7747 210 118 506 267
sofa 0.7392 244 -53 467 443
sofa 0.3900 0 -20 264 387
sofa 0.0053 11 71 192 353
sofa 0.0024 123 54 281 354
sofa 0.0020 390 71 528 248
pottedplant 0.9561 208 69 356 222
pottedplant 0.2483 436 61 509 156
pottedplant 0.1368 414 94 517 301
pottedplant 0.0983 468 73 504 237
pottedplant 0.0712 243 89 319 219
pottedplant 0.0343 425 28 511 249
pottedplant 0.0242 451 84 494 141
pottedplant 0.0219 436 105 459 131
pottedplant 0.0111 478 98 506 192
pottedplant 0.0097 436 132 505 267
pottedplant 0.0062 245 116 280 192
pottedplant 0.0057 370 -37 522 412
pottedplant 0.0056 418 119 480 241
pottedplant 0.0051 465 -8 506 173
pottedplant 0.0039 329 91 560 296
pottedplant 0.0030 460 13 508 342
pottedplant 0.0026 484 173 503 272
pottedplant 0.0023 430 96 465 134
pottedplant 0.0020 227 108 302 198
pottedplant 0.0016 248 130 319 196
pottedplant 0.0014 472 136 506 295
pottedplant 0.0014 180 2 345 294
pottedplant 0.0013 451 90 518 197
pottedplant 0.0012 469 69 504 144
pottedplant 0.0012 488 122 501 282
diningtable 0.4038 129 40 275 382
diningtable 0.0416 228 180 581 362
diningtable 0.0066 376 103 520 408
diningtable 0.0066 -10 167 58 303
diningtable 0.0043 160 145 338 372
diningtable 0.0036 279 85 529 512
diningtable 0.0029 111 117 291 228
diningtable 0.0012 141 147 234 187
