person 0.9996 226 153 492 356
person 0.7799 -14 86 86 304
person 0.6289 111 102 165 190
person 0.1859 94 86 188 205
person 0.0508 267 1 455 458
person 0.0381 -8 101 65 249
person 0.0283 -12 23 114 361
person 0.0255 170 40 206 118
person 0.0176 223 49 252 105
person 0.0114 152 28 204 137
person 0.0086 233 56 250 94
person 0.0071 252 54 271 77
person 0.0058 264 74 283 111
person 0.0037 256 62 272 89
person 0.0033 231 56 246 83
person 0.0031 192 70 261 315
person 0.0027 246 46 279 106
person 0.0022 96 99 184 303
person 0.0020 150 41 190 114
person 0.0014 257 63 287 114
person 0.0014 235 58 272 118
person 0.0012 243 70 261 103
person 0.0011 125 9 241 157
bicycle 0.0011 -17 143 101 352
bottle 0.0094 171 150 182 178
bottle 0.0016 153 156 164 171
bottle 0.0010 158 154 177 172
chair 0.9970 236 96 394 529
chair 0.9910 5 49 179 545
chair 0.9894 -13 134 82 347
chair 0.9858 251 193 385 427
chair 0.9715 95 124 188 334
chair 0.7861 -30 205 212 384
chair 0.6147 35 156 173 435
chair 0.0700 -14 19 114 432
chair 0.0482 211 150 472 368
chair 0.0167 230 108 304 292
chair 0.0076 258 134 325 176
chair 0.0071 -24 200 130 342
chair 0.0065 140 135 183 336
chair 0.0053 268 124 329 232
chair 0.0048 272 143 311 165
chair 0.0040 -31 81 100 263
chair 0.0033 31 65 248 381
chair 0.0032 237 110 365 245
chair 0.0025 264 179 301 407
chair 0.0022 326 229 357 289
chair 0.0022 205 29 361 351
chair 0.0022 164 143 225 286
chair 0.0021 140 225 172 294
chair 0.0019 235 141 278 159
chair 0.0017 -5 100 24 377
chair 0.0016 -4 95 14 175
chair 0.0016 292 197 423 342
chair 0.0016 255 190 331 271
chair 0.0014 18 144 113 327
chair 0.0014 190 81 284 308
chair 0.0014 223 133 305 169
chair 0.0013 140 129 194 184
chair 0.0013 296 144 329 160
chair 0.0012 266 220 294 297
chair 0.0012 22 189 48 215
chair 0.0012 93 89 171 200
chair 0.0012 317 182 344 257
chair 0.0011 114 183 180 324
chair 0.0011 96 197 161 315
chair 0.0011 79 131 120 303
chair 0.0011 -1 154 6 383
chair 0.0011 10 173 75 230
chair 0.0011 11 152 82 279
chair 0.0011 315 154 357 276
chair 0.0010 121 149 154 174
sofa 0.0158 230 108 304 292
sofa 0.0068 -15 90 85 345
sofa 0.0044 237 110 365 245
sofa 0.0032 4 67 179 489
sofa 0.0030 252 174 383 423
sofa 0.0021 -30 205 212 384
sofa 0.0015 256 124 326 198
sofa 0.0014 210 96 342 302
sofa 0.0010 166 31 349 360
diningtable 0.0031 78 121 200 275
diningtable 0.0029 -20 121 104 352
diningtable 0.0017 0 64 336 374
diningtable 0.0015 343 115 473 426
diningtable 0.0015 80 150 197 195
tvmonitor 0.9272 413 117 475 283
tvmonitor 0.7032 307 69 440 257
tvmonitor 0.6870 356 97 419 246
tvmonitor 0.5589 5 99 94 193
tvmonitor 0.0756 93 89 171 200
tvmonitor 0.0746 140 129 194 184
tvmonitor 0.0516 -17 84 112 229
tvmonitor 0.0187 148 142 186 169
tvmonitor 0.0128 328 103 357 205
tvmonitor 0.0114 381 100 493 301
tvmonitor 0.0093 101 113 134 174
tvmonitor 0.0080 328 100 378 224
tvmonitor 0.0074 397 283 466 403
tvmonitor 0.0028 374 268 485 419
tvmonitor 0.0020 112 108 162 181
tvmonitor 0.0016 160 86 218 200
tvmonitor 0.0015 -3 92 11 194
tvmonitor 0.0012 331 14 466 365
tvmonitor 0.0011 107 123 128 162
tvmonitor 0.0010 135 105 199 166
