Kongrou 0.0010 57 46 204 163
Rouzaofun 0.0010 48 45 195 163
Rice_with_Shredded_Chicken 0.0017 48 45 195 163
migao 0.0010 53 46 190 161
wagui 0.9899 198 99 272 170
wagui 0.9688 52 41 191 156
wagui 0.9531 0 41 68 146
wagui 0.8626 10 1 130 36
wagui 0.4124 126 3 227 80
wagui 0.0071 212 111 266 158
wagui 0.0068 43 152 110 182
wagui 0.0038 31 160 245 275
wagui 0.0035 0 -1 16 51
wagui 0.0034 -1 -15 139 26
wagui 0.0028 10 -24 128 67
wagui 0.0019 0 60 5 148
wagui 0.0012 0 -5 7 55
wagui 0.0011 128 164 262 195
wagui 0.0010 100 -10 249 98
wagui 0.0010 269 117 274 176
