person 0.0162 386 188 414 250
person 0.0065 391 216 410 240
person 0.0048 396 215 419 240
person 0.0045 264 256 279 276
person 0.0037 470 222 486 242
person 0.0033 146 207 289 386
person 0.0029 491 217 501 246
person 0.0027 380 217 396 242
person 0.0026 420 222 436 240
person 0.0019 200 157 342 318
person 0.0019 254 248 274 274
person 0.0018 265 242 278 281
person 0.0017 111 212 132 236
person 0.0016 193 230 254 358
person 0.0015 461 223 508 242
person 0.0015 284 226 303 252
person 0.0014 493 224 500 251
person 0.0014 372 185 446 257
person 0.0013 49 224 62 238
person 0.0011 246 235 283 280
person 0.0011 363 221 376 241
car 0.0032 456 210 514 254
car 0.0024 299 220 325 238
car 0.0021 461 223 508 242
car 0.0020 491 217 501 246
car 0.0015 112 220 131 234
car 0.0011 1 216 29 230
car 0.0010 149 213 169 235
boat 0.0021 456 210 514 254
boat 0.0012 461 223 508 242
dog 0.0024 225 228 240 248
horse 0.9914 197 151 325 320
horse 0.8884 224 174 296 300
horse 0.0071 225 228 240 248
horse 0.0033 112 220 131 234
horse 0.0025 275 179 430 295
horse 0.0012 205 184 283 256
horse 0.0012 49 224 62 238
horse 0.0010 269 198 297 263
sheep 0.0014 49 224 62 238
cow 0.0194 49 224 62 238
cow 0.0023 200 157 342 318
cow 0.0023 224 174 296 300
cow 0.0018 112 220 131 234
cow 0.0013 225 228 240 248
bottle 0.0012 277 313 289 336
chair 0.0064 171 184 380 410
chair 0.0026 253 219 335 301
chair 0.0016 429 230 520 333
chair 0.0014 491 217 501 246
chair 0.0011 456 210 514 254
diningtable 0.0028 461 223 508 242
diningtable 0.0024 456 210 514 254
