bicycle 0.0011 -95 134 390 335
car 0.0020 -112 158 438 366
train 0.0018 -95 134 390 335
bottle 0.3605 228 134 250 195
bottle 0.1963 19 177 52 247
bottle 0.0127 233 144 250 185
bottle 0.0034 293 164 317 197
bottle 0.0024 4 138 52 263
bottle 0.0023 271 154 288 191
bottle 0.0015 295 164 312 185
bottle 0.0014 28 212 64 253
bottle 0.0013 41 184 78 239
bottle 0.0013 229 144 248 164
bottle 0.0012 266 154 333 205
chair 0.9918 316 169 544 371
chair 0.3566 345 3 517 541
chair 0.0190 383 100 517 444
chair 0.0070 184 107 371 212
chair 0.0065 359 98 468 331
chair 0.0023 102 95 291 274
chair 0.0022 -4 175 22 449
chair 0.0021 -112 158 438 366
chair 0.0019 -18 210 102 414
sofa 0.1250 -112 158 438 366
sofa 0.0404 -4 105 340 411
sofa 0.0039 294 159 545 368
sofa 0.0020 345 3 517 541
sofa 0.0014 145 61 356 457
pottedplant 0.0359 321 92 366 264
pottedplant 0.0115 317 89 396 301
pottedplant 0.0033 228 134 253 195
pottedplant 0.0015 324 152 414 227
pottedplant 0.0010 4 138 52 263
diningtable 0.0117 -112 158 438 366
diningtable 0.0095 -4 105 340 411
diningtable 0.0018 344 48 521 542
tvmonitor 0.1437 105 97 273 272
tvmonitor 0.0054 51 137 169 253
tvmonitor 0.0021 184 107 371 212
tvmonitor 0.0018 -6 138 36 266
tvmonitor 0.0014 -14 20 133 358
