person 0.0014 -13 170 81 370
person 0.0012 15 68 341 369
bicycle 0.0019 46 57 369 387
cat 0.9984 84 129 412 351
cat 0.0098 -108 67 436 235
cat 0.0045 44 221 452 370
cat 0.0025 -106 165 472 361
cat 0.0010 -17 -54 353 360
chair 0.3982 46 57 369 387
chair 0.2807 -108 67 436 235
chair 0.1773 110 146 435 360
chair 0.0396 -50 232 458 371
chair 0.0031 -13 156 81 361
chair 0.0028 -12 0 74 434
chair 0.0021 267 188 374 429
chair 0.0018 132 109 361 497
chair 0.0010 178 -20 474 398
sofa 0.2396 13 33 334 353
sofa 0.0759 -108 67 436 235
sofa 0.0123 -85 233 449 372
sofa 0.0031 19 112 332 511
diningtable 0.0011 46 57 369 387
diningtable 0.0010 -85 233 449 372
