person 0.9993 33 17 548 244
person 0.0541 150 -4 478 321
car 0.0089 150 -4 478 321
car 0.0057 348 35 522 373
car 0.0015 42 13 581 250
train 0.0011 120 2 458 318
cat 0.0013 42 13 581 250
bottle 0.0066 376 158 417 221
bottle 0.0020 364 148 428 231
bottle 0.0013 397 217 433 273
bottle 0.0013 210 116 430 394
bottle 0.0012 77 -9 442 274
chair 0.0055 348 35 522 373
chair 0.0045 -15 72 258 274
chair 0.0013 37 -96 209 423
sofa 0.0023 348 35 522 373
sofa 0.0012 120 2 458 318
pottedplant 0.0118 317 96 475 247
pottedplant 0.0016 377 124 461 181
pottedplant 0.0012 42 13 581 250
diningtable 0.0519 103 135 490 414
diningtable 0.0170 -53 208 629 331
diningtable 0.0019 293 143 530 388
tvmonitor 0.0161 120 2 458 318
tvmonitor 0.0089 -15 72 258 274
tvmonitor 0.0050 19 -97 197 431
tvmonitor 0.0032 348 35 522 373
