person 0.9945 79 211 407 367
person 0.9938 127 101 608 365
person 0.8677 231 61 495 393
person 0.7660 135 42 354 538
person 0.6065 12 15 269 389
person 0.5714 -89 58 353 346
person 0.0275 52 10 452 376
person 0.0011 420 -45 513 170
cat 0.0013 399 -59 534 140
cat 0.0010 138 55 352 500
dog 0.0012 399 -59 534 140
chair 0.7788 301 -137 516 283
chair 0.6054 10 26 266 394
chair 0.4568 258 2 567 153
chair 0.2358 241 41 576 334
chair 0.2148 -89 58 353 346
chair 0.1455 43 67 461 386
chair 0.0665 120 -54 290 333
chair 0.0159 420 -45 513 170
chair 0.0086 132 132 599 369
chair 0.0077 20 185 424 362
chair 0.0070 133 23 271 256
chair 0.0068 471 -3 504 198
chair 0.0047 -8 -27 61 461
chair 0.0021 -61 59 265 234
chair 0.0020 -2 -9 15 443
chair 0.0018 443 11 505 182
chair 0.0017 490 -3 502 175
chair 0.0016 434 -152 508 469
chair 0.0016 395 2 538 190
chair 0.0016 479 -55 502 293
chair 0.0013 1 98 568 276
sofa 0.2016 9 44 418 392
sofa 0.0359 230 11 504 376
sofa 0.0173 -106 63 374 224
sofa 0.0102 120 -54 290 333
sofa 0.0078 -80 69 296 353
sofa 0.0074 121 71 620 319
sofa 0.0018 20 185 424 362
sofa 0.0014 301 -137 516 283
sofa 0.0013 258 2 567 153
sofa 0.0011 336 80 545 366
diningtable 0.0118 258 2 567 153
diningtable 0.0114 301 -137 516 283
diningtable 0.0017 471 -3 504 198
diningtable 0.0011 434 -157 507 510
diningtable 0.0010 421 -23 513 222
