person 0.9958 91 133 311 472
person 0.0817 357 256 381 444
person 0.0223 342 -15 385 50
person 0.0088 322 133 384 420
person 0.0067 35 14 48 51
person 0.0062 353 325 382 418
person 0.0053 193 189 424 383
person 0.0044 -2 27 5 57
person 0.0040 333 -27 393 69
person 0.0025 240 112 407 520
person 0.0017 302 -35 473 84
person 0.0016 351 154 377 445
person 0.0014 30 11 58 57
person 0.0014 12 31 28 57
person 0.0014 11 13 28 53
boat 0.0039 102 12 131 29
boat 0.0018 30 11 58 57
boat 0.0018 99 -5 133 38
boat 0.0014 35 14 48 51
boat 0.0012 342 -15 385 50
dog 0.0011 356 234 381 444
chair 0.9909 226 88 395 539
chair 0.1828 241 193 387 437
chair 0.0239 357 256 381 444
chair 0.0075 326 176 391 274
chair 0.0048 175 233 435 403
chair 0.0046 322 133 384 420
chair 0.0032 353 325 382 418
chair 0.0029 342 -15 385 50
chair 0.0016 351 154 377 445
chair 0.0013 30 11 58 57
chair 0.0011 233 158 270 286
chair 0.0011 232 210 328 423
chair 0.0010 203 139 417 374
sofa 0.0013 356 234 381 444
diningtable 0.0874 327 172 386 276
diningtable 0.0033 319 137 384 387
diningtable 0.0029 240 112 407 520
diningtable 0.0018 339 192 384 258
diningtable 0.0018 320 181 394 236
