person 0.9111 162 81 365 538
person 0.2294 -41 154 467 363
person 0.1212 76 238 488 370
person 0.0093 282 206 555 369
person 0.0056 35 107 308 508
person 0.0041 102 64 448 239
person 0.0022 63 20 374 364
person 0.0017 157 72 479 388
person 0.0015 309 49 527 532
person 0.0011 -34 223 317 367
car 0.0035 73 82 441 376
motorbike 0.0014 73 82 441 376
boat 0.0189 73 82 441 376
cat 0.0610 264 109 566 358
cat 0.0220 -41 154 467 363
cat 0.0079 34 126 225 414
cat 0.0072 312 46 526 505
cat 0.0054 304 201 545 374
cat 0.0047 102 64 448 239
cat 0.0014 -34 223 317 367
dog 0.9888 109 64 397 229
dog 0.9177 148 -100 356 393
dog 0.7890 73 82 441 376
dog 0.6514 281 186 556 355
dog 0.0829 321 21 531 529
dog 0.0052 -38 235 456 367
dog 0.0038 99 156 630 362
dog 0.0025 34 126 225 414
horse 0.0174 72 117 444 388
horse 0.0038 282 206 555 369
sheep 0.0030 -41 154 467 363
cow 0.2095 90 81 473 383
cow 0.0198 264 109 566 358
cow 0.0029 304 201 545 374
sofa 0.0068 80 126 485 382
sofa 0.0037 264 109 566 358
sofa 0.0016 304 201 545 374
sofa 0.0011 63 20 374 364
diningtable 0.0020 90 81 473 383
