bird 0.0015 390 93 412 123
cat 0.0080 101 145 198 240
cat 0.0010 78 122 111 162
dog 0.0052 101 145 198 240
dog 0.0021 380 87 523 425
horse 0.0010 146 46 228 111
bottle 0.0067 101 104 126 170
bottle 0.0046 447 116 464 141
bottle 0.0039 71 171 90 201
bottle 0.0038 447 62 486 118
bottle 0.0030 441 135 456 157
bottle 0.0030 435 133 445 157
bottle 0.0018 89 125 109 161
bottle 0.0018 103 117 118 158
bottle 0.0017 143 140 602 343
bottle 0.0014 442 117 454 141
bottle 0.0012 438 52 496 128
bottle 0.0010 461 117 472 141
chair 0.9885 92 159 306 363
chair 0.9787 -18 -24 139 568
chair 0.9754 -41 182 160 362
chair 0.9736 358 141 424 252
chair 0.9502 338 123 440 270
chair 0.9417 121 -38 275 570
chair 0.4378 142 171 600 367
chair 0.4168 -11 115 134 434
chair 0.2576 57 130 187 383
chair 0.2279 245 122 381 308
chair 0.1661 233 56 394 379
chair 0.0658 -47 146 118 199
chair 0.0601 79 132 180 218
chair 0.0579 24 149 225 292
chair 0.0364 246 108 309 219
chair 0.0224 41 123 123 221
chair 0.0165 131 146 193 290
chair 0.0140 -3 81 16 431
chair 0.0126 95 124 191 306
chair 0.0125 261 172 345 213
chair 0.0120 130 128 240 393
chair 0.0107 106 154 173 218
chair 0.0083 259 139 303 204
chair 0.0067 51 216 165 282
chair 0.0064 241 128 278 303
chair 0.0064 -31 128 102 229
chair 0.0059 42 117 102 171
chair 0.0053 -1 131 5 389
chair 0.0052 19 34 200 498
chair 0.0049 101 145 198 240
chair 0.0037 70 152 143 289
chair 0.0034 236 98 320 300
chair 0.0033 58 194 164 224
chair 0.0032 392 161 420 243
chair 0.0028 221 85 367 244
chair 0.0026 70 140 113 206
chair 0.0026 58 212 126 421
chair 0.0025 77 171 98 196
chair 0.0025 141 206 175 273
chair 0.0024 335 162 549 365
chair 0.0024 353 152 386 213
chair 0.0022 202 201 452 459
chair 0.0020 -12 109 77 364
chair 0.0018 275 187 367 216
chair 0.0017 46 183 171 322
chair 0.0017 166 113 470 270
chair 0.0017 71 171 90 201
chair 0.0015 19 116 202 235
chair 0.0015 302 181 327 190
chair 0.0014 125 170 156 193
chair 0.0014 221 114 271 314
chair 0.0014 292 183 329 199
chair 0.0014 244 189 264 276
chair 0.0013 70 127 88 161
chair 0.0012 160 102 274 406
chair 0.0010 292 129 345 233
chair 0.0010 59 182 144 208
sofa 0.8949 142 171 600 367
sofa 0.1616 233 56 394 379
sofa 0.0645 245 122 381 308
sofa 0.0070 -47 146 118 199
sofa 0.0067 335 162 549 365
sofa 0.0037 28 110 141 218
sofa 0.0026 202 201 452 459
sofa 0.0021 380 87 523 425
sofa 0.0020 268 174 375 213
sofa 0.0020 339 149 438 253
sofa 0.0019 -23 104 130 442
sofa 0.0014 79 132 180 218
sofa 0.0012 246 108 309 219
sofa 0.0010 247 46 494 477
sofa 0.0010 121 -38 275 570
pottedplant 0.5606 302 148 337 194
pottedplant 0.0446 309 156 330 187
pottedplant 0.0221 294 137 347 205
pottedplant 0.0021 81 89 119 129
pottedplant 0.0020 307 152 325 180
pottedplant 0.0018 236 118 393 251
pottedplant 0.0018 101 145 198 240
pottedplant 0.0016 390 93 412 123
pottedplant 0.0014 361 161 381 189
pottedplant 0.0012 78 122 111 162
pottedplant 0.0012 436 155 452 172
pottedplant 0.0011 74 80 129 137
pottedplant 0.0011 434 156 446 171
pottedplant 0.0010 353 146 386 204
diningtable 0.7784 40 13 211 527
diningtable 0.7264 -12 180 263 367
diningtable 0.1721 58 139 185 410
diningtable 0.0826 24 149 225 292
diningtable 0.0084 -47 146 118 199
diningtable 0.0038 -23 104 130 442
diningtable 0.0027 111 0 265 543
diningtable 0.0026 275 187 367 216
diningtable 0.0022 338 123 440 270
diningtable 0.0021 -66 157 156 273
diningtable 0.0016 233 56 394 379
diningtable 0.0016 343 144 437 222
diningtable 0.0012 58 194 164 224
diningtable 0.0011 232 119 397 273
tvmonitor 0.0164 79 132 180 218
tvmonitor 0.0061 55 127 123 217
tvmonitor 0.0018 70 140 113 206
tvmonitor 0.0016 19 116 202 235
