person 0.9442 13 114 485 362
person 0.0044 332 150 522 484
person 0.0030 433 149 510 394
person 0.0010 112 4 326 375
train 0.0014 48 6 392 384
boat 0.0014 48 6 392 384
chair 0.0605 77 10 409 379
chair 0.0256 433 149 510 394
chair 0.0241 332 150 522 484
chair 0.0193 109 124 291 502
chair 0.0170 -40 20 144 351
chair 0.0140 -6 -74 28 465
chair 0.0132 -3 -88 13 483
chair 0.0072 -10 -58 71 449
chair 0.0027 317 210 394 422
chair 0.0023 20 80 481 298
chair 0.0021 223 0 496 373
chair 0.0015 310 239 356 419
chair 0.0011 157 24 583 282
sofa 0.0056 332 150 522 484
sofa 0.0043 433 149 510 394
sofa 0.0035 45 121 382 386
sofa 0.0014 87 0 480 383
diningtable 0.0054 337 177 518 475
diningtable 0.0053 432 144 510 374
diningtable 0.0012 -3 -88 13 483
tvmonitor 0.0201 77 10 409 379
