person 0.0060 198 278 215 291
person 0.0032 198 97 214 112
person 0.0031 190 279 205 290
person 0.0031 209 280 219 290
person 0.0029 179 83 197 101
person 0.0018 191 97 206 108
person 0.0014 160 95 175 111
person 0.0012 351 280 368 294
person 0.0010 22 296 41 316
car 0.0031 -23 261 70 328
car 0.0019 123 269 268 319
car 0.0015 485 298 501 311
car 0.0014 221 267 359 322
aeroplane 0.9119 119 88 215 161
aeroplane 0.8248 116 62 223 124
aeroplane 0.6619 153 77 239 148
aeroplane 0.3806 -26 258 78 315
aeroplane 0.1521 119 247 279 335
aeroplane 0.0962 206 253 362 335
aeroplane 0.0824 -10 255 184 329
aeroplane 0.0678 138 261 256 316
aeroplane 0.0532 274 247 431 337
aeroplane 0.0499 186 86 224 138
aeroplane 0.0451 -7 261 30 314
aeroplane 0.0406 103 72 194 137
aeroplane 0.0384 229 264 338 313
aeroplane 0.0292 -14 265 48 323
aeroplane 0.0212 9 259 115 298
aeroplane 0.0174 -13 228 507 352
aeroplane 0.0144 -31 241 89 340
aeroplane 0.0134 -21 259 350 321
aeroplane 0.0123 89 50 215 150
aeroplane 0.0108 -1 265 13 290
aeroplane 0.0097 198 97 214 112
aeroplane 0.0091 187 83 203 104
aeroplane 0.0073 -1 274 14 296
aeroplane 0.0072 8 267 155 306
aeroplane 0.0063 -4 274 28 298
aeroplane 0.0056 176 78 195 96
aeroplane 0.0042 194 101 217 124
aeroplane 0.0041 137 58 252 169
aeroplane 0.0040 195 269 220 289
aeroplane 0.0038 28 267 58 284
aeroplane 0.0037 179 83 197 101
aeroplane 0.0037 158 101 199 148
aeroplane 0.0034 334 255 541 333
aeroplane 0.0033 -4 248 19 307
aeroplane 0.0030 -46 229 147 325
aeroplane 0.0030 191 97 206 108
aeroplane 0.0028 -8 213 40 337
aeroplane 0.0027 166 258 244 301
aeroplane 0.0027 0 266 22 291
aeroplane 0.0026 54 268 91 282
aeroplane 0.0023 6 276 118 313
aeroplane 0.0018 347 183 530 387
aeroplane 0.0016 46 271 80 284
aeroplane 0.0014 50 268 245 288
aeroplane 0.0013 150 87 167 100
aeroplane 0.0013 168 113 190 134
aeroplane 0.0012 189 103 209 124
aeroplane 0.0011 1 284 9 306
aeroplane 0.0011 162 123 177 139
bus 0.0047 123 269 268 319
bus 0.0010 221 267 359 322
boat 0.7537 221 270 346 320
boat 0.5956 123 269 268 319
boat 0.5374 288 269 412 321
boat 0.5168 334 255 541 333
boat 0.2471 274 247 431 337
boat 0.1889 -10 255 184 329
boat 0.1801 -26 258 78 315
boat 0.1603 206 253 362 335
boat 0.1156 26 268 156 304
boat 0.0787 360 267 515 310
boat 0.0713 -9 276 191 312
boat 0.0539 66 255 302 327
boat 0.0494 330 284 546 320
boat 0.0387 -14 265 48 323
boat 0.0308 25 258 118 297
boat 0.0301 -7 261 30 314
boat 0.0229 54 268 91 282
boat 0.0226 485 298 501 311
boat 0.0199 485 286 501 308
boat 0.0098 212 290 238 306
boat 0.0063 28 267 58 284
boat 0.0060 369 296 389 310
boat 0.0060 376 238 537 296
boat 0.0059 -3 281 29 308
boat 0.0055 46 271 80 284
boat 0.0047 -13 228 507 352
boat 0.0047 480 249 504 325
boat 0.0045 371 279 390 296
boat 0.0044 20 259 461 323
boat 0.0044 41 277 81 293
boat 0.0044 70 258 88 281
boat 0.0042 470 270 507 322
boat 0.0040 476 288 499 306
boat 0.0038 389 298 405 313
boat 0.0035 347 183 530 387
boat 0.0034 247 265 376 309
boat 0.0034 -4 274 28 298
boat 0.0033 372 295 404 312
boat 0.0029 317 290 345 306
boat 0.0027 475 296 502 312
boat 0.0026 75 281 260 312
boat 0.0026 -46 229 147 325
boat 0.0025 -1 274 14 296
boat 0.0022 410 278 519 318
boat 0.0022 369 288 389 306
boat 0.0021 -8 213 40 337
boat 0.0021 195 269 220 289
boat 0.0020 -1 265 13 290
boat 0.0020 198 278 215 291
boat 0.0019 492 271 499 305
boat 0.0018 380 289 400 307
boat 0.0017 98 278 123 289
boat 0.0017 -4 248 19 307
boat 0.0016 386 289 409 303
boat 0.0016 355 292 480 316
boat 0.0016 264 279 302 292
boat 0.0015 302 287 418 316
boat 0.0015 343 289 377 304
boat 0.0014 164 288 190 301
boat 0.0014 342 278 361 293
boat 0.0012 1 284 9 306
boat 0.0011 356 268 442 306
boat 0.0011 396 279 418 294
boat 0.0011 65 280 97 294
boat 0.0011 73 279 108 292
boat 0.0011 351 280 368 294
boat 0.0010 -31 241 89 340
boat 0.0010 376 280 398 295
boat 0.0010 389 280 411 295
