person 0.0106 478 -52 502 292
person 0.0062 466 -112 504 351
person 0.0048 442 20 508 296
person 0.0048 149 -18 485 265
person 0.0042 -15 -56 83 217
person 0.0012 5 -15 365 264
person 0.0010 -36 9 158 224
person 0.0010 339 4 537 216
bird 0.0054 461 94 506 260
cat 0.0302 461 94 506 260
cat 0.0025 32 173 469 369
cat 0.0017 442 20 508 296
dog 0.9918 41 -15 448 267
dog 0.0379 461 94 506 260
dog 0.0081 442 20 508 296
dog 0.0056 32 173 469 369
dog 0.0036 121 5 604 221
dog 0.0034 473 -17 503 296
sheep 0.0027 32 173 469 369
sheep 0.0011 465 39 505 279
chair 0.0067 42 9 449 359
sofa 0.0882 42 9 449 359
sofa 0.0073 31 -32 468 195
sofa 0.0050 32 173 469 369
sofa 0.0011 -17 74 105 280
sofa 0.0010 -4 -137 191 286
pottedplant 0.0027 33 197 468 380
diningtable 0.0010 32 173 469 369
