person 0.9994 259 157 565 364
person 0.9925 180 161 386 359
person 0.9896 15 142 257 366
person 0.9654 -38 135 135 369
person 0.8656 -17 29 102 476
person 0.7228 229 67 353 449
person 0.6824 203 -41 365 557
person 0.5667 118 111 309 350
person 0.2377 158 57 276 299
person 0.0559 157 -9 273 476
person 0.0256 -34 85 128 273
person 0.0168 47 -3 221 467
person 0.0042 65 44 199 339
person 0.0012 306 117 441 424
person 0.0010 280 20 453 508
tvmonitor 0.0048 -13 26 141 179
tvmonitor 0.0012 262 146 561 333
