person 0.9996 127 61 230 485
person 0.9982 0 84 192 276
person 0.9936 33 9 174 348
person 0.8419 -6 112 34 258
person 0.8080 146 144 178 196
person 0.7779 93 149 253 394
person 0.1826 150 151 174 186
person 0.0847 186 128 213 207
person 0.0789 3 175 37 235
person 0.0419 141 126 185 232
person 0.0154 134 149 153 184
person 0.0108 -4 133 22 240
person 0.0092 129 140 158 197
person 0.0068 155 151 171 170
person 0.0068 163 148 178 171
person 0.0060 191 141 209 172
person 0.0048 140 103 156 138
person 0.0042 162 175 176 196
person 0.0040 147 120 230 214
person 0.0033 142 152 159 184
person 0.0031 167 144 188 169
person 0.0031 161 133 193 204
person 0.0030 163 162 177 191
person 0.0027 -1 181 15 228
person 0.0024 -12 165 47 243
person 0.0023 9 189 28 221
person 0.0020 5 9 12 20
person 0.0017 144 172 161 197
person 0.0016 138 91 160 168
person 0.0016 115 116 246 242
person 0.0014 146 174 174 196
person 0.0013 139 167 179 222
person 0.0011 -5 168 18 259
person 0.0011 1 140 15 175
person 0.0010 37 145 183 396
person 0.0010 4 143 47 298
person 0.0010 -43 38 238 253
car 0.0022 139 167 179 222
dog 0.0010 37 6 173 391
horse 0.9972 54 20 170 498
horse 0.9814 31 126 182 384
horse 0.0292 -5 140 34 295
horse 0.0094 120 45 226 489
horse 0.0052 84 139 261 392
horse 0.0048 81 73 168 372
horse 0.0045 128 154 162 371
horse 0.0024 130 221 158 327
horse 0.0018 46 45 135 389
chair 0.0024 144 172 161 197
chair 0.0022 234 154 265 204
chair 0.0012 238 164 260 191
chair 0.0010 -5 108 33 292
pottedplant 0.0337 192 222 268 306
pottedplant 0.0140 177 200 299 324
pottedplant 0.0011 206 230 249 298
