bottle 0.2334 155 156 167 195
bottle 0.0770 150 156 159 195
bottle 0.0206 142 159 152 196
bottle 0.0182 157 158 165 184
bottle 0.0117 124 245 172 414
bottle 0.0102 150 159 157 184
bottle 0.0056 149 152 172 203
bottle 0.0047 281 190 293 222
bottle 0.0042 255 180 264 217
bottle 0.0035 263 192 278 222
bottle 0.0035 282 186 292 206
bottle 0.0029 219 193 242 223
bottle 0.0025 269 194 286 220
bottle 0.0024 218 196 227 221
bottle 0.0020 270 187 287 205
bottle 0.0017 154 176 172 197
bottle 0.0012 250 171 269 242
bottle 0.0011 278 173 297 239
bottle 0.0011 266 186 277 209
chair 0.9996 87 227 299 356
chair 0.9986 -51 234 175 336
chair 0.0750 41 191 199 364
chair 0.0252 -27 186 162 384
chair 0.0147 3 189 135 291
chair 0.0083 82 195 166 233
chair 0.0075 40 213 130 240
chair 0.0059 -7 447 23 506
chair 0.0050 156 185 188 201
chair 0.0049 -58 302 205 495
chair 0.0044 97 207 115 226
chair 0.0042 109 203 163 357
chair 0.0041 -1 208 138 247
chair 0.0038 189 201 214 219
chair 0.0037 -78 450 200 520
chair 0.0034 33 228 95 282
chair 0.0032 107 206 138 227
chair 0.0025 -46 420 136 532
chair 0.0024 13 198 104 271
chair 0.0023 80 214 110 225
chair 0.0022 -74 259 191 309
chair 0.0019 51 220 84 233
chair 0.0017 115 389 408 558
chair 0.0015 72 218 114 230
chair 0.0013 -97 467 414 512
chair 0.0010 119 189 149 201
chair 0.0010 44 244 85 260
diningtable 0.9749 -144 309 501 492
diningtable 0.9278 0 286 361 511
diningtable 0.0794 -49 201 330 268
diningtable 0.0433 -69 186 428 534
diningtable 0.0415 52 161 237 247
diningtable 0.0285 -8 192 159 284
diningtable 0.0161 11 135 277 354
diningtable 0.0065 16 213 140 243
diningtable 0.0055 -58 302 205 495
diningtable 0.0041 -29 219 165 452
diningtable 0.0032 27 192 211 329
diningtable 0.0030 91 180 197 211
diningtable 0.0029 -132 275 487 404
diningtable 0.0024 77 183 210 229
diningtable 0.0010 98 183 333 266
tvmonitor 0.0011 196 117 251 203
