person 0.8905 -34 -2 127 386
person 0.6756 277 213 296 255
person 0.5308 312 216 330 248
person 0.4475 -11 -152 77 545
person 0.3513 306 215 321 251
person 0.2136 306 211 336 256
person 0.2066 273 210 305 266
person 0.1492 -19 174 110 408
person 0.1374 296 229 310 250
person 0.0769 282 224 300 253
person 0.0697 102 229 114 238
person 0.0689 96 228 110 239
person 0.0635 -63 14 247 367
person 0.0622 262 221 282 255
person 0.0467 180 213 202 233
person 0.0359 322 226 335 249
person 0.0282 250 206 316 274
person 0.0270 175 223 183 231
person 0.0254 258 217 291 262
person 0.0251 316 216 327 232
person 0.0185 299 213 327 262
person 0.0126 276 213 351 268
person 0.0122 165 226 172 232
person 0.0078 262 227 273 253
person 0.0054 160 195 178 243
person 0.0050 -5 -79 35 548
person 0.0045 129 226 136 231
person 0.0040 -4 195 20 266
person 0.0039 -4 151 27 434
person 0.0036 -2 54 20 376
person 0.0035 132 224 146 231
person 0.0033 179 221 198 231
person 0.0031 129 221 167 232
person 0.0027 89 230 116 241
person 0.0023 -13 215 57 412
person 0.0023 216 189 385 286
person 0.0020 482 219 488 224
person 0.0019 462 216 468 223
person 0.0017 151 226 164 231
person 0.0015 -1 177 12 323
person 0.0014 85 227 101 237
person 0.0013 143 133 500 326
person 0.0012 299 220 312 247
person 0.0011 232 226 241 233
person 0.0011 -1 206 8 237
person 0.0010 307 218 318 230
boat 0.8374 71 151 124 267
boat 0.8031 127 41 428 255
boat 0.6218 180 213 202 233
boat 0.4761 156 195 183 243
boat 0.2923 112 197 189 245
boat 0.2719 273 226 356 275
boat 0.1223 120 100 152 118
boat 0.0710 129 221 167 232
boat 0.0579 302 210 378 236
boat 0.0387 111 216 188 237
boat 0.0303 179 221 198 231
boat 0.0246 123 83 212 115
boat 0.0185 142 195 213 245
boat 0.0179 317 216 367 229
boat 0.0144 48 139 153 281
boat 0.0116 216 189 385 286
boat 0.0114 102 229 114 238
boat 0.0107 175 223 183 231
boat 0.0088 132 224 146 231
boat 0.0073 244 222 323 275
boat 0.0070 170 204 209 238
boat 0.0067 165 226 172 232
boat 0.0065 46 226 135 248
boat 0.0065 168 211 185 234
boat 0.0064 89 230 116 241
boat 0.0063 167 -123 342 409
boat 0.0060 59 233 106 242
boat 0.0050 372 214 389 224
boat 0.0046 119 88 154 125
boat 0.0039 96 228 110 239
boat 0.0038 52 174 240 262
boat 0.0035 292 241 330 260
boat 0.0032 275 204 353 263
boat 0.0031 -33 37 128 387
boat 0.0029 91 90 169 124
boat 0.0028 312 221 332 251
boat 0.0027 305 219 321 254
boat 0.0024 129 226 136 231
boat 0.0020 378 214 398 224
boat 0.0017 299 213 327 262
boat 0.0017 340 215 360 227
boat 0.0016 296 229 310 250
boat 0.0015 151 226 164 231
boat 0.0014 38 86 181 122
boat 0.0013 431 220 442 226
boat 0.0011 386 214 410 224
boat 0.0010 164 89 194 107
boat 0.0010 141 89 176 107
bird 0.0010 426 225 433 230
horse 0.0010 -14 89 116 464
