person 0.9996 20 13 421 263
person 0.8046 251 25 383 363
person 0.2049 227 105 411 272
person 0.0013 453 161 485 261
person 0.0011 412 140 514 316
person 0.0010 434 254 515 290
bottle 0.7389 454 161 480 226
bottle 0.1407 475 174 501 255
bottle 0.1293 36 176 65 222
bottle 0.0756 454 193 490 251
bottle 0.0352 447 147 489 262
bottle 0.0220 15 147 93 220
bottle 0.0186 458 169 476 215
bottle 0.0148 476 196 490 246
bottle 0.0082 491 189 500 236
bottle 0.0051 485 189 501 212
bottle 0.0046 468 141 506 280
bottle 0.0042 479 189 494 214
bottle 0.0028 37 12 396 219
bottle 0.0022 466 202 484 242
bottle 0.0015 52 174 113 230
bottle 0.0015 0 170 7 198
chair 0.1772 345 153 446 313
chair 0.0274 404 146 512 313
chair 0.0168 99 132 404 353
chair 0.0044 408 174 457 312
chair 0.0043 247 12 390 397
chair 0.0023 89 219 174 306
chair 0.0023 -5 216 20 301
chair 0.0019 -14 171 42 216
chair 0.0018 454 264 492 282
chair 0.0016 -6 181 31 206
chair 0.0016 96 176 154 308
chair 0.0016 353 140 398 319
chair 0.0014 434 254 515 290
chair 0.0013 0 170 7 198
chair 0.0013 479 176 505 250
sofa 0.0026 247 12 390 397
pottedplant 0.0012 15 147 93 220
diningtable 0.7579 384 153 533 330
diningtable 0.0100 415 174 486 310
diningtable 0.0021 443 162 500 295
