person 0.9852 73 0 376 331
person 0.0012 262 3 425 201
person 0.0012 362 16 394 179
bicycle 0.0010 27 -6 371 290
car 0.2691 27 -6 371 290
motorbike 0.0031 32 11 370 320
aeroplane 0.0031 27 -6 371 290
bus 0.0022 27 -6 371 290
train 0.0014 127 -15 373 310
boat 0.0034 27 -6 371 290
chair 0.1487 68 60 382 325
chair 0.0358 369 149 393 380
chair 0.0218 -33 83 139 308
chair 0.0080 334 -54 400 225
chair 0.0073 261 1 423 165
chair 0.0066 341 144 397 385
chair 0.0059 22 -6 370 231
chair 0.0048 362 16 394 179
chair 0.0033 381 165 391 281
chair 0.0028 370 109 393 272
chair 0.0027 -14 207 386 317
chair 0.0020 369 -35 394 115
chair 0.0012 379 -24 391 82
chair 0.0011 340 29 397 319
chair 0.0011 384 141 390 350
sofa 0.0256 68 60 382 325
sofa 0.0013 -45 85 178 305
sofa 0.0012 369 149 393 380
diningtable 0.0019 372 119 393 321
tvmonitor 0.0033 27 -6 371 290
