person 0.9990 148 48 408 279
person 0.0088 -13 185 64 353
person 0.0020 -7 274 29 321
person 0.0019 186 -60 373 392
car 0.0024 -10 194 61 318
boat 0.3207 16 175 582 327
boat 0.0705 93 135 536 423
boat 0.0206 117 101 454 311
boat 0.0032 -90 229 523 390
boat 0.0013 112 62 297 427
boat 0.0012 230 134 495 374
bird 0.0012 429 -2 450 21
chair 0.0288 112 62 297 427
chair 0.0088 -13 185 64 353
chair 0.0084 120 182 285 282
chair 0.0082 -13 145 440 428
chair 0.0072 164 91 275 375
chair 0.0044 89 204 281 344
chair 0.0038 306 190 478 318
chair 0.0010 143 192 266 258
pottedplant 0.0042 -13 185 64 353
diningtable 0.0054 -13 185 64 353
