person 0.9977 15 85 310 280
person 0.9853 279 -67 442 493
person 0.9606 -12 23 74 372
person 0.9223 199 94 312 247
person 0.8858 220 112 288 229
person 0.8823 246 128 478 303
person 0.6881 175 55 235 211
person 0.5666 279 74 432 350
person 0.3299 272 120 316 183
person 0.2987 431 2 514 425
person 0.2782 206 112 248 179
person 0.2508 42 103 93 249
person 0.1442 463 -5 504 437
person 0.1350 18 82 65 232
person 0.1141 151 36 277 233
person 0.0835 -27 208 90 334
person 0.0669 37 133 102 213
person 0.0600 423 241 506 423
person 0.0597 87 68 148 205
person 0.0558 9 107 36 181
person 0.0519 402 152 500 331
person 0.0498 56 -18 274 380
person 0.0483 16 102 54 183
person 0.0293 255 133 289 177
person 0.0245 477 44 503 388
person 0.0224 259 109 308 212
person 0.0219 361 48 540 396
person 0.0201 43 123 80 184
person 0.0139 290 128 310 161
person 0.0134 195 132 255 190
person 0.0123 210 148 228 174
person 0.0111 32 78 98 320
person 0.0103 37 99 68 189
person 0.0095 242 135 266 154
person 0.0087 255 136 271 153
person 0.0068 220 126 250 201
person 0.0068 278 143 310 206
person 0.0066 446 146 506 359
person 0.0065 62 50 181 226
person 0.0062 281 123 304 148
person 0.0058 -11 183 74 402
person 0.0056 266 137 278 150
person 0.0050 -6 -39 41 399
person 0.0046 233 120 296 188
person 0.0045 236 129 275 178
person 0.0043 -37 68 138 380
person 0.0043 201 104 250 237
person 0.0041 -7 73 108 241
person 0.0041 219 123 237 147
person 0.0040 488 98 502 228
person 0.0039 177 106 218 182
person 0.0035 26 106 59 164
person 0.0034 24 113 45 151
person 0.0032 261 151 287 172
person 0.0032 237 127 266 216
person 0.0030 215 126 239 159
person 0.0030 228 134 245 174
person 0.0030 276 129 294 158
person 0.0030 275 113 311 161
person 0.0029 5 229 64 365
person 0.0029 53 134 72 171
person 0.0027 279 138 308 170
person 0.0027 225 129 244 157
person 0.0025 -3 15 27 303
person 0.0022 39 112 101 182
person 0.0020 472 204 505 421
person 0.0020 299 121 320 207
person 0.0020 13 116 31 152
person 0.0018 493 16 500 274
person 0.0018 -2 57 17 450
person 0.0016 135 28 362 281
person 0.0015 224 114 363 241
person 0.0015 -8 300 54 398
person 0.0014 253 143 293 202
person 0.0014 484 -76 503 320
person 0.0014 128 45 207 142
person 0.0014 246 135 268 169
person 0.0014 275 137 292 170
person 0.0013 491 146 501 372
person 0.0012 40 110 59 155
person 0.0011 -4 212 24 386
person 0.0011 25 128 74 269
person 0.0011 237 134 256 154
person 0.0010 176 97 258 195
person 0.0010 276 124 292 148
person 0.0010 68 228 494 391
bottle 0.0323 242 163 253 205
bottle 0.0110 -11 316 59 397
bottle 0.0084 246 169 260 212
bottle 0.0083 405 163 419 193
bottle 0.0061 241 162 263 221
bottle 0.0060 281 148 306 217
bottle 0.0039 303 164 316 201
bottle 0.0038 68 253 95 340
bottle 0.0027 231 179 241 202
bottle 0.0026 285 162 299 203
bottle 0.0020 4 327 44 384
bottle 0.0016 266 137 278 150
bottle 0.0015 489 145 503 259
bottle 0.0015 481 -3 503 396
bottle 0.0014 45 252 85 340
bottle 0.0012 299 149 322 213
chair 0.8823 223 179 262 262
chair 0.4681 404 154 497 343
chair 0.3015 388 148 441 276
chair 0.2035 45 120 93 313
chair 0.1848 37 166 67 234
chair 0.1240 409 167 442 255
chair 0.1102 -27 208 90 334
chair 0.0668 228 168 284 294
chair 0.0576 403 160 420 193
chair 0.0336 357 135 467 286
chair 0.0322 201 145 326 313
chair 0.0319 359 169 458 212
chair 0.0193 56 158 92 244
chair 0.0152 52 168 68 211
chair 0.0147 37 133 102 213
chair 0.0143 212 159 501 239
chair 0.0139 58 246 68 279
chair 0.0129 31 137 76 294
chair 0.0128 378 177 416 191
chair 0.0106 378 181 403 200
chair 0.0106 209 198 256 318
chair 0.0090 43 180 61 222
chair 0.0085 260 137 326 210
chair 0.0073 230 6 446 430
chair 0.0065 398 167 426 254
chair 0.0057 376 75 519 431
chair 0.0057 -23 96 357 343
chair 0.0047 240 140 307 206
chair 0.0043 246 168 316 294
chair 0.0036 303 164 316 201
chair 0.0036 -9 54 94 372
chair 0.0033 8 243 79 296
chair 0.0033 236 205 280 316
chair 0.0032 47 160 74 261
chair 0.0029 475 139 504 407
chair 0.0029 375 148 424 316
chair 0.0028 398 156 424 208
chair 0.0027 51 239 74 302
chair 0.0027 232 175 241 196
chair 0.0024 242 163 253 205
chair 0.0023 435 117 510 386
chair 0.0022 24 151 82 236
chair 0.0019 46 155 75 213
chair 0.0017 406 205 457 338
chair 0.0015 423 241 506 423
chair 0.0014 47 199 79 280
chair 0.0013 45 171 64 199
chair 0.0012 414 270 499 313
chair 0.0011 464 292 507 408
chair 0.0011 401 155 432 229
chair 0.0010 411 197 423 243
chair 0.0010 62 161 83 279
chair 0.0010 143 49 371 402
chair 0.0010 218 170 233 195
sofa 0.0045 404 154 497 343
sofa 0.0045 230 6 446 430
sofa 0.0030 36 236 610 376
pottedplant 0.0039 283 64 426 341
pottedplant 0.0021 281 148 306 217
diningtable 0.8938 39 231 466 391
diningtable 0.5894 4 133 490 494
diningtable 0.3455 202 179 347 225
diningtable 0.2539 197 147 350 289
diningtable 0.0563 359 169 458 212
diningtable 0.0515 230 6 446 430
diningtable 0.0411 154 157 369 242
diningtable 0.0312 212 159 501 239
diningtable 0.0142 287 198 523 474
diningtable 0.0105 -104 271 595 378
diningtable 0.0098 253 170 328 229
diningtable 0.0065 226 160 284 280
diningtable 0.0060 381 292 525 409
diningtable 0.0058 246 168 316 294
diningtable 0.0050 -35 255 129 410
diningtable 0.0038 353 133 468 272
diningtable 0.0034 209 169 285 231
diningtable 0.0033 464 292 507 408
diningtable 0.0032 168 139 502 295
diningtable 0.0031 -9 263 55 399
diningtable 0.0031 388 148 441 276
diningtable 0.0029 183 253 279 371
diningtable 0.0028 426 275 487 411
diningtable 0.0027 378 177 416 191
diningtable 0.0022 245 178 477 204
diningtable 0.0021 169 67 402 387
diningtable 0.0020 239 188 254 210
diningtable 0.0018 292 189 309 209
diningtable 0.0017 271 176 297 223
diningtable 0.0016 378 180 416 199
diningtable 0.0015 56 -18 274 380
diningtable 0.0015 -11 198 74 427
diningtable 0.0014 279 273 478 390
diningtable 0.0014 187 94 308 246
diningtable 0.0011 246 177 281 222
diningtable 0.0011 253 190 275 210
diningtable 0.0010 321 256 400 354
diningtable 0.0010 480 289 504 343
