person 0.9996 143 -160 314 335
person 0.5469 103 16 346 181
person 0.4369 -4 -151 32 428
person 0.0989 140 -48 303 214
person 0.0318 -1 -145 17 454
person 0.0258 -5 -51 29 173
person 0.0081 -10 -77 61 425
person 0.0020 12 39 358 319
person 0.0017 -3 -17 16 91
person 0.0016 -7 -38 53 120
person 0.0010 0 -57 3 361
bicycle 0.0030 21 45 381 315
horse 0.9990 19 62 379 337
horse 0.4831 -84 79 489 274
horse 0.0476 -4 -151 32 428
horse 0.0064 -4 -30 29 228
horse 0.0038 -1 -145 17 454
horse 0.0019 -146 150 507 315
diningtable 0.0013 32 54 442 345
