person 0.6204 93 149 126 215
person 0.3273 350 36 366 78
person 0.1872 251 32 283 76
person 0.1411 366 152 387 171
person 0.1260 105 32 117 80
person 0.0902 345 38 358 76
person 0.0898 93 37 105 76
person 0.0657 304 17 322 36
person 0.0471 112 30 121 81
person 0.0448 298 4 325 87
person 0.0346 90 38 99 75
person 0.0272 476 39 491 79
person 0.0263 97 29 122 82
person 0.0241 337 33 369 81
person 0.0174 262 40 281 72
person 0.0170 470 40 486 78
person 0.0148 55 147 93 201
person 0.0142 88 29 114 83
person 0.0140 337 42 349 73
person 0.0135 328 44 339 74
person 0.0111 362 42 375 74
person 0.0091 77 33 85 77
person 0.0083 0 4 2 91
person 0.0083 330 14 353 31
person 0.0081 468 34 497 83
person 0.0066 46 138 104 211
person 0.0058 439 20 456 34
person 0.0052 494 24 499 90
person 0.0043 82 139 140 225
person 0.0037 252 39 279 61
person 0.0036 302 19 319 56
person 0.0033 -1 -15 6 110
person 0.0032 450 44 463 65
person 0.0031 237 24 295 86
person 0.0026 67 33 78 63
person 0.0025 228 38 239 62
person 0.0022 469 22 485 40
person 0.0021 68 21 136 91
person 0.0021 135 161 206 218
person 0.0020 21 -43 475 128
person 0.0020 309 19 329 35
person 0.0020 327 24 392 90
person 0.0020 73 22 90 87
person 0.0019 95 53 103 75
person 0.0019 452 38 461 60
person 0.0018 107 172 115 193
person 0.0018 87 53 96 76
person 0.0016 489 11 502 101
person 0.0015 352 39 365 62
person 0.0015 336 26 351 50
person 0.0015 440 41 454 56
person 0.0014 303 28 317 69
person 0.0013 330 10 355 85
person 0.0013 82 27 103 85
person 0.0012 176 -6 417 99
person 0.0012 439 45 455 64
person 0.0011 107 167 116 183
person 0.0011 496 15 499 84
person 0.0011 256 11 268 34
person 0.0010 107 21 451 89
person 0.0010 364 32 375 63
person 0.0010 167 183 189 205
person 0.0010 445 24 510 92
aeroplane 0.9810 51 131 473 321
aeroplane 0.0472 -25 64 576 367
aeroplane 0.0140 -95 154 647 282
aeroplane 0.0040 20 40 197 319
aeroplane 0.0023 260 100 528 213
aeroplane 0.0018 305 48 494 263
aeroplane 0.0013 37 200 478 379
boat 0.0057 50 151 473 357
boat 0.0024 -25 64 576 367
bird 0.0013 49 139 105 210
bottle 0.0037 21 -43 475 128
bottle 0.0028 272 147 279 163
bottle 0.0024 278 146 288 162
bottle 0.0014 260 148 267 165
chair 0.0046 21 -43 475 128
chair 0.0038 414 157 515 386
chair 0.0030 251 32 283 76
chair 0.0014 436 136 520 214
chair 0.0012 241 26 302 83
pottedplant 0.1052 251 32 283 76
pottedplant 0.0137 252 39 279 61
pottedplant 0.0062 241 26 302 83
pottedplant 0.0048 330 14 353 31
pottedplant 0.0041 262 40 281 72
pottedplant 0.0017 257 212 389 379
pottedplant 0.0016 287 222 357 370
diningtable 0.0756 50 151 473 357
diningtable 0.0011 -25 64 576 367
tvmonitor 0.3228 267 102 444 208
tvmonitor 0.0981 17 100 199 251
tvmonitor 0.0031 408 31 434 44
tvmonitor 0.0031 9 49 239 312
tvmonitor 0.0018 390 3 424 19
tvmonitor 0.0014 436 136 520 214
tvmonitor 0.0010 300 128 379 184
tvmonitor 0.0010 80 129 134 228
