person 0.9963 48 37 170 340
person 0.8577 330 137 391 237
person 0.7946 43 -86 200 463
person 0.7293 309 141 363 234
person 0.4206 17 96 228 283
person 0.4070 298 129 410 247
person 0.0195 249 123 256 148
person 0.0115 373 138 389 151
person 0.0089 261 122 271 149
person 0.0082 379 138 396 152
person 0.0072 375 141 386 156
person 0.0045 409 141 424 157
person 0.0040 218 133 229 152
person 0.0039 385 137 428 152
person 0.0038 197 122 232 143
person 0.0030 227 126 240 141
person 0.0028 213 124 236 142
person 0.0025 321 168 344 196
person 0.0018 315 148 352 202
person 0.0018 288 136 299 152
person 0.0016 464 138 484 162
person 0.0015 301 149 340 216
person 0.0015 358 152 394 227
person 0.0013 432 142 447 160
person 0.0012 337 135 362 153
person 0.0011 332 156 373 225
person 0.0010 78 62 424 247
person 0.0010 278 121 287 143
bicycle 0.0022 375 141 386 156
bicycle 0.0021 339 141 362 155
bicycle 0.0010 409 141 424 157
car 0.9613 409 132 508 166
car 0.5107 282 121 384 160
car 0.3248 197 122 232 143
car 0.2958 358 134 443 158
car 0.2547 385 137 428 152
car 0.2375 183 114 251 151
car 0.1203 337 135 362 153
car 0.0814 373 138 389 151
car 0.0663 325 132 360 150
car 0.0337 213 124 236 142
car 0.0280 307 133 323 147
car 0.0235 379 138 396 152
car 0.0168 227 126 240 141
car 0.0118 428 141 464 160
car 0.0110 348 138 369 153
car 0.0110 464 138 484 162
car 0.0107 432 142 447 160
car 0.0072 189 124 208 141
car 0.0063 332 131 349 141
car 0.0055 311 129 410 160
car 0.0047 356 139 384 153
car 0.0047 406 140 426 151
car 0.0025 453 138 482 151
car 0.0024 415 139 437 160
car 0.0024 375 141 386 156
car 0.0024 318 135 346 148
car 0.0023 409 141 424 157
car 0.0019 359 143 380 155
car 0.0017 180 135 194 149
car 0.0015 308 129 332 143
car 0.0013 324 125 362 159
car 0.0012 291 139 311 151
car 0.0011 376 143 426 154
car 0.0011 204 123 224 131
bus 0.0044 183 114 251 151
bus 0.0035 197 122 232 143
bus 0.0032 282 121 384 160
bus 0.0013 409 131 507 162
bus 0.0013 358 134 443 158
cat 0.0014 160 146 236 323
dog 0.9973 241 129 433 330
dog 0.9936 159 150 239 320
dog 0.4950 279 151 395 311
dog 0.0043 113 129 264 344
dog 0.0020 321 135 401 243
dog 0.0017 309 141 363 234
dog 0.0011 339 189 361 211
horse 0.0011 269 96 404 368
bottle 0.0012 332 174 347 189
chair 0.0269 296 142 368 236
chair 0.0107 298 129 410 247
chair 0.0063 303 157 339 220
chair 0.0025 339 146 384 230
chair 0.0014 339 189 361 211
chair 0.0012 332 175 369 221
chair 0.0010 311 177 333 203
chair 0.0010 299 171 402 226
sofa 0.0023 282 134 398 244
