person 0.9984 140 94 244 532
person 0.9957 176 190 419 486
person 0.2445 113 175 282 453
person 0.1961 217 99 290 575
person 0.0687 353 164 381 354
person 0.0348 342 107 384 531
person 0.0273 315 157 359 281
person 0.0265 355 213 381 312
person 0.0152 352 184 380 266
person 0.0042 317 176 353 242
person 0.0035 329 159 380 315
person 0.0021 316 96 385 422
person 0.0019 350 198 377 508
person 0.0017 322 198 382 587
person 0.0013 234 175 263 238
person 0.0013 243 197 255 218
person 0.0012 198 190 267 263
bus 0.0014 14 56 273 505
train 0.9811 -85 116 357 389
train 0.9289 14 56 273 505
train 0.0208 113 175 282 453
train 0.0021 155 182 387 494
