person 0.9989 173 -56 251 346
person 0.9976 212 -63 334 355
person 0.9927 176 36 351 252
person 0.7296 327 106 385 223
person 0.1541 344 112 382 186
person 0.0134 302 96 405 235
person 0.0095 367 127 375 150
person 0.0085 16 145 226 402
person 0.0068 359 124 376 152
person 0.0059 327 122 363 178
person 0.0057 93 29 299 251
person 0.0044 334 136 355 166
person 0.0014 353 126 380 210
person 0.0012 331 137 347 165
person 0.0011 367 134 375 161
bird 0.9885 11 128 230 379
bird 0.0114 51 32 192 477
bird 0.0018 316 188 325 199
bird 0.0013 152 159 219 272
dog 0.0023 16 145 226 402
dog 0.0010 321 124 392 216
bottle 0.0047 359 150 372 168
bottle 0.0036 345 147 367 171
chair 0.2312 324 134 389 219
chair 0.0047 302 96 405 235
chair 0.0025 367 155 376 197
chair 0.0018 352 143 380 210
chair 0.0014 360 154 375 180
chair 0.0012 340 156 371 176
diningtable 0.0034 324 134 389 219
