person 0.0243 223 188 367 438
person 0.0228 211 237 349 388
person 0.0210 288 257 357 365
person 0.0182 262 240 376 381
person 0.0135 242 257 308 366
person 0.0023 80 374 100 388
bird 0.0575 80 374 100 388
bird 0.0024 223 188 367 438
bird 0.0023 211 237 349 388
bird 0.0010 242 257 308 366
cat 0.0028 211 237 349 388
cat 0.0016 262 240 376 381
cat 0.0011 223 188 367 438
dog 0.4477 211 237 349 388
dog 0.2984 262 240 376 381
dog 0.1066 288 257 357 365
dog 0.0736 242 257 308 366
dog 0.0691 223 188 367 438
dog 0.0059 75 374 97 386
dog 0.0018 228 298 322 359
horse 0.3632 262 240 376 381
horse 0.2151 211 237 349 388
horse 0.1652 288 257 357 365
horse 0.0950 223 188 367 438
horse 0.0432 242 257 308 366
sheep 0.0160 211 237 349 388
sheep 0.0066 262 240 376 381
sheep 0.0036 223 188 367 438
sheep 0.0036 288 257 357 365
sheep 0.0033 242 257 308 366
cow 0.0942 211 237 349 388
cow 0.0378 262 240 376 381
cow 0.0121 288 257 357 365
cow 0.0105 242 257 308 366
cow 0.0050 223 188 367 438
bottle 0.0039 75 374 97 386
