person 0.9900 -84 91 359 310
person 0.8558 318 57 468 377
person 0.3078 328 132 429 307
person 0.0504 -36 100 165 308
person 0.0325 210 142 276 289
person 0.0272 -3 251 14 359
person 0.0157 155 175 174 201
person 0.0139 164 130 226 205
person 0.0114 -11 7 75 388
person 0.0110 -2 3 17 424
person 0.0101 241 164 564 338
person 0.0092 186 124 303 306
person 0.0081 -1 74 56 198
person 0.0064 -4 200 21 386
person 0.0047 219 179 247 276
person 0.0046 -5 -10 33 439
person 0.0040 416 169 452 216
person 0.0036 173 141 217 194
person 0.0032 123 40 280 366
person 0.0026 0 268 8 320
person 0.0026 451 184 480 213
person 0.0025 -3 87 12 214
person 0.0020 444 164 484 220
person 0.0020 433 152 499 230
person 0.0019 -30 59 119 217
person 0.0019 152 166 179 230
person 0.0018 466 138 505 293
person 0.0018 -1 186 10 350
person 0.0016 145 263 185 331
person 0.0015 -4 50 22 259
person 0.0015 122 117 287 238
person 0.0014 -6 255 54 358
person 0.0014 133 145 163 212
person 0.0014 34 86 107 157
person 0.0013 25 152 384 326
person 0.0013 377 114 527 241
person 0.0012 0 255 4 356
person 0.0012 312 160 369 219
person 0.0012 487 160 502 297
person 0.0012 398 156 459 226
person 0.0011 -2 30 268 375
person 0.0011 0 288 6 343
person 0.0011 232 135 299 207
person 0.0010 45 95 81 147
person 0.0010 -5 261 28 329
bicycle 0.0020 -3 269 13 358
bicycle 0.0015 0 288 6 343
motorbike 0.0018 -82 147 361 320
train 0.0050 -50 98 374 309
boat 0.0354 282 134 532 436
boat 0.0011 441 205 506 373
bird 0.0010 318 57 468 377
chair 0.0026 282 134 532 436
diningtable 0.0012 282 134 532 436
