person 0.3975 31 15 461 334
person 0.2479 -71 5 255 164
person 0.1625 -32 -105 214 202
person 0.0950 -70 15 250 305
person 0.0104 258 132 540 412
person 0.0025 406 237 530 372
person 0.0025 -24 -36 153 280
person 0.0018 134 -33 296 76
person 0.0015 -117 36 465 212
car 0.0010 0 -15 420 281
dog 0.9736 11 35 421 343
chair 0.1754 0 -15 420 281
chair 0.0814 -71 5 255 164
chair 0.0563 -32 -105 214 202
chair 0.0255 -70 15 250 305
chair 0.0163 -24 -36 153 280
chair 0.0115 -117 36 465 212
chair 0.0029 -48 39 142 190
sofa 0.2088 0 -15 420 281
sofa 0.0076 -71 5 255 164
sofa 0.0075 -32 -105 214 202
sofa 0.0053 -2 135 442 343
sofa 0.0052 -70 15 250 305
sofa 0.0040 -117 36 465 212
sofa 0.0023 258 132 540 412
diningtable 0.0065 11 -21 483 291
diningtable 0.0029 -32 -105 214 202
diningtable 0.0021 -24 -36 153 280
