person 0.8176 133 307 197 371
person 0.7288 53 354 79 424
person 0.5978 -2 358 12 405
person 0.5375 -35 206 373 450
person 0.4657 104 343 124 421
person 0.4036 82 356 103 419
person 0.4014 97 365 110 412
person 0.3831 94 354 113 419
person 0.2946 75 354 94 421
person 0.2895 70 354 82 405
person 0.2784 47 361 61 398
person 0.2297 23 352 47 429
person 0.1740 77 364 90 412
person 0.1351 7 362 23 397
person 0.1323 315 344 337 457
person 0.1310 66 349 84 424
person 0.1182 40 362 57 398
person 0.1111 57 363 73 397
person 0.0861 107 365 119 411
person 0.0801 208 331 245 375
person 0.0742 87 362 98 399
person 0.0638 1 358 30 407
person 0.0551 199 319 259 386
person 0.0502 230 331 265 375
person 0.0495 19 362 35 395
person 0.0476 316 364 329 395
person 0.0357 30 365 44 392
person 0.0354 160 231 180 253
person 0.0351 41 356 67 406
person 0.0340 142 315 185 363
person 0.0327 71 362 81 382
person 0.0318 218 231 283 333
person 0.0304 173 230 192 255
person 0.0299 238 337 259 370
person 0.0288 13 355 42 408
person 0.0278 305 362 325 393
person 0.0267 49 368 64 406
person 0.0265 31 357 60 421
person 0.0233 58 359 71 383
person 0.0219 10 363 23 383
person 0.0201 -3 337 13 457
person 0.0187 174 291 301 412
person 0.0185 86 379 100 412
person 0.0173 216 337 239 370
person 0.0163 91 360 100 384
person 0.0160 106 281 216 401
person 0.0153 140 230 163 254
person 0.0148 234 248 275 317
person 0.0120 282 358 296 400
person 0.0112 80 358 91 385
person 0.0107 -19 250 202 491
person 0.0106 128 211 196 266
person 0.0105 31 340 81 445
person 0.0102 277 351 301 413
person 0.0093 0 337 51 447
person 0.0091 115 364 124 413
person 0.0088 287 360 301 393
person 0.0083 37 371 74 430
person 0.0082 27 363 42 383
person 0.0073 96 358 106 385
person 0.0069 216 325 280 388
person 0.0069 107 383 118 408
person 0.0068 151 229 172 254
person 0.0065 -25 326 184 451
person 0.0065 110 358 120 382
person 0.0063 246 338 265 369
person 0.0052 133 219 170 258
person 0.0045 238 230 256 253
person 0.0045 179 221 198 256
person 0.0045 -9 346 62 413
person 0.0043 153 219 190 257
person 0.0042 308 363 324 382
person 0.0038 232 338 247 366
person 0.0030 -2 360 6 385
person 0.0029 158 337 167 348
person 0.0028 135 223 153 255
person 0.0028 1 362 12 385
person 0.0027 36 291 373 500
person 0.0026 294 357 330 397
person 0.0026 270 332 306 492
person 0.0025 31 374 43 421
person 0.0019 229 230 247 254
person 0.0018 293 325 339 499
person 0.0017 201 231 218 254
person 0.0016 56 379 72 418
person 0.0015 173 215 204 260
person 0.0014 191 230 210 256
person 0.0014 208 231 227 253
person 0.0012 318 361 329 384
person 0.0012 -1 367 5 406
person 0.0011 295 363 315 383
person 0.0011 59 355 128 423
person 0.0010 223 230 238 253
person 0.0010 272 290 344 538
person 0.0010 46 382 67 417
person 0.0010 36 382 55 417
bicycle 0.0411 23 362 85 441
bicycle 0.0222 37 371 74 430
bicycle 0.0064 78 379 91 413
bicycle 0.0042 56 379 72 418
bicycle 0.0018 46 382 67 417
bicycle 0.0015 86 379 100 412
bicycle 0.0011 29 366 62 433
car 0.4994 292 363 324 391
car 0.1872 287 360 301 393
car 0.1289 277 351 301 413
car 0.0601 280 366 295 409
car 0.0547 279 352 337 402
car 0.0295 281 361 296 383
car 0.0189 316 364 329 395
car 0.0055 295 363 315 383
car 0.0029 308 363 324 382
car 0.0024 287 312 336 427
car 0.0021 65 174 346 428
car 0.0018 267 356 293 418
car 0.0017 313 344 337 416
car 0.0015 318 361 329 384
car 0.0014 287 371 299 404
car 0.0010 282 406 341 530
motorbike 0.1456 23 362 85 441
motorbike 0.1196 36 379 74 430
motorbike 0.0140 29 366 62 433
motorbike 0.0069 50 364 79 429
motorbike 0.0038 -32 326 116 455
motorbike 0.0034 43 389 68 424
motorbike 0.0031 56 379 72 418
motorbike 0.0025 280 366 295 409
motorbike 0.0018 36 389 57 424
motorbike 0.0012 274 358 300 413
bus 0.9925 58 205 354 459
bus 0.1458 287 322 332 402
bus 0.0037 316 322 337 415
bus 0.0011 314 287 341 461
train 0.0012 65 174 346 428
