person 0.0037 116 147 275 394
person 0.0029 42 129 143 211
person 0.0020 -6 66 28 214
person 0.0015 199 96 393 438
person 0.0010 31 138 168 394
bird 0.3392 42 129 143 211
bird 0.1081 113 151 260 393
bird 0.0995 31 138 168 394
bird 0.0304 -6 85 27 181
bird 0.0289 107 20 126 30
bird 0.0070 -5 46 24 270
bird 0.0050 215 118 411 425
bird 0.0044 82 147 121 196
bird 0.0028 85 152 120 178
bird 0.0021 0 102 11 146
bird 0.0012 55 251 87 321
bird 0.0010 -3 86 14 219
cat 0.0061 42 129 143 211
cat 0.0037 113 151 260 393
cat 0.0030 31 138 168 394
dog 0.0494 113 151 260 393
dog 0.0368 42 129 143 211
dog 0.0323 199 96 393 438
dog 0.0194 31 138 168 394
dog 0.0026 -7 84 22 182
horse 0.0323 11 160 191 371
horse 0.0209 199 96 393 438
horse 0.0202 42 193 161 344
horse 0.0186 113 151 260 393
horse 0.0112 38 114 145 228
horse 0.0023 -5 46 24 270
horse 0.0018 60 136 138 205
horse 0.0016 -2 -21 17 414
horse 0.0012 -7 84 22 182
sheep 0.2165 16 170 186 351
sheep 0.2154 91 182 281 364
sheep 0.1544 199 96 393 438
sheep 0.0886 -7 84 22 182
sheep 0.0245 343 172 411 343
sheep 0.0200 38 114 145 228
sheep 0.0155 -5 46 24 270
sheep 0.0124 189 210 248 330
sheep 0.0083 195 176 368 364
sheep 0.0073 207 243 239 315
sheep 0.0065 173 174 415 286
sheep 0.0058 -3 86 14 219
sheep 0.0056 -2 -21 17 414
sheep 0.0037 93 191 153 327
sheep 0.0035 131 211 189 333
sheep 0.0029 0 102 11 146
sheep 0.0019 0 111 5 175
sheep 0.0016 60 136 138 205
sheep 0.0015 315 155 435 356
sheep 0.0014 250 194 374 251
sheep 0.0013 182 218 248 266
cow 0.7932 343 172 411 343
cow 0.7799 11 160 191 371
cow 0.7735 91 182 281 364
cow 0.6065 199 96 393 438
cow 0.3362 42 193 161 344
cow 0.2571 151 173 411 289
cow 0.0974 250 194 374 251
cow 0.0706 38 114 145 228
cow 0.0539 315 155 435 356
cow 0.0397 189 210 248 330
cow 0.0349 195 176 368 364
cow 0.0163 60 136 138 205
cow 0.0099 275 186 395 322
cow 0.0092 131 211 189 333
cow 0.0069 182 218 248 266
cow 0.0062 93 191 153 327
cow 0.0061 319 219 358 245
cow 0.0058 316 204 349 232
cow 0.0055 343 197 412 245
cow 0.0054 297 203 367 256
cow 0.0049 308 201 367 306
cow 0.0046 -7 84 22 182
cow 0.0036 -4 15 21 339
cow 0.0035 216 194 313 251
cow 0.0033 207 243 239 315
cow 0.0027 198 228 232 256
cow 0.0020 47 199 118 317
cow 0.0020 362 204 402 233
cow 0.0019 330 193 388 316
cow 0.0013 353 220 387 318
cow 0.0013 148 207 219 339
cow 0.0013 227 177 294 331
cow 0.0012 44 211 119 268
cow 0.0012 136 225 175 296
cow 0.0010 219 219 250 304
cow 0.0010 55 244 87 317
