person 0.3684 204 257 212 282
person 0.0877 180 259 193 279
person 0.0517 266 272 279 292
person 0.0465 334 260 342 277
person 0.0455 276 273 289 292
person 0.0335 160 258 193 278
person 0.0330 358 262 368 280
person 0.0327 132 261 147 284
person 0.0252 229 258 238 281
person 0.0183 182 204 351 391
person 0.0152 368 273 387 301
person 0.0129 209 257 216 281
person 0.0121 260 272 272 292
person 0.0121 349 278 371 294
person 0.0120 361 276 382 298
person 0.0104 475 257 484 284
person 0.0081 287 271 299 293
person 0.0070 138 264 156 285
person 0.0065 294 270 308 294
person 0.0062 222 257 233 282
person 0.0058 273 193 516 418
person 0.0040 68 259 78 276
person 0.0038 341 279 361 296
person 0.0038 165 256 188 268
person 0.0036 400 283 421 305
person 0.0031 355 269 369 283
person 0.0031 360 263 373 279
person 0.0029 333 278 351 300
person 0.0028 189 260 201 279
person 0.0026 202 265 211 284
person 0.0024 380 280 399 298
person 0.0023 -4 279 32 353
person 0.0022 325 261 341 278
person 0.0021 1 265 7 290
person 0.0020 -2 258 12 375
person 0.0020 415 232 514 383
person 0.0019 32 187 247 375
person 0.0018 269 262 279 272
person 0.0018 386 278 409 297
person 0.0015 314 263 422 308
person 0.0015 133 254 145 265
person 0.0015 222 249 231 271
person 0.0014 238 249 249 269
person 0.0012 0 261 6 277
person 0.0011 17 290 33 306
person 0.0011 204 250 212 273
person 0.0010 363 254 372 267
person 0.0010 475 263 489 289
car 0.9949 146 226 399 371
car 0.9920 251 200 488 415
car 0.9591 394 212 535 405
car 0.9350 -12 249 76 408
car 0.9053 48 189 232 397
car 0.8138 -32 216 94 440
car 0.4750 -100 335 342 390
car 0.3134 160 258 193 278
car 0.2671 430 233 511 382
car 0.1760 143 249 210 287
car 0.1759 -46 221 264 458
car 0.0225 10 234 273 317
car 0.0112 426 250 450 269
car 0.0092 492 243 501 276
car 0.0079 180 259 193 279
car 0.0075 68 259 78 276
car 0.0063 -5 228 27 398
car 0.0063 450 238 516 281
car 0.0055 467 231 504 394
car 0.0043 0 261 6 277
car 0.0042 158 256 181 268
car 0.0033 49 261 75 274
car 0.0032 316 269 344 284
car 0.0032 340 240 534 345
car 0.0032 1 265 7 290
car 0.0030 472 249 500 272
car 0.0030 333 261 367 276
car 0.0029 69 258 89 277
car 0.0027 40 251 199 292
car 0.0027 144 261 175 278
car 0.0024 309 254 430 285
car 0.0024 358 262 368 280
car 0.0020 360 263 373 279
car 0.0019 15 262 32 275
car 0.0017 437 248 454 269
car 0.0016 494 248 500 289
car 0.0016 227 247 489 341
car 0.0015 363 263 394 279
car 0.0014 464 251 489 270
car 0.0014 285 259 357 295
car 0.0013 -1 343 222 386
car 0.0013 379 262 400 279
car 0.0012 325 261 341 278
car 0.0012 495 235 499 265
car 0.0012 309 264 335 277
car 0.0012 151 253 189 284
car 0.0011 9 263 18 274
car 0.0011 490 246 503 389
car 0.0011 334 260 342 277
car 0.0011 268 227 396 287
car 0.0011 468 233 505 287
car 0.0010 349 250 368 266
car 0.0010 45 261 59 272
motorbike 0.0020 182 204 351 391
motorbike 0.0014 -29 235 273 457
bus 0.0661 246 214 421 298
bus 0.0219 272 221 390 282
bus 0.0016 -13 225 78 411
train 0.0019 246 214 421 298
pottedplant 0.0017 229 258 238 281
pottedplant 0.0013 283 249 301 273
pottedplant 0.0011 275 248 294 273
