person 0.9933 272 14 554 368
person 0.0041 147 94 280 444
bird 0.0056 69 175 303 366
bird 0.0031 121 -31 283 571
bird 0.0024 147 94 280 444
dog 0.9864 95 177 303 363
dog 0.9589 121 -31 283 571
dog 0.8935 141 97 272 442
sheep 0.0011 147 94 280 444
bottle 0.7887 150 126 191 202
bottle 0.6675 82 -15 123 72
bottle 0.5537 120 15 179 144
bottle 0.3906 101 -4 139 80
bottle 0.3680 142 128 175 198
bottle 0.2790 102 78 136 144
bottle 0.2609 65 -8 100 46
bottle 0.2000 101 -24 151 140
bottle 0.1816 93 61 122 128
bottle 0.1750 116 89 146 159
bottle 0.1549 118 -18 171 102
bottle 0.1352 132 121 163 185
bottle 0.0919 88 -4 114 25
bottle 0.0880 139 135 158 170
bottle 0.0857 109 -5 134 25
bottle 0.0828 120 -1 162 52
bottle 0.0824 102 -9 136 43
bottle 0.0776 100 -4 119 24
bottle 0.0745 123 105 156 178
bottle 0.0642 123 100 171 210
bottle 0.0422 124 108 142 153
bottle 0.0338 92 0 202 160
bottle 0.0337 104 52 148 178
bottle 0.0315 52 -121 210 254
bottle 0.0307 73 0 93 37
bottle 0.0283 103 81 119 122
bottle 0.0250 81 43 106 106
bottle 0.0228 131 123 146 160
bottle 0.0220 96 68 113 116
bottle 0.0189 113 -12 147 46
bottle 0.0180 134 12 158 43
bottle 0.0179 125 -3 150 23
bottle 0.0158 85 51 102 98
bottle 0.0157 139 59 180 128
bottle 0.0155 108 85 128 125
bottle 0.0147 107 8 131 42
bottle 0.0133 88 -31 131 143
bottle 0.0133 96 -14 161 34
bottle 0.0127 150 141 167 181
bottle 0.0119 54 -19 109 56
bottle 0.0111 69 -27 113 105
bottle 0.0101 122 58 158 131
bottle 0.0090 73 -17 148 88
bottle 0.0083 83 40 129 158
bottle 0.0082 141 -1 172 69
bottle 0.0070 120 -1 140 33
bottle 0.0063 81 6 97 45
bottle 0.0049 110 48 130 80
bottle 0.0046 135 115 202 218
bottle 0.0043 109 28 131 63
bottle 0.0042 119 95 139 135
bottle 0.0040 133 130 149 168
bottle 0.0039 104 32 137 99
bottle 0.0037 89 -34 193 90
bottle 0.0037 111 16 129 54
bottle 0.0036 66 -1 84 32
bottle 0.0034 114 37 146 110
bottle 0.0032 116 128 126 178
bottle 0.0030 46 -44 169 97
bottle 0.0030 104 92 217 230
bottle 0.0028 138 115 157 151
bottle 0.0027 156 138 178 164
bottle 0.0026 110 89 170 175
bottle 0.0025 120 -6 193 242
bottle 0.0024 120 -9 154 30
bottle 0.0024 122 9 139 44
bottle 0.0019 73 1 139 316
bottle 0.0018 79 -39 172 236
bottle 0.0018 73 -13 131 35
bottle 0.0016 8 4 262 210
bottle 0.0016 131 77 149 111
bottle 0.0013 106 56 135 297
bottle 0.0011 127 19 151 48
bottle 0.0011 76 0 108 69
bottle 0.0011 138 81 159 121
bottle 0.0010 156 84 175 118
bottle 0.0010 94 -9 127 31
bottle 0.0010 85 13 100 54
bottle 0.0010 113 117 129 205
chair 0.0049 209 -25 418 74
chair 0.0043 -5 -39 37 393
chair 0.0041 277 49 553 367
chair 0.0019 -9 -17 69 446
sofa 0.0032 279 18 549 289
diningtable 0.0019 310 -138 526 285
