person 0.9958 216 -47 333 353
person 0.8001 177 35 378 254
person 0.0282 474 151 496 175
person 0.0157 466 139 504 186
person 0.0097 493 143 500 182
person 0.0087 455 128 511 197
person 0.0045 0 157 3 228
person 0.0044 51 213 72 244
person 0.0043 467 147 487 177
person 0.0038 47 214 62 244
person 0.0036 -1 135 8 269
person 0.0034 -1 162 4 204
person 0.0027 44 193 81 250
person 0.0024 73 -18 502 290
person 0.0021 0 167 2 256
person 0.0020 77 90 477 397
person 0.0015 25 214 42 244
person 0.0012 -16 154 64 234
person 0.0011 0 183 3 259
person 0.0011 485 126 502 199
person 0.0010 -3 130 29 298
bicycle 0.0043 51 86 430 356
car 0.0289 20 94 426 346
car 0.0167 441 42 509 310
car 0.0120 33 90 209 262
car 0.0059 352 19 516 371
car 0.0057 8 31 199 328
car 0.0038 143 164 177 183
car 0.0023 184 -41 382 370
car 0.0012 327 141 459 287
car 0.0012 180 50 373 256
car 0.0010 182 81 539 255
bus 0.0378 444 47 509 282
bus 0.0211 180 50 373 256
bus 0.0023 184 -41 382 370
bus 0.0015 107 79 547 242
bus 0.0015 33 90 209 262
boat 0.0017 20 94 426 346
horse 0.9957 45 92 432 393
horse 0.1198 -66 153 505 337
horse 0.0163 -29 122 93 274
horse 0.0050 -16 154 64 234
horse 0.0049 349 68 443 296
bottle 0.0024 177 35 378 254
chair 0.0093 39 107 203 222
chair 0.0040 20 94 426 346
sofa 0.0030 28 144 451 395
pottedplant 0.0019 -11 51 74 270
tvmonitor 0.0010 280 87 323 167
tvmonitor 0.0010 269 74 337 180
