person 0.0566 124 31 553 306
aeroplane 0.0010 90 155 589 320
bird 0.0018 118 88 563 314
cat 0.4786 124 31 553 306
cat 0.0902 134 156 586 318
cat 0.0409 183 -101 331 276
cat 0.0023 284 120 514 436
dog 0.1449 96 36 602 310
dog 0.1403 222 -5 478 342
dog 0.0061 134 156 586 318
horse 0.0017 118 88 563 314
horse 0.0010 211 -6 471 342
sheep 0.0237 118 88 563 314
sheep 0.0057 211 -6 471 342
chair 0.1031 134 156 586 318
chair 0.0044 96 36 602 310
chair 0.0014 222 -5 478 342
sofa 0.0531 118 88 563 314
sofa 0.0146 211 -6 471 342
sofa 0.0013 232 167 562 314
pottedplant 0.0013 211 -6 471 342
pottedplant 0.0010 118 88 563 314
diningtable 0.0070 90 155 589 320
