person 0.0149 73 75 471 360
person 0.0077 327 117 368 175
person 0.0036 386 64 411 89
person 0.0025 332 125 354 161
person 0.0020 0 119 2 209
person 0.0020 243 112 326 156
person 0.0014 -1 100 7 226
person 0.0013 418 61 456 85
person 0.0013 310 113 377 191
person 0.0012 389 65 429 85
car 0.9898 51 63 425 342
car 0.9169 370 57 450 94
car 0.7148 418 61 456 85
car 0.5791 404 53 470 92
car 0.3532 -70 101 549 293
car 0.2019 445 61 472 75
car 0.0695 389 65 429 85
car 0.0358 454 64 477 81
car 0.0251 433 62 458 76
car 0.0169 386 64 411 89
car 0.0151 416 64 441 83
car 0.0117 416 54 494 84
car 0.0104 394 64 420 76
car 0.0066 363 64 377 75
car 0.0059 445 64 470 81
car 0.0046 389 62 412 75
car 0.0028 351 59 371 75
car 0.0027 -1 100 7 226
car 0.0023 405 64 429 76
car 0.0023 0 119 2 209
car 0.0022 339 70 364 84
car 0.0019 369 62 386 77
car 0.0017 321 70 339 85
car 0.0015 385 69 398 83
pottedplant 0.0013 137 -48 235 167
diningtable 0.0063 42 116 436 386
