person 0.9979 -22 48 312 312
person 0.0034 436 -31 510 119
person 0.0026 -14 40 83 381
person 0.0012 355 -108 511 211
person 0.0010 410 -50 530 138
bicycle 0.0086 198 -28 475 350
car 0.7268 217 -27 493 352
car 0.0089 148 97 577 315
motorbike 0.0782 198 -28 475 350
motorbike 0.0036 153 -104 348 217
motorbike 0.0034 113 0 563 274
motorbike 0.0016 0 63 318 315
bus 0.0042 198 -28 475 350
train 0.0017 198 -28 475 350
boat 0.0013 198 -28 475 350
bottle 0.0957 326 135 383 251
bottle 0.0599 234 162 356 304
bottle 0.0317 298 124 410 260
bottle 0.0135 278 247 342 324
bottle 0.0122 286 134 353 204
bottle 0.0070 335 141 364 218
bottle 0.0065 195 74 316 214
bottle 0.0058 291 256 331 314
bottle 0.0050 315 179 461 375
bottle 0.0048 -7 52 34 136
bottle 0.0036 276 105 427 202
bottle 0.0030 10 74 38 129
bottle 0.0025 332 118 494 265
bottle 0.0024 343 148 359 191
bottle 0.0023 330 165 373 232
bottle 0.0022 242 189 344 269
bottle 0.0021 379 162 415 218
bottle 0.0021 342 207 409 345
bottle 0.0021 -2 44 12 145
bottle 0.0018 200 201 357 385
bottle 0.0018 244 109 381 275
bottle 0.0015 290 135 348 293
bottle 0.0015 386 138 468 238
bottle 0.0014 176 224 237 357
bottle 0.0013 305 152 378 229
bottle 0.0013 347 157 389 225
bottle 0.0012 363 135 422 256
bottle 0.0012 322 158 360 220
bottle 0.0011 236 144 564 327
bottle 0.0011 346 138 400 250
bottle 0.0011 309 135 368 293
bottle 0.0010 -30 211 98 324
chair 0.0147 -25 65 314 314
chair 0.0077 156 -42 239 161
chair 0.0073 -14 40 83 381
chair 0.0053 -30 211 98 324
chair 0.0021 153 -104 348 217
chair 0.0019 -61 116 185 299
chair 0.0017 -33 -59 154 460
chair 0.0014 -33 243 102 375
chair 0.0014 160 -31 217 111
chair 0.0014 0 55 179 176
chair 0.0012 277 -41 430 89
sofa 0.0256 -17 42 87 354
sofa 0.0075 -63 112 251 303
sofa 0.0045 -33 -59 154 460
sofa 0.0028 -30 211 98 324
sofa 0.0012 -33 243 102 375
pottedplant 0.0010 -1 -7 11 26
diningtable 0.0020 -30 211 98 324
tvmonitor 0.0171 -11 -108 134 215
tvmonitor 0.0016 -5 -36 110 129
