person 0.9890 107 36 454 308
person 0.8818 -101 8 347 326
person 0.8283 12 -22 256 360
person 0.0240 -28 -58 89 134
person 0.0203 203 145 548 322
person 0.0121 -10 -78 62 241
person 0.0075 -3 -163 31 476
person 0.0069 -9 -174 61 488
person 0.0050 -45 17 169 315
person 0.0031 0 -114 15 429
person 0.0016 -5 -38 35 121
person 0.0012 -1 41 21 386
person 0.0012 -5 179 30 363
person 0.0010 -3 -78 22 240
cat 0.4355 262 149 543 321
cat 0.1180 309 -53 501 520
dog 0.4656 262 149 543 321
dog 0.2805 309 -53 501 520
dog 0.0023 177 45 475 340
bottle 0.0013 -8 179 191 403
chair 0.1576 38 -10 468 350
chair 0.0233 -54 269 157 360
chair 0.0058 12 -22 256 360
chair 0.0022 -96 167 366 324
chair 0.0015 -101 8 347 326
chair 0.0015 -31 174 297 409
chair 0.0012 438 208 505 370
sofa 0.9469 38 -10 468 350
sofa 0.0200 12 -22 256 360
sofa 0.0166 140 15 580 250
sofa 0.0057 252 135 547 306
sofa 0.0033 -101 8 347 326
sofa 0.0029 438 208 505 370
diningtable 0.0014 75 281 329 354
