person 0.7955 126 165 148 194
person 0.5816 156 169 176 195
person 0.4566 170 171 185 196
person 0.4469 195 174 217 199
person 0.2473 212 173 234 201
person 0.1431 112 165 127 192
person 0.1310 122 150 152 240
person 0.1185 299 185 319 202
person 0.0946 231 174 253 201
person 0.0869 250 174 272 201
person 0.0639 110 156 132 219
person 0.0243 271 169 291 204
person 0.0226 153 155 179 234
person 0.0197 315 181 330 203
person 0.0147 166 157 189 232
person 0.0129 189 165 222 207
person 0.0108 192 155 219 250
person 0.0103 207 167 239 206
person 0.0098 114 156 148 217
person 0.0090 290 173 329 238
person 0.0089 244 168 278 207
person 0.0088 150 164 183 206
person 0.0074 181 162 249 210
person 0.0063 153 167 169 192
person 0.0059 124 169 140 196
person 0.0057 176 172 191 197
person 0.0052 318 160 347 251
person 0.0045 266 174 282 199
person 0.0045 110 138 149 266
person 0.0040 248 157 275 251
person 0.0039 54 145 350 228
person 0.0037 312 161 336 247
person 0.0033 -2 153 13 257
person 0.0031 114 170 128 216
person 0.0027 0 169 5 222
person 0.0027 225 168 260 205
person 0.0026 266 161 299 228
person 0.0026 51 46 390 340
person 0.0025 63 130 230 255
person 0.0024 141 150 191 255
person 0.0022 0 172 3 236
person 0.0021 321 180 339 207
person 0.0019 221 162 286 212
person 0.0016 140 172 155 192
person 0.0015 158 187 195 242
person 0.0015 -4 212 26 437
person 0.0014 0 183 6 244
person 0.0014 161 207 191 235
person 0.0012 332 180 344 207
person 0.0011 -5 111 24 308
person 0.0011 99 149 162 220
person 0.0011 286 184 302 201
car 0.0634 247 140 294 158
car 0.0057 -29 203 232 501
car 0.0056 459 28 513 95
car 0.0043 -4 212 27 399
car 0.0029 121 135 362 280
car 0.0026 232 132 301 166
car 0.0025 487 46 501 74
car 0.0016 470 46 501 72
car 0.0013 256 146 287 158
bus 0.2944 75 39 411 351
bus 0.0578 -4 126 491 260
bus 0.0134 130 91 310 181
train 0.0118 75 39 411 351
train 0.0022 -4 126 491 260
boat 0.3679 75 39 411 351
boat 0.1148 311 140 335 146
boat 0.1034 -4 126 491 260
boat 0.0139 247 140 294 158
boat 0.0051 459 28 513 95
boat 0.0051 130 91 310 181
boat 0.0046 313 135 334 147
boat 0.0046 303 199 565 301
boat 0.0020 98 123 115 147
boat 0.0017 -71 235 282 398
boat 0.0015 466 221 505 283
boat 0.0015 308 142 322 146
bird 0.0106 98 123 115 147
chair 0.0351 288 188 329 240
chair 0.0048 299 185 319 202
chair 0.0044 271 169 291 204
chair 0.0040 315 181 330 203
chair 0.0025 250 174 272 201
chair 0.0023 280 172 340 269
chair 0.0016 266 161 299 228
chair 0.0015 266 174 282 199
chair 0.0013 -4 212 27 399
chair 0.0013 466 179 491 265
chair 0.0011 265 184 283 202
chair 0.0010 322 240 472 367
chair 0.0010 286 184 302 201
pottedplant 0.0359 438 294 506 431
pottedplant 0.0345 407 279 529 446
pottedplant 0.0122 287 275 418 423
pottedplant 0.0118 207 202 525 497
pottedplant 0.0061 191 226 388 484
pottedplant 0.0060 247 222 309 354
pottedplant 0.0058 270 228 325 348
pottedplant 0.0058 -4 168 27 405
pottedplant 0.0051 227 202 368 370
pottedplant 0.0029 333 279 490 449
pottedplant 0.0027 322 240 472 367
pottedplant 0.0027 -11 150 65 385
pottedplant 0.0024 -30 166 92 331
pottedplant 0.0022 340 289 417 353
pottedplant 0.0022 366 290 430 432
pottedplant 0.0021 481 374 502 403
pottedplant 0.0020 182 222 332 383
pottedplant 0.0019 413 260 429 289
pottedplant 0.0018 304 286 377 352
pottedplant 0.0016 350 121 520 418
pottedplant 0.0014 212 303 383 428
pottedplant 0.0013 276 253 352 328
pottedplant 0.0013 354 191 547 308
pottedplant 0.0012 350 262 448 338
pottedplant 0.0012 105 241 558 388
pottedplant 0.0011 -71 235 282 398
pottedplant 0.0010 -18 76 131 388
