person 0.9992 93 57 415 373
person 0.0059 43 200 273 461
person 0.0039 86 127 101 155
person 0.0031 -2 85 11 183
person 0.0029 0 104 4 165
person 0.0023 0 134 4 174
person 0.0019 177 110 566 356
person 0.0010 14 136 34 154
bicycle 0.0038 25 123 261 496
bicycle 0.0014 44 182 140 398
bicycle 0.0012 70 138 444 391
car 0.7893 -31 96 134 206
car 0.1301 -50 125 159 280
car 0.0637 -24 64 129 336
car 0.0177 152 91 208 193
car 0.0165 119 143 154 159
car 0.0100 0 134 4 174
car 0.0059 -16 106 124 161
car 0.0053 42 101 120 182
car 0.0042 80 123 104 151
car 0.0041 86 127 101 155
car 0.0040 156 140 176 163
car 0.0039 14 136 34 154
car 0.0028 103 120 174 172
car 0.0026 -19 119 66 187
car 0.0024 97 82 230 198
car 0.0021 60 114 181 177
car 0.0021 -1 104 9 222
car 0.0018 112 68 440 329
car 0.0017 42 164 470 369
car 0.0015 149 133 169 156
car 0.0015 -3 60 26 254
car 0.0013 20 133 43 150
motorbike 0.7266 118 66 454 379
motorbike 0.0647 178 149 569 359
motorbike 0.0249 25 123 261 496
motorbike 0.0167 -26 218 530 366
bus 0.0928 -35 89 140 201
bus 0.0015 40 110 120 161
boat 0.0039 57 140 275 485
horse 0.0049 70 138 444 391
horse 0.0032 43 200 273 461
chair 0.0316 39 216 254 455
chair 0.0192 -10 284 296 411
chair 0.0046 22 102 169 443
chair 0.0044 44 188 139 361
sofa 0.0020 39 216 254 455
