person 0.9995 145 18 274 278
person 0.8130 118 72 303 227
person 0.3348 36 156 519 295
person 0.0351 375 102 442 321
person 0.0247 82 116 414 332
person 0.0228 412 84 436 338
person 0.0067 404 -13 435 371
person 0.0028 380 181 439 303
person 0.0013 355 172 458 314
person 0.0012 426 119 433 330
car 0.0088 -34 72 120 192
car 0.0038 -8 76 48 187
dog 0.0012 82 116 414 332
horse 0.9934 90 94 408 316
horse 0.9895 -24 120 531 290
horse 0.0648 98 84 321 241
horse 0.0252 139 -69 274 388
horse 0.0106 308 39 445 370
horse 0.0032 375 102 442 321
horse 0.0032 412 84 436 338
horse 0.0010 210 143 489 276
chair 0.0010 146 17 271 251
