person 0.9471 16 -11 321 519
person 0.0951 291 0 340 247
person 0.0300 -79 247 353 488
person 0.0081 -52 49 243 445
person 0.0062 16 -17 96 45
person 0.0035 83 199 390 461
person 0.0032 -43 -22 210 54
person 0.0025 117 -42 382 100
person 0.0025 89 315 398 492
person 0.0018 283 0 309 13
person 0.0017 45 -1 86 6
person 0.0017 286 -5 306 27
person 0.0017 -46 128 393 373
person 0.0017 25 219 177 330
person 0.0013 -36 -33 120 80
person 0.0011 3 -6 108 18
person 0.0010 -35 50 433 295
car 0.4710 125 -95 353 183
car 0.1181 89 -40 379 98
car 0.0073 5 -33 264 82
car 0.0068 281 -9 340 149
car 0.0051 21 -17 407 47
car 0.0050 -39 -18 237 50
car 0.0021 133 -22 190 79
car 0.0016 242 -18 330 41
car 0.0015 -33 -52 214 163
car 0.0012 247 -45 366 97
car 0.0012 104 -4 219 12
car 0.0011 210 -7 343 20
motorbike 0.0011 120 -76 353 144
bus 0.0012 84 -69 342 136
boat 0.0010 120 -76 353 144
chair 0.8652 12 97 323 548
chair 0.3670 -64 39 242 304
chair 0.2338 -85 254 417 485
chair 0.0473 89 315 398 492
chair 0.0225 18 -11 314 368
chair 0.0094 -46 167 390 413
chair 0.0056 -33 383 291 554
chair 0.0049 -27 -22 223 71
chair 0.0049 185 173 357 653
chair 0.0048 291 12 340 197
chair 0.0034 224 297 354 560
chair 0.0024 120 -76 353 144
chair 0.0022 -69 100 414 323
chair 0.0017 21 302 308 596
chair 0.0015 -88 351 345 506
chair 0.0012 288 394 343 535
sofa 0.5020 16 24 323 538
sofa 0.1036 -64 39 242 304
sofa 0.0271 -85 254 417 485
sofa 0.0066 -46 167 390 413
sofa 0.0049 -29 73 430 350
sofa 0.0025 -57 95 240 468
sofa 0.0016 89 315 398 492
diningtable 0.0015 288 4 340 171
diningtable 0.0011 262 31 348 115
diningtable 0.0010 125 -95 353 183
