person 0.9983 -39 240 173 492
person 0.9980 312 155 383 590
person 0.1432 -7 147 327 489
person 0.0462 10 148 114 559
person 0.0417 2 74 364 369
person 0.0137 72 40 280 526
person 0.0057 -15 45 147 610
person 0.0056 223 172 276 529
person 0.0048 54 120 136 553
person 0.0038 38 220 92 376
person 0.0031 -18 196 106 439
person 0.0018 236 205 275 432
person 0.0017 -7 222 41 374
person 0.0016 270 230 405 501
person 0.0015 67 256 105 497
person 0.0014 -3 273 10 294
car 0.0025 -3 273 10 294
car 0.0015 241 206 318 270
horse 0.9889 21 64 332 501
horse 0.0062 236 205 275 432
horse 0.0049 36 164 176 319
horse 0.0028 222 167 278 510
