person 0.9933 202 99 303 315
person 0.1646 181 10 323 400
person 0.1084 76 140 591 314
person 0.0349 -48 213 137 379
person 0.0306 276 133 348 203
person 0.0247 441 130 457 147
person 0.0142 291 145 328 191
person 0.0081 -7 185 34 361
person 0.0069 396 158 420 182
person 0.0046 420 131 434 140
person 0.0046 -13 162 73 379
person 0.0038 453 134 473 147
person 0.0035 92 89 130 155
person 0.0021 -2 57 20 371
person 0.0018 297 149 323 177
person 0.0016 204 123 268 268
person 0.0015 330 140 371 203
person 0.0015 492 136 499 163
person 0.0014 -7 244 34 327
person 0.0014 317 129 385 213
person 0.0013 317 147 341 177
person 0.0013 348 166 371 193
person 0.0011 -6 72 37 431
person 0.0011 303 138 343 185
person 0.0010 495 156 500 204
person 0.0010 493 132 500 152
person 0.0010 408 132 446 146
person 0.0010 409 133 429 147
car 0.9901 55 129 612 309
car 0.1747 453 134 473 147
car 0.0753 127 95 232 287
car 0.0522 408 132 446 146
car 0.0415 333 106 424 157
car 0.0187 394 125 465 153
car 0.0180 134 113 194 277
car 0.0164 420 131 434 140
car 0.0144 441 130 457 147
car 0.0124 217 115 236 133
car 0.0105 493 132 500 152
car 0.0086 409 133 429 147
car 0.0082 181 10 323 400
car 0.0064 425 130 446 140
car 0.0040 182 82 526 345
car 0.0036 59 85 144 141
car 0.0030 373 121 403 146
car 0.0030 476 134 496 152
car 0.0030 75 101 94 121
car 0.0028 492 136 499 163
car 0.0025 -7 185 34 361
car 0.0025 93 106 130 156
car 0.0018 414 130 426 141
car 0.0017 467 134 483 149
car 0.0017 421 126 491 153
car 0.0016 83 98 141 163
car 0.0013 219 123 235 133
car 0.0013 213 106 534 162
car 0.0011 96 113 125 138
aeroplane 0.0028 80 106 502 324
dog 0.0059 -48 213 137 379
dog 0.0013 200 138 251 244
bottle 0.0014 -8 230 38 353
chair 0.0120 -8 230 38 353
chair 0.0026 -33 210 92 377
sofa 0.0010 -8 230 38 353
diningtable 0.0136 -8 230 38 353
diningtable 0.0013 -33 210 92 377
