person 0.9978 20 30 309 480
person 0.9671 -34 6 209 282
person 0.7338 94 12 386 408
person 0.0521 -67 198 396 458
person 0.0468 -58 95 257 408
person 0.0083 -10 -45 54 140
person 0.0073 -10 -60 86 228
person 0.0065 25 77 135 326
person 0.0045 5 32 161 396
person 0.0037 88 134 136 312
person 0.0024 150 -1 190 12
person 0.0023 112 -8 230 22
person 0.0022 87 -74 181 363
person 0.0022 22 95 84 185
person 0.0014 -53 235 227 428
person 0.0012 33 -4 251 12
person 0.0011 33 109 76 172
person 0.0010 91 -4 308 15
person 0.0010 130 -17 213 40
car 0.0019 51 -16 341 38
car 0.0018 63 -6 240 16
boat 0.0020 13 120 315 535
cat 0.3698 11 221 189 518
cat 0.0077 -56 312 232 490
cat 0.0021 53 284 173 454
dog 0.0014 24 228 199 515
sheep 0.0250 11 221 189 518
sheep 0.0032 7 185 323 531
chair 0.0027 13 120 315 535
sofa 0.0254 13 120 315 535
sofa 0.0018 -67 198 396 458
