person 0.1761 213 41 299 279
person 0.0774 143 74 190 238
person 0.0460 122 48 168 264
person 0.0282 197 72 246 211
person 0.0217 388 103 425 164
person 0.0169 310 63 357 178
person 0.0161 363 62 391 170
person 0.0140 373 92 443 176
person 0.0130 354 53 476 196
person 0.0111 147 83 167 168
person 0.0109 107 82 138 170
person 0.0071 391 102 468 167
person 0.0055 106 55 147 257
person 0.0054 415 111 437 134
person 0.0048 137 114 203 212
person 0.0044 215 64 264 247
person 0.0042 208 93 247 177
person 0.0030 145 116 175 190
person 0.0024 93 101 124 162
person 0.0023 127 66 204 283
person 0.0021 466 113 501 175
person 0.0018 87 66 134 246
person 0.0018 -2 -37 17 430
person 0.0015 321 103 358 164
person 0.0014 54 -39 220 351
person 0.0013 120 -6 309 311
person 0.0013 368 112 388 154
person 0.0013 396 118 417 154
person 0.0013 80 59 206 218
person 0.0012 264 31 361 289
person 0.0012 227 107 288 251
person 0.0011 160 127 194 182
person 0.0011 427 109 446 136
person 0.0011 229 56 292 188
person 0.0010 100 112 117 156
train 0.9890 56 -42 504 399
train 0.0044 203 16 372 361
train 0.0028 120 -6 309 311
train 0.0022 2 48 506 253
train 0.0010 225 35 572 345
train 0.0010 -3 7 19 277
chair 0.0125 141 108 196 247
chair 0.0053 391 102 468 167
chair 0.0028 357 83 507 190
chair 0.0019 146 125 188 201
chair 0.0011 465 128 504 174
