person 0.9978 191 122 275 426
person 0.9977 140 113 219 426
person 0.9975 232 130 314 430
person 0.0200 6 194 14 203
person 0.0145 5 194 10 204
person 0.0043 -18 222 98 414
person 0.0013 294 232 304 252
bicycle 0.0084 -18 222 98 414
boat 0.2522 47 189 76 199
boat 0.2015 6 194 14 203
boat 0.0707 5 194 10 204
boat 0.0481 78 189 99 199
boat 0.0416 9 171 491 435
boat 0.0252 354 183 380 203
boat 0.0237 60 190 77 199
boat 0.0202 6 189 16 203
boat 0.0186 34 229 468 364
boat 0.0123 2 187 7 201
boat 0.0122 95 191 107 199
boat 0.0095 487 194 499 204
boat 0.0077 476 195 500 203
boat 0.0074 431 189 462 202
boat 0.0058 28 12 476 366
boat 0.0055 377 185 397 202
boat 0.0049 165 188 175 200
boat 0.0028 -35 166 224 386
boat 0.0022 487 186 500 204
boat 0.0021 411 197 425 202
boat 0.0019 25 187 39 198
boat 0.0016 21 179 101 206
boat 0.0010 -18 222 98 414
bird 0.0033 433 239 440 245
bird 0.0032 354 238 362 248
bird 0.0013 5 194 10 204
chair 0.0320 -39 221 120 438
chair 0.0043 -17 248 92 407
diningtable 0.0025 -18 222 98 414
