bottle 0.0504 169 34 198 96
bottle 0.0214 234 28 254 94
bottle 0.0070 482 213 503 305
bottle 0.0065 256 42 270 89
bottle 0.0051 355 81 365 107
bottle 0.0050 305 23 331 96
bottle 0.0040 250 37 276 91
bottle 0.0035 134 35 168 94
bottle 0.0034 362 83 371 106
bottle 0.0033 362 145 383 180
bottle 0.0028 263 28 287 94
bottle 0.0024 492 245 501 290
bottle 0.0023 358 95 380 121
bottle 0.0020 352 90 371 122
bottle 0.0016 355 140 392 183
bottle 0.0016 221 24 247 94
bottle 0.0014 123 -11 155 43
bottle 0.0013 476 172 504 337
bottle 0.0012 218 -25 259 109
bottle 0.0012 250 42 263 89
bottle 0.0010 266 41 281 89
bottle 0.0010 246 -1 258 25
bottle 0.0010 348 67 374 129
chair 0.9986 242 113 569 355
chair 0.0077 92 219 186 415
chair 0.0028 149 -11 269 281
chair 0.0028 49 109 192 497
chair 0.0020 -6 88 214 348
sofa 0.0014 290 113 565 346
pottedplant 0.0010 476 172 504 337
diningtable 0.0034 17 49 348 116
diningtable 0.0020 127 93 389 283
tvmonitor 0.9975 209 24 357 220
tvmonitor 0.9862 135 24 282 240
tvmonitor 0.0192 237 57 319 189
tvmonitor 0.0066 162 63 249 202
tvmonitor 0.0050 107 -35 261 305
tvmonitor 0.0046 30 93 192 504
tvmonitor 0.0036 84 212 178 421
tvmonitor 0.0022 153 -7 336 287
tvmonitor 0.0019 184 -32 228 113
