person 0.9702 294 297 316 368
person 0.6513 46 247 60 269
person 0.3676 57 249 70 269
person 0.2784 287 282 298 307
person 0.2364 64 247 77 269
person 0.1736 429 278 442 303
person 0.0634 413 279 429 302
person 0.0382 465 279 484 299
person 0.0357 482 93 503 460
person 0.0356 305 291 321 307
person 0.0344 314 292 328 307
person 0.0257 310 282 319 297
person 0.0226 146 255 153 270
person 0.0176 401 280 413 301
person 0.0162 154 255 161 270
person 0.0156 192 247 200 267
person 0.0117 295 282 306 299
person 0.0116 276 259 285 279
person 0.0112 11 221 22 256
person 0.0104 126 260 132 270
person 0.0101 342 290 358 304
person 0.0096 418 284 433 304
person 0.0095 298 314 311 355
person 0.0090 323 292 338 308
person 0.0086 194 245 202 259
person 0.0073 186 247 194 267
person 0.0062 349 288 374 304
person 0.0061 136 259 142 271
person 0.0058 337 279 346 295
person 0.0057 281 285 292 307
person 0.0056 477 278 488 297
person 0.0050 69 155 506 374
person 0.0050 314 282 324 297
person 0.0047 449 279 465 299
person 0.0045 289 260 298 276
person 0.0044 332 290 350 306
person 0.0041 73 249 82 269
person 0.0040 203 285 216 306
person 0.0040 294 287 308 304
person 0.0037 358 288 380 302
person 0.0037 4 249 22 268
person 0.0034 392 282 406 298
person 0.0034 238 283 251 311
person 0.0033 339 268 348 294
person 0.0031 25 237 41 259
person 0.0031 439 278 453 299
person 0.0030 271 258 281 277
person 0.0025 208 240 219 255
person 0.0022 166 254 172 267
person 0.0021 382 283 398 297
person 0.0019 486 193 502 306
person 0.0018 16 231 25 253
person 0.0017 353 286 366 296
person 0.0017 186 247 193 260
person 0.0017 202 284 229 310
person 0.0016 41 248 52 269
person 0.0016 179 222 477 382
person 0.0015 467 77 507 474
person 0.0015 202 243 211 257
person 0.0015 469 275 481 289
person 0.0014 345 285 356 294
person 0.0013 276 277 324 381
person 0.0012 163 290 176 311
person 0.0012 20 239 29 256
person 0.0011 151 237 161 260
person 0.0011 362 286 375 297
person 0.0011 0 246 7 274
person 0.0010 95 259 101 274
person 0.0010 15 251 28 267
car 0.9869 220 261 444 360
car 0.0903 321 266 416 343
car 0.0887 465 279 484 299
car 0.0297 325 280 415 320
car 0.0179 481 181 504 437
car 0.0169 129 273 264 321
car 0.0154 202 284 229 310
car 0.0109 433 266 500 312
car 0.0094 189 267 262 323
car 0.0090 358 288 380 302
car 0.0081 227 282 300 318
car 0.0078 477 278 488 297
car 0.0071 413 279 429 302
car 0.0063 243 293 285 308
car 0.0062 418 284 433 304
car 0.0048 349 288 374 304
car 0.0036 449 279 465 299
car 0.0027 366 296 398 315
car 0.0020 -39 269 133 359
car 0.0018 382 283 398 297
car 0.0017 429 278 442 303
car 0.0016 0 246 7 274
car 0.0016 238 283 251 311
car 0.0016 459 284 474 305
car 0.0015 392 282 406 298
car 0.0015 -22 213 368 389
car 0.0013 456 269 491 309
car 0.0012 367 291 393 304
car 0.0012 108 290 188 320
car 0.0012 163 286 193 311
car 0.0012 -14 229 46 289
car 0.0011 266 284 359 314
car 0.0011 141 262 216 319
car 0.0010 489 203 501 430
bus 0.0985 481 136 504 448
bus 0.0016 486 202 500 375
train 0.0039 481 136 504 448
boat 0.0215 -77 28 261 272
boat 0.0035 0 121 265 407
boat 0.0030 -29 -122 157 258
boat 0.0027 481 136 504 448
boat 0.0026 -79 141 274 308
boat 0.0024 44 144 450 383
boat 0.0013 -22 47 151 419
boat 0.0010 -64 -10 197 180
dog 0.0010 293 292 316 369
