person 0.9982 27 -1 211 324
person 0.9881 -42 19 273 268
car 0.0012 -39 77 278 299
bottle 0.0047 26 -7 210 297
bottle 0.0018 -40 309 116 414
chair 0.2436 -39 77 278 299
chair 0.0131 195 131 245 239
chair 0.0077 -3 -4 195 328
chair 0.0056 178 91 248 250
chair 0.0012 144 165 233 387
chair 0.0010 198 63 303 303
sofa 0.0011 -39 77 278 299
diningtable 0.8635 -74 242 365 379
diningtable 0.2175 13 212 278 396
diningtable 0.0199 195 131 245 239
diningtable 0.0094 147 168 220 427
diningtable 0.0030 -12 222 114 466
diningtable 0.0017 194 83 249 287
diningtable 0.0013 195 42 304 268
