person 0.8196 122 311 137 352
person 0.7971 197 313 208 353
person 0.6577 184 315 197 356
person 0.1795 234 303 255 383
person 0.1125 240 319 252 343
person 0.0568 202 316 211 349
person 0.0497 117 307 142 357
person 0.0154 236 318 247 344
person 0.0138 179 311 202 358
person 0.0125 137 313 147 346
person 0.0102 88 315 98 342
person 0.0090 239 313 250 336
person 0.0079 147 317 156 340
person 0.0070 79 314 93 342
person 0.0066 67 307 84 339
person 0.0065 126 315 136 335
person 0.0055 189 308 214 356
person 0.0054 213 317 221 343
person 0.0052 234 320 245 361
person 0.0051 120 314 130 336
person 0.0045 107 312 117 335
person 0.0027 61 296 92 349
person 0.0025 60 319 73 341
person 0.0019 122 327 139 348
person 0.0016 204 328 212 347
person 0.0013 263 318 273 343
person 0.0012 298 291 311 390
person 0.0011 239 329 253 375
person 0.0010 2 308 14 338
bicycle 0.9894 -14 310 63 478
bicycle 0.1747 233 309 257 390
bicycle 0.0884 -34 285 107 500
bicycle 0.0106 184 315 195 359
bicycle 0.0092 233 326 244 376
bicycle 0.0087 239 329 253 375
bicycle 0.0021 197 324 206 350
bicycle 0.0014 9 321 70 437
bicycle 0.0011 -4 336 22 363
bicycle 0.0010 -21 337 59 402
motorbike 0.0026 233 309 257 390
boat 0.0015 -4 247 170 508
chair 0.0433 107 331 173 421
chair 0.0151 120 337 164 403
chair 0.0018 -14 307 47 374
chair 0.0013 -1 312 35 368
chair 0.0010 -6 333 21 351
pottedplant 0.0016 140 335 157 364
diningtable 0.0070 -22 312 181 441
diningtable 0.0033 -15 311 84 471
diningtable 0.0015 -19 345 149 375
diningtable 0.0011 -6 333 21 351
