person 0.6673 212 77 343 320
person 0.2313 196 -11 363 407
person 0.0055 138 119 219 203
person 0.0032 30 162 520 362
person 0.0024 115 104 254 243
person 0.0023 465 328 507 388
person 0.0020 482 72 502 475
person 0.0010 208 231 239 328
bicycle 0.0013 436 82 512 427
bicycle 0.0011 356 63 522 472
bicycle 0.0011 482 72 502 475
bicycle 0.0010 473 107 504 362
car 0.0176 466 122 505 306
car 0.0029 466 168 509 237
car 0.0016 69 127 443 394
car 0.0011 438 56 510 338
motorbike 0.0012 466 122 505 306
bus 0.0015 69 127 443 394
bottle 0.0065 138 119 219 203
diningtable 0.0015 30 162 520 362
