person 0.8941 32 160 471 329
person 0.8326 -92 111 356 309
person 0.6906 121 9 297 413
person 0.5336 152 86 292 340
person 0.5261 20 11 77 122
person 0.4143 0 -20 58 110
person 0.2308 -10 -7 99 141
person 0.0388 41 43 217 372
person 0.0350 275 70 315 136
person 0.0345 -39 113 530 434
person 0.0202 209 173 581 321
person 0.0149 -49 95 164 317
person 0.0109 26 14 137 150
person 0.0082 -2 19 60 171
person 0.0077 96 136 232 298
person 0.0076 -12 34 94 395
person 0.0071 61 49 85 80
person 0.0070 326 -40 419 200
person 0.0064 268 52 331 153
person 0.0054 9 47 52 116
person 0.0053 -101 213 601 321
person 0.0041 -3 -16 29 176
person 0.0037 35 60 68 113
person 0.0035 39 35 101 94
person 0.0034 39 40 458 309
person 0.0031 54 72 72 99
person 0.0030 52 45 90 86
person 0.0026 3 40 41 93
person 0.0021 130 153 196 281
person 0.0020 267 43 537 441
person 0.0017 31 24 71 89
person 0.0014 346 56 406 177
person 0.0014 -2 48 16 140
person 0.0014 154 127 205 261
person 0.0012 103 20 132 46
person 0.0011 135 5 164 27
person 0.0011 32 135 212 260
person 0.0010 -2 -48 10 143
person 0.0010 477 76 505 151
person 0.0010 2 1 25 110
car 0.0011 16 2 189 279
bottle 0.1370 319 100 349 167
bottle 0.0483 292 99 308 131
bottle 0.0365 272 105 292 146
bottle 0.0357 285 100 314 165
bottle 0.0178 429 111 469 192
bottle 0.0162 281 64 319 139
bottle 0.0117 437 80 475 205
bottle 0.0095 470 73 507 155
bottle 0.0084 402 115 447 193
bottle 0.0081 268 102 280 146
bottle 0.0048 275 53 324 176
bottle 0.0045 478 134 505 207
bottle 0.0042 287 101 302 127
bottle 0.0020 284 106 303 139
bottle 0.0020 269 96 340 172
bottle 0.0018 289 113 310 151
bottle 0.0015 324 110 344 158
bottle 0.0014 297 91 309 117
bottle 0.0013 26 14 137 150
bottle 0.0011 244 110 265 139
bottle 0.0010 277 106 289 124
chair 0.0964 223 93 291 151
chair 0.0352 32 47 202 241
chair 0.0227 26 124 217 300
chair 0.0110 208 33 381 345
chair 0.0090 182 94 267 156
chair 0.0078 287 126 533 237
chair 0.0038 211 108 270 236
chair 0.0038 201 96 320 283
chair 0.0026 264 101 372 288
chair 0.0018 398 107 446 201
chair 0.0017 159 66 283 175
chair 0.0017 171 83 298 344
chair 0.0015 10 49 34 83
chair 0.0015 379 89 490 220
chair 0.0015 179 52 222 176
chair 0.0014 241 103 281 144
chair 0.0014 182 60 210 133
chair 0.0013 331 119 425 166
chair 0.0013 4 43 46 108
chair 0.0013 266 101 351 170
chair 0.0012 4 20 202 381
chair 0.0012 -8 78 32 147
chair 0.0011 105 175 613 320
chair 0.0011 59 53 122 133
chair 0.0011 289 62 531 337
chair 0.0010 -27 -7 124 161
sofa 0.0797 26 124 217 300
sofa 0.0225 32 47 202 241
sofa 0.0087 107 60 323 406
sofa 0.0085 -39 113 530 434
sofa 0.0069 -84 143 298 321
sofa 0.0051 32 160 471 329
sofa 0.0029 4 20 202 381
sofa 0.0015 208 33 381 345
diningtable 0.3994 184 34 401 315
diningtable 0.0139 287 126 533 237
diningtable 0.0100 200 91 319 271
diningtable 0.0074 413 146 530 272
diningtable 0.0039 49 135 533 288
diningtable 0.0032 284 42 528 305
diningtable 0.0032 176 96 344 183
diningtable 0.0031 -39 14 146 173
diningtable 0.0028 88 101 493 238
diningtable 0.0024 264 111 406 204
diningtable 0.0019 431 125 509 344
diningtable 0.0015 250 101 387 289
diningtable 0.0010 160 16 331 395
tvmonitor 0.0426 25 50 201 234
tvmonitor 0.0242 26 14 137 150
tvmonitor 0.0068 465 59 507 171
tvmonitor 0.0064 182 60 210 133
tvmonitor 0.0035 477 76 505 151
tvmonitor 0.0034 469 132 508 207
tvmonitor 0.0024 436 113 515 207
tvmonitor 0.0022 -19 4 153 180
tvmonitor 0.0019 -3 -31 30 152
tvmonitor 0.0015 410 96 527 227
tvmonitor 0.0012 -6 39 30 195
tvmonitor 0.0012 54 29 119 134
tvmonitor 0.0011 -2 -48 10 143
