person 0.9541 45 -1 456 383
person 0.8889 -111 182 407 362
person 0.0032 -18 78 297 441
person 0.0019 491 -48 502 126
person 0.0015 477 -53 503 142
person 0.0014 423 -48 509 175
person 0.0013 340 63 542 330
car 0.0079 80 -21 471 342
car 0.0014 273 -31 350 72
car 0.0011 242 64 567 324
motorbike 0.0011 244 90 570 345
boat 0.0081 222 -6 488 380
boat 0.0020 42 -9 460 335
dog 0.9495 -112 186 439 364
dog 0.0045 8 70 326 458
dog 0.0017 42 -9 460 335
sheep 0.0022 181 -7 464 381
bottle 0.0113 282 -20 340 72
bottle 0.0020 263 -33 364 84
chair 0.3364 181 -7 464 381
chair 0.2560 244 90 570 345
chair 0.0618 27 56 413 374
chair 0.0551 394 -1 520 396
chair 0.0446 -103 140 435 330
chair 0.0122 281 -39 346 285
chair 0.0102 395 38 536 166
chair 0.0069 103 38 556 271
chair 0.0041 304 60 364 134
chair 0.0040 490 -11 502 126
chair 0.0037 423 -48 509 175
chair 0.0036 495 41 500 96
chair 0.0022 -7 153 37 280
chair 0.0021 484 39 503 133
chair 0.0018 304 199 530 462
chair 0.0016 497 8 499 107
chair 0.0015 475 -34 503 198
chair 0.0010 -36 122 129 302
sofa 0.3714 27 56 413 374
sofa 0.0796 -103 140 435 330
sofa 0.0089 335 77 540 354
sofa 0.0046 181 -7 464 381
sofa 0.0031 417 -16 512 412
sofa 0.0011 304 199 530 462
sofa 0.0010 157 97 587 345
sofa 0.0010 -17 126 313 403
