person 0.9979 99 56 201 481
person 0.9968 276 66 371 449
person 0.9963 163 71 272 434
person 0.9764 230 61 324 449
person 0.7223 127 144 304 370
person 0.5726 60 144 233 388
person 0.2779 330 105 371 331
person 0.1038 187 153 393 360
person 0.0166 331 144 372 239
person 0.0059 280 117 367 319
person 0.0039 314 127 371 267
person 0.0014 325 136 355 206
person 0.0012 138 4 293 512
bicycle 0.9916 -21 91 138 437
bicycle 0.9781 366 75 522 424
bicycle 0.9747 99 130 422 505
bicycle 0.7550 52 249 467 374
bicycle 0.2863 383 151 513 353
bicycle 0.0824 -9 172 36 370
bicycle 0.0123 -17 177 73 363
bicycle 0.0120 -27 184 161 363
bicycle 0.0043 -5 207 31 273
bicycle 0.0039 -1 181 12 316
bicycle 0.0032 33 170 133 347
bicycle 0.0025 -15 200 48 280
bicycle 0.0019 0 201 5 280
bicycle 0.0018 -38 180 100 295
bicycle 0.0018 -3 226 16 331
bicycle 0.0018 101 253 260 422
bicycle 0.0015 257 245 416 425
bicycle 0.0015 289 243 343 415
bicycle 0.0014 471 135 506 336
bicycle 0.0012 36 205 109 271
bicycle 0.0012 -8 226 30 313
bicycle 0.0010 60 144 233 388
car 0.0267 460 117 508 240
car 0.0064 466 127 508 182
car 0.0021 468 148 505 174
car 0.0013 112 141 434 494
car 0.0013 454 149 514 215
motorbike 0.0048 -21 91 138 437
motorbike 0.0028 366 75 522 424
motorbike 0.0018 383 151 513 353
boat 0.0037 460 117 508 240
boat 0.0012 454 149 514 215
bottle 0.0118 448 219 464 258
bottle 0.0057 242 291 271 358
bottle 0.0042 438 225 452 257
bottle 0.0037 443 212 470 269
bottle 0.0028 432 225 448 253
bottle 0.0025 305 197 318 212
bottle 0.0011 43 248 62 285
bottle 0.0011 178 268 192 308
bottle 0.0011 243 292 268 324
bottle 0.0010 212 280 239 337
bottle 0.0010 236 283 273 332
chair 0.0057 97 265 261 423
chair 0.0016 460 117 508 240
pottedplant 0.0071 363 121 419 271
pottedplant 0.0020 355 1 519 375
pottedplant 0.0018 353 63 442 294
diningtable 0.0020 52 249 467 374
diningtable 0.0018 99 130 422 505
