bottle 0.3081 394 132 409 176
bottle 0.0081 241 226 256 253
bottle 0.0076 398 138 412 182
bottle 0.0068 376 142 396 171
bottle 0.0017 0 153 5 209
bottle 0.0015 254 218 271 256
bottle 0.0014 401 137 409 157
bottle 0.0013 397 137 406 157
chair 0.9188 224 128 296 268
chair 0.9115 168 143 227 235
chair 0.5636 153 128 250 249
chair 0.3408 -19 121 148 434
chair 0.2538 -23 143 73 217
chair 0.0365 -18 201 105 374
chair 0.0313 215 163 297 236
chair 0.0290 -12 180 56 299
chair 0.0223 226 157 241 172
chair 0.0216 254 152 271 177
chair 0.0214 -29 163 87 314
chair 0.0151 195 121 319 239
chair 0.0149 0 153 5 209
chair 0.0126 -7 134 59 255
chair 0.0099 219 163 254 177
chair 0.0089 249 148 281 196
chair 0.0087 225 144 302 200
chair 0.0082 188 154 301 189
chair 0.0078 231 94 290 221
chair 0.0078 256 139 290 224
chair 0.0077 221 157 235 172
chair 0.0049 215 117 267 242
chair 0.0044 466 203 504 375
chair 0.0044 39 170 102 300
chair 0.0037 233 155 256 173
chair 0.0031 200 147 273 184
chair 0.0031 163 149 229 195
chair 0.0029 176 162 212 178
chair 0.0027 263 156 283 183
chair 0.0026 248 149 263 177
chair 0.0026 404 192 530 357
chair 0.0019 176 160 212 171
chair 0.0019 217 150 254 193
chair 0.0018 -38 141 127 228
chair 0.0018 0 145 3 203
chair 0.0015 -63 127 429 438
chair 0.0014 175 155 277 224
chair 0.0013 -3 140 9 223
chair 0.0013 162 84 322 335
chair 0.0012 -6 117 35 314
chair 0.0012 256 135 268 176
chair 0.0012 235 99 271 188
chair 0.0010 0 175 3 210
chair 0.0010 277 139 525 440
chair 0.0010 235 181 274 197
chair 0.0010 2 143 125 324
sofa 0.8260 -26 134 451 436
sofa 0.5842 -19 121 148 434
sofa 0.1037 -3 209 423 337
sofa 0.0703 -18 201 105 374
sofa 0.0574 107 89 304 401
sofa 0.0382 277 139 525 440
sofa 0.0095 -12 180 56 299
sofa 0.0092 -23 143 73 217
sofa 0.0087 -29 163 87 314
sofa 0.0021 -29 129 94 255
sofa 0.0019 158 137 239 240
sofa 0.0013 429 177 512 373
sofa 0.0012 -73 167 202 324
sofa 0.0011 -7 158 35 385
pottedplant 0.0051 201 26 269 84
pottedplant 0.0039 217 -2 272 127
pottedplant 0.0033 231 94 290 221
pottedplant 0.0026 223 42 246 71
pottedplant 0.0017 214 34 251 79
pottedplant 0.0013 205 43 286 108
diningtable 0.2599 157 115 322 270
diningtable 0.1775 -41 136 135 258
diningtable 0.0963 107 89 304 401
diningtable 0.0652 -13 123 106 310
diningtable 0.0520 185 152 286 190
diningtable 0.0358 219 163 254 177
diningtable 0.0253 72 179 323 297
diningtable 0.0237 153 128 250 249
diningtable 0.0143 -50 169 118 228
diningtable 0.0046 -28 60 143 432
diningtable 0.0036 214 145 298 218
diningtable 0.0027 -23 143 73 217
diningtable 0.0025 211 130 272 257
diningtable 0.0022 147 148 285 214
diningtable 0.0019 109 206 262 248
diningtable 0.0015 26 169 100 210
diningtable 0.0015 195 139 248 244
diningtable 0.0015 165 204 247 240
diningtable 0.0012 39 170 102 300
diningtable 0.0011 277 139 525 440
diningtable 0.0010 -7 134 59 255
tvmonitor 0.9976 316 39 466 193
tvmonitor 0.0190 326 -32 465 270
tvmonitor 0.0029 354 60 431 173
tvmonitor 0.0021 -23 143 73 217
