person 0.9998 76 83 351 491
person 0.9991 10 181 218 476
person 0.0951 -26 176 107 354
person 0.0372 4 195 74 336
person 0.0259 37 189 88 329
person 0.0073 -9 166 88 508
person 0.0054 -30 274 146 480
person 0.0019 47 210 86 283
bottle 0.0041 116 193 163 366
bottle 0.0010 76 99 353 429
chair 0.2273 -12 208 92 553
chair 0.0960 -23 187 99 356
chair 0.0408 -37 292 133 492
chair 0.0224 0 204 73 339
chair 0.0165 263 183 390 493
chair 0.0045 285 374 400 528
chair 0.0038 126 388 262 548
chair 0.0037 26 271 82 399
chair 0.0028 -26 84 120 710
chair 0.0026 -20 240 240 481
chair 0.0024 -27 247 109 419
chair 0.0011 157 403 226 530
sofa 0.8895 -13 213 95 570
sofa 0.6257 -33 297 150 490
sofa 0.2190 -20 240 240 481
sofa 0.0729 -23 78 140 717
sofa 0.0687 -23 187 99 356
sofa 0.0131 0 204 73 339
sofa 0.0062 -76 303 371 484
sofa 0.0060 -13 366 101 534
sofa 0.0048 -27 247 109 419
sofa 0.0038 263 183 390 493
sofa 0.0031 12 261 81 407
sofa 0.0030 -20 138 143 425
sofa 0.0024 14 170 362 470
sofa 0.0015 11 176 98 457
pottedplant 0.0016 -29 86 84 198
pottedplant 0.0013 -16 96 52 179
pottedplant 0.0013 116 193 163 366
pottedplant 0.0011 323 191 383 332
pottedplant 0.0010 76 99 353 429
diningtable 0.0025 14 170 362 470
diningtable 0.0014 -76 303 371 484
tvmonitor 0.0066 267 205 387 395
