person 0.0186 229 75 303 159
person 0.0053 44 75 132 178
person 0.0048 6 134 267 253
person 0.0021 271 77 295 140
person 0.0019 251 84 293 148
boat 0.0016 234 71 306 159
bird 0.9359 260 41 275 64
bird 0.8605 307 45 323 61
bird 0.2956 234 71 306 159
bird 0.2582 420 49 436 88
bird 0.2578 280 72 293 87
bird 0.1989 444 47 456 69
bird 0.1622 6 134 267 253
bird 0.1244 271 77 295 140
bird 0.0986 344 42 382 110
bird 0.0726 209 -67 516 192
bird 0.0616 390 52 405 66
bird 0.0480 350 12 365 31
bird 0.0466 216 55 330 170
bird 0.0419 339 3 366 78
bird 0.0288 429 106 458 161
bird 0.0235 415 42 440 97
bird 0.0194 387 55 398 68
bird 0.0189 245 89 288 145
bird 0.0186 349 113 376 136
bird 0.0149 45 74 215 299
bird 0.0136 407 93 424 108
bird 0.0120 332 32 393 119
bird 0.0109 360 51 378 68
bird 0.0107 389 9 415 74
bird 0.0106 453 116 490 180
bird 0.0098 344 15 362 44
bird 0.0095 401 17 409 29
bird 0.0081 423 52 433 72
bird 0.0071 340 51 358 67
bird 0.0052 434 112 453 145
bird 0.0042 277 86 290 114
bird 0.0039 139 26 587 174
bird 0.0038 251 97 278 123
bird 0.0033 359 52 380 85
bird 0.0032 420 68 436 86
bird 0.0028 396 52 414 67
bird 0.0017 54 79 117 189
bird 0.0017 391 55 404 77
bird 0.0017 9 -46 417 174
bird 0.0016 393 20 408 61
bird 0.0016 358 0 370 5
bird 0.0016 279 77 291 94
bird 0.0016 401 21 411 37
bird 0.0015 284 45 303 52
bird 0.0014 261 102 283 130
bird 0.0014 33 66 138 201
bird 0.0013 178 9 454 98
bird 0.0012 400 25 413 55
bird 0.0011 353 50 370 67
bird 0.0010 350 50 372 88
bird 0.0010 291 45 316 55
cat 0.0116 229 75 303 159
cat 0.0083 6 134 267 253
cat 0.0017 44 75 132 178
cat 0.0014 271 77 295 140
dog 0.9639 -1 134 260 255
dog 0.8527 54 79 117 189
dog 0.7660 33 66 138 201
dog 0.3404 45 74 215 299
dog 0.1382 229 75 303 159
dog 0.0196 57 93 105 160
dog 0.0069 271 77 295 140
dog 0.0062 216 55 330 170
dog 0.0053 245 89 288 145
dog 0.0024 14 67 227 202
dog 0.0023 64 101 96 128
horse 0.0079 234 71 306 159
horse 0.0065 44 75 132 178
horse 0.0011 271 77 295 140
horse 0.0010 -1 134 260 255
sheep 0.0288 -1 134 260 255
sheep 0.0049 44 75 132 178
sheep 0.0028 234 71 306 159
cow 0.0207 229 75 303 159
cow 0.0142 216 55 330 170
cow 0.0067 271 77 295 140
cow 0.0064 46 79 122 175
cow 0.0059 -1 134 260 255
cow 0.0041 209 -67 516 192
cow 0.0014 45 74 215 299
