person 0.0675 227 146 286 279
person 0.0044 204 132 320 294
person 0.0023 294 333 307 352
person 0.0023 19 303 86 387
person 0.0020 -36 279 138 417
person 0.0016 237 318 251 339
person 0.0015 233 169 272 252
person 0.0013 33 313 74 376
car 0.0018 448 296 469 313
car 0.0010 -36 279 138 417
aeroplane 0.0011 22 -6 394 363
boat 0.1928 22 -6 394 363
boat 0.0074 -101 201 448 341
boat 0.0023 200 260 359 364
boat 0.0021 -40 77 308 453
boat 0.0019 476 214 504 414
boat 0.0014 484 270 504 383
boat 0.0012 -21 211 135 458
bird 0.0017 227 146 286 279
bottle 0.0014 253 365 260 376
chair 0.0011 -36 279 138 417
pottedplant 0.0029 22 -6 394 363
pottedplant 0.0010 484 282 504 389
