person 0.0074 159 -142 350 279
person 0.0022 39 -44 175 167
person 0.0018 187 -52 330 185
person 0.0015 -15 -149 207 294
person 0.0012 352 -130 519 270
bicycle 0.0012 -74 117 477 288
cat 0.1143 41 43 144 190
cat 0.0062 6 -21 188 312
cat 0.0053 26 83 148 233
cat 0.0035 -20 66 87 208
cat 0.0024 -33 110 99 246
cat 0.0021 0 83 62 189
cat 0.0014 -82 117 447 287
dog 0.9991 -90 139 457 300
dog 0.0148 41 43 144 190
dog 0.0137 -35 36 394 406
dog 0.0096 6 -21 188 312
dog 0.0067 -20 66 87 208
dog 0.0044 0 83 62 189
dog 0.0039 -81 35 266 252
dog 0.0025 -33 110 99 246
chair 0.6864 -74 9 261 156
chair 0.6791 -15 -149 207 294
chair 0.3453 224 13 574 191
chair 0.0621 90 -40 201 162
chair 0.0321 -13 -52 81 213
chair 0.0227 288 -121 512 339
chair 0.0197 225 -105 436 251
chair 0.0189 -74 117 477 288
chair 0.0186 159 -142 350 279
chair 0.0142 -5 -39 29 204
chair 0.0127 49 -93 212 185
chair 0.0124 217 36 267 177
chair 0.0115 -81 35 266 252
chair 0.0114 274 -10 391 206
chair 0.0110 294 -78 514 148
chair 0.0080 123 -34 197 110
chair 0.0063 393 -29 517 233
chair 0.0057 50 -38 125 122
chair 0.0052 169 -23 274 189
chair 0.0045 -14 50 375 332
chair 0.0040 318 5 465 157
chair 0.0034 246 -14 539 93
chair 0.0033 10 -46 127 170
chair 0.0031 90 13 489 152
chair 0.0023 135 37 525 241
chair 0.0022 397 -32 536 114
chair 0.0016 353 34 426 80
chair 0.0015 -1 -19 8 152
chair 0.0014 433 -18 519 57
chair 0.0014 68 -147 278 279
chair 0.0014 149 -14 243 36
chair 0.0014 341 23 398 135
chair 0.0013 -2 -16 13 93
chair 0.0013 381 -14 455 35
chair 0.0013 36 -40 94 131
chair 0.0011 236 -55 361 182
chair 0.0010 474 0 506 239
chair 0.0010 4 -7 420 221
diningtable 0.4136 176 16 563 188
diningtable 0.0284 294 -78 514 148
diningtable 0.0264 156 -83 350 167
diningtable 0.0135 288 -121 512 339
diningtable 0.0092 -74 9 261 156
diningtable 0.0089 254 -27 497 78
diningtable 0.0068 225 -105 436 251
diningtable 0.0031 -15 -149 207 294
diningtable 0.0031 67 8 440 149
diningtable 0.0022 -74 117 477 288
diningtable 0.0015 275 -24 392 191
diningtable 0.0015 344 -34 555 85
diningtable 0.0014 96 -38 267 94
diningtable 0.0013 -13 -52 81 213
