person 0.2827 8 200 33 274
person 0.1047 -3 220 9 304
person 0.0967 -5 200 20 272
person 0.0401 -7 166 21 318
person 0.0153 163 93 303 221
person 0.0143 21 179 50 272
person 0.0098 11 224 28 265
person 0.0089 12 211 29 243
person 0.0086 -3 217 18 254
person 0.0082 0 175 46 304
person 0.0066 42 -5 382 376
person 0.0050 -1 226 7 284
person 0.0034 -3 184 12 289
person 0.0021 20 211 32 260
person 0.0018 52 203 82 264
person 0.0018 326 114 384 253
person 0.0016 -1 249 6 293
person 0.0013 325 154 362 221
person 0.0013 58 213 77 257
person 0.0012 0 231 12 274
person 0.0012 56 132 214 223
person 0.0011 204 108 267 207
person 0.0010 30 111 86 209
person 0.0010 181 90 250 208
bicycle 0.0048 326 122 383 325
car 0.1416 345 158 380 319
car 0.1060 326 122 383 325
car 0.0231 29 35 390 440
car 0.0099 -5 200 20 272
car 0.0069 341 199 374 288
car 0.0029 -3 217 18 254
car 0.0028 320 158 357 217
car 0.0019 348 175 381 259
car 0.0014 311 143 378 232
car 0.0012 -7 166 21 318
motorbike 0.0258 331 150 382 323
motorbike 0.0013 347 194 380 291
bus 0.9748 9 11 369 424
train 0.0016 16 -9 359 383
bird 0.0011 91 14 121 29
bottle 0.0010 158 449 170 464
