person 0.8077 479 6 502 384
person 0.0224 462 21 507 346
person 0.0032 492 47 500 356
person 0.0023 471 51 504 229
person 0.0017 458 118 473 151
person 0.0015 487 69 501 198
person 0.0012 -20 150 165 500
person 0.0010 489 24 501 481
bottle 0.8874 295 133 316 215
bottle 0.0156 433 230 445 252
bottle 0.0081 439 214 450 244
bottle 0.0080 420 101 433 129
bottle 0.0078 432 218 443 242
bottle 0.0075 419 219 435 240
bottle 0.0072 441 134 449 159
bottle 0.0071 431 125 442 149
bottle 0.0070 430 130 445 157
bottle 0.0065 433 200 445 222
bottle 0.0064 440 195 450 222
bottle 0.0059 298 146 313 199
bottle 0.0053 432 210 442 230
bottle 0.0052 460 103 472 122
bottle 0.0035 420 230 435 250
bottle 0.0028 417 215 437 229
bottle 0.0026 439 230 450 251
bottle 0.0023 419 126 434 146
bottle 0.0021 469 104 478 121
bottle 0.0020 425 115 450 169
bottle 0.0019 438 181 450 202
bottle 0.0017 412 100 428 127
bottle 0.0017 454 103 463 123
bottle 0.0016 422 111 434 133
bottle 0.0013 421 92 436 119
bottle 0.0012 435 174 451 188
bottle 0.0011 417 218 426 242
bottle 0.0011 419 183 434 202
bottle 0.0010 428 147 446 158
bottle 0.0010 409 204 445 260
bottle 0.0010 435 168 451 183
chair 0.9915 281 130 387 378
chair 0.9889 91 121 226 421
chair 0.6547 222 130 337 423
chair 0.5543 183 132 300 419
chair 0.4007 150 28 344 526
chair 0.1912 312 171 386 213
chair 0.1751 -20 150 165 500
chair 0.1085 145 133 225 338
chair 0.0496 89 149 169 366
chair 0.0330 102 145 298 292
chair 0.0289 129 164 243 221
chair 0.0240 210 166 277 220
chair 0.0197 255 58 392 458
chair 0.0168 493 143 502 355
chair 0.0157 19 199 338 352
chair 0.0133 170 146 228 290
chair 0.0128 328 120 380 355
chair 0.0089 272 147 324 363
chair 0.0069 210 148 270 287
chair 0.0059 485 20 502 403
chair 0.0052 196 139 246 297
chair 0.0030 142 212 230 273
chair 0.0030 287 170 400 229
chair 0.0024 494 57 500 384
chair 0.0023 162 125 272 349
chair 0.0022 212 156 380 278
chair 0.0022 289 129 342 341
chair 0.0022 78 172 180 250
chair 0.0021 324 179 373 200
chair 0.0018 317 194 343 209
chair 0.0018 329 181 353 203
chair 0.0017 117 206 433 368
chair 0.0015 497 198 500 319
chair 0.0012 235 175 349 246
chair 0.0011 111 156 259 250
chair 0.0010 308 193 320 208
chair 0.0010 261 196 270 223
chair 0.0010 407 189 443 232
sofa 0.8762 -23 125 168 506
sofa 0.0064 493 143 502 355
sofa 0.0053 -66 205 206 377
sofa 0.0048 80 56 221 478
sofa 0.0024 489 24 501 481
pottedplant 0.1210 285 85 324 230
pottedplant 0.0109 210 166 277 220
pottedplant 0.0035 290 103 321 188
pottedplant 0.0015 474 21 503 346
diningtable 0.9609 77 199 410 357
diningtable 0.3711 150 28 344 526
diningtable 0.0126 106 153 330 282
diningtable 0.0051 83 32 244 512
diningtable 0.0029 122 109 368 342
diningtable 0.0027 235 175 349 246
diningtable 0.0019 252 130 335 417
diningtable 0.0014 188 146 327 425
diningtable 0.0012 78 172 180 250
diningtable 0.0012 290 185 356 220
diningtable 0.0012 287 170 400 229
diningtable 0.0012 306 196 339 209
diningtable 0.0012 494 57 500 384
diningtable 0.0011 212 156 380 278
diningtable 0.0010 209 172 279 226
tvmonitor 0.0011 436 86 512 179
