person 0.9038 60 88 482 349
person 0.2494 -76 108 632 274
person 0.0043 5 2 439 297
person 0.0030 53 154 601 305
person 0.0027 -96 122 365 326
cat 0.5508 109 89 530 427
cat 0.1056 66 209 576 323
cat 0.0049 237 116 479 359
cat 0.0035 -66 153 629 296
cat 0.0012 295 156 494 278
dog 0.5180 109 89 530 427
dog 0.1957 66 209 576 323
dog 0.0330 -79 133 581 299
dog 0.0040 26 83 422 355
dog 0.0026 237 116 479 359
chair 0.0158 26 138 493 387
chair 0.0141 48 14 499 300
chair 0.0026 -77 8 356 161
chair 0.0020 -76 108 632 274
sofa 0.7963 35 199 480 393
sofa 0.7368 26 5 484 301
sofa 0.0643 28 2 466 161
sofa 0.0263 -76 108 632 274
sofa 0.0098 -88 190 590 471
sofa 0.0061 -80 5 354 198
sofa 0.0057 1 73 358 365
sofa 0.0053 -18 212 608 315
sofa 0.0037 -133 236 640 361
sofa 0.0023 49 81 539 435
