person 0.3735 259 13 558 320
person 0.2245 279 0 541 187
person 0.0539 319 -187 497 367
person 0.0054 96 107 563 307
person 0.0036 322 -70 463 265
dog 0.9523 125 167 471 316
dog 0.7263 173 4 403 468
dog 0.0417 96 107 563 307
dog 0.0073 270 30 448 477
dog 0.0020 -38 18 145 211
dog 0.0016 241 165 561 328
dog 0.0011 226 -2 487 339
sheep 0.0015 -38 18 145 211
chair 0.5300 -38 18 145 211
chair 0.1585 -16 -70 118 276
chair 0.0903 -27 -175 136 407
chair 0.0237 259 13 558 320
chair 0.0126 279 0 541 187
chair 0.0051 319 -187 497 367
chair 0.0028 -35 -29 104 150
chair 0.0014 -21 16 289 186
chair 0.0010 -6 -18 61 139
sofa 0.0384 259 13 558 320
sofa 0.0122 279 0 541 187
sofa 0.0044 -38 4 152 203
sofa 0.0027 319 -187 497 367
sofa 0.0018 173 4 403 468
diningtable 0.2801 -38 18 145 211
diningtable 0.0399 -27 -175 136 407
diningtable 0.0100 -16 -70 118 276
diningtable 0.0032 -50 -33 153 81
