person 0.7566 448 150 478 214
person 0.3569 390 170 410 206
person 0.2615 401 165 415 197
person 0.2002 410 167 422 192
person 0.1296 448 172 469 207
person 0.0994 393 157 423 209
person 0.0667 450 168 466 195
person 0.0373 459 167 473 196
person 0.0226 440 173 453 186
person 0.0215 407 170 425 207
person 0.0177 402 163 415 182
person 0.0168 420 172 433 186
person 0.0167 430 173 444 184
person 0.0072 385 175 398 199
person 0.0054 420 149 494 217
person 0.0054 396 166 406 181
person 0.0047 375 149 440 216
person 0.0044 411 167 421 182
person 0.0040 -2 163 12 200
person 0.0033 425 167 433 179
person 0.0030 134 171 145 186
person 0.0022 491 177 500 197
person 0.0020 371 174 387 193
person 0.0016 -3 90 17 412
person 0.0015 363 171 377 194
person 0.0014 84 168 96 192
person 0.0012 458 160 469 182
person 0.0011 437 175 459 204
person 0.0011 473 179 497 197
person 0.0010 0 168 6 228
person 0.0010 -2 155 14 238
bicycle 0.0432 448 172 469 207
bicycle 0.0232 390 170 410 206
bicycle 0.0178 398 172 416 205
bicycle 0.0171 443 165 477 210
bicycle 0.0105 453 187 473 205
bicycle 0.0101 425 161 488 215
bicycle 0.0022 407 170 425 207
bicycle 0.0011 377 159 438 215
bicycle 0.0010 391 189 409 201
car 0.9579 399 156 476 216
car 0.7026 -2 163 12 200
car 0.2593 473 179 497 197
car 0.2018 491 177 500 197
car 0.1933 -6 152 16 210
car 0.0492 409 167 449 208
car 0.0490 0 168 6 228
car 0.0320 443 165 477 210
car 0.0188 407 170 425 207
car 0.0172 467 172 481 192
car 0.0125 368 176 388 197
car 0.0105 448 172 469 207
car 0.0092 437 175 459 204
car 0.0091 390 170 410 206
car 0.0082 430 166 463 209
car 0.0065 470 179 486 195
car 0.0065 459 167 473 196
car 0.0060 0 156 5 188
car 0.0057 410 167 422 192
car 0.0054 468 161 505 203
car 0.0053 420 172 433 186
car 0.0042 -8 131 29 251
car 0.0040 440 173 453 186
car 0.0037 385 175 398 199
car 0.0027 -2 146 11 269
car 0.0027 431 149 499 214
car 0.0027 375 149 440 216
car 0.0026 450 168 466 195
car 0.0025 430 173 444 184
car 0.0024 -2 66 17 402
car 0.0023 339 180 362 197
car 0.0020 398 172 416 205
car 0.0020 356 143 544 233
car 0.0019 328 167 409 208
car 0.0017 400 159 431 207
car 0.0016 247 176 261 186
car 0.0015 -5 157 26 226
car 0.0015 0 145 4 178
car 0.0015 212 176 224 187
car 0.0014 424 175 449 201
car 0.0014 363 171 377 194
motorbike 0.4318 390 170 410 206
motorbike 0.2473 398 172 416 205
motorbike 0.1461 448 172 469 207
motorbike 0.1426 443 165 477 210
motorbike 0.1076 425 161 488 215
motorbike 0.0340 377 159 438 215
motorbike 0.0210 407 170 425 207
motorbike 0.0180 453 187 473 205
motorbike 0.0042 391 189 409 201
motorbike 0.0031 393 157 423 209
motorbike 0.0023 398 188 416 202
motorbike 0.0014 473 179 497 197
motorbike 0.0012 398 159 461 215
aeroplane 0.0011 121 102 135 109
bus 0.0012 397 153 479 215
bird 0.0020 381 48 390 59
bird 0.0015 121 102 135 109
pottedplant 0.0113 317 147 349 198
pottedplant 0.0054 323 156 342 184
pottedplant 0.0028 323 168 341 192
pottedplant 0.0017 84 168 96 192
pottedplant 0.0011 344 171 359 191
