person 0.1872 390 63 408 72
person 0.1407 401 64 410 71
person 0.0870 384 63 398 71
person 0.0789 463 60 468 64
person 0.0365 452 59 458 62
person 0.0222 475 59 479 62
person 0.0195 463 62 468 67
person 0.0166 442 59 452 63
person 0.0055 84 53 99 61
person 0.0050 414 67 419 71
person 0.0037 238 54 248 60
person 0.0036 36 63 45 69
person 0.0035 72 53 91 63
person 0.0034 62 54 82 62
person 0.0028 38 54 49 61
person 0.0025 39 52 64 64
person 0.0022 403 57 413 63
person 0.0021 430 57 446 63
person 0.0017 51 54 71 62
person 0.0017 73 46 89 58
person 0.0015 421 55 437 62
person 0.0014 159 53 175 58
person 0.0013 212 53 223 59
person 0.0013 444 63 449 66
person 0.0012 84 48 100 58
person 0.0011 480 58 485 62
person 0.0011 495 57 499 64
person 0.0011 496 64 499 71
person 0.0010 61 44 82 57
car 0.0014 390 63 408 72
aeroplane 0.0019 -123 -10 615 108
boat 0.5276 13 37 128 78
boat 0.4401 238 54 248 60
boat 0.3578 265 52 280 59
boat 0.2773 390 63 408 72
boat 0.2508 442 59 452 63
boat 0.2153 463 60 468 64
boat 0.2126 212 53 223 59
boat 0.1794 452 59 458 62
boat 0.1772 262 53 271 59
boat 0.1729 106 44 137 59
boat 0.1728 145 52 171 59
boat 0.1685 384 63 398 71
boat 0.1562 224 53 248 60
boat 0.1535 173 48 200 58
boat 0.1397 199 49 213 57
boat 0.1354 218 53 232 59
boat 0.1280 137 52 162 59
boat 0.1261 135 46 163 60
boat 0.1167 286 54 299 59
boat 0.1115 401 64 410 71
boat 0.1088 430 57 446 63
boat 0.1088 159 53 175 58
boat 0.1086 0 47 9 58
boat 0.0975 2 47 25 58
boat 0.0916 227 49 244 57
boat 0.0891 209 49 223 57
boat 0.0836 189 49 205 57
boat 0.0827 -9 0 149 95
boat 0.0822 475 59 479 62
boat 0.0776 118 52 139 59
boat 0.0770 91 52 110 60
boat 0.0739 99 48 119 58
boat 0.0730 15 47 32 57
boat 0.0726 132 53 147 58
boat 0.0722 218 49 234 58
boat 0.0697 130 46 150 59
boat 0.0693 84 53 99 61
boat 0.0684 4 52 25 58
boat 0.0673 421 55 437 62
boat 0.0661 368 48 486 72
boat 0.0656 325 54 339 58
boat 0.0651 26 48 42 57
boat 0.0636 260 50 271 57
boat 0.0612 15 53 31 58
boat 0.0606 403 57 413 63
boat 0.0603 237 48 249 59
boat 0.0586 198 53 214 58
boat 0.0584 89 48 114 58
boat 0.0571 0 52 8 59
boat 0.0546 159 49 176 58
boat 0.0544 277 53 290 59
boat 0.0542 295 54 309 59
boat 0.0497 39 52 64 64
boat 0.0496 28 53 39 58
boat 0.0455 285 48 299 58
boat 0.0451 36 47 51 57
boat 0.0445 110 52 131 58
boat 0.0436 168 52 188 58
boat 0.0435 83 34 175 68
boat 0.0415 38 54 49 61
boat 0.0411 306 54 318 58
boat 0.0400 373 56 381 60
boat 0.0353 334 55 346 59
boat 0.0341 354 55 367 59
boat 0.0319 365 55 376 59
boat 0.0313 345 55 355 59
boat 0.0302 42 46 60 58
boat 0.0296 314 54 328 58
boat 0.0241 409 54 426 61
boat 0.0239 72 53 91 63
boat 0.0222 276 49 290 58
boat 0.0215 391 57 406 64
boat 0.0212 384 58 397 63
boat 0.0189 -21 36 67 67
boat 0.0187 322 48 338 58
boat 0.0182 -123 -10 615 108
boat 0.0182 84 48 100 58
boat 0.0180 62 54 82 62
boat 0.0173 112 38 202 66
boat 0.0169 61 44 82 57
boat 0.0168 463 62 468 67
boat 0.0163 293 48 310 58
boat 0.0146 52 43 73 57
boat 0.0134 316 49 330 57
boat 0.0131 73 46 89 58
boat 0.0130 56 46 221 66
boat 0.0115 495 57 499 64
boat 0.0100 -65 40 390 82
boat 0.0097 480 58 485 62
boat 0.0093 140 40 233 64
boat 0.0089 305 49 319 57
boat 0.0081 353 56 442 78
boat 0.0080 245 53 265 59
boat 0.0073 51 54 71 62
boat 0.0059 36 63 45 69
boat 0.0055 2 54 128 76
boat 0.0049 28 44 172 68
boat 0.0048 -46 29 218 85
boat 0.0044 352 47 367 59
boat 0.0042 185 46 284 67
bird 0.0069 463 60 468 64
bird 0.0069 463 62 468 67
bird 0.0030 475 59 479 62
bird 0.0027 452 59 458 62
bird 0.0024 401 64 410 71
bird 0.0022 496 64 499 71
bird 0.0020 384 63 398 71
bird 0.0018 442 59 452 63
bird 0.0016 390 63 408 72
bird 0.0015 53 28 58 34
bird 0.0011 495 57 499 64
bird 0.0010 238 54 248 60
pottedplant 0.0023 384 63 398 71
