person 0.9988 112 96 528 359
person 0.9979 -85 71 332 355
person 0.9824 321 112 545 363
person 0.0615 -45 32 159 274
person 0.0244 157 30 297 203
person 0.0186 -19 -20 110 340
person 0.0056 -11 -81 65 285
person 0.0036 -5 -151 33 468
person 0.0022 -3 -51 26 253
person 0.0020 38 -47 309 273
person 0.0017 -101 24 377 201
person 0.0016 436 -5 511 474
person 0.0015 -49 156 164 363
person 0.0015 -2 -81 14 435
car 0.0051 2 24 334 368
car 0.0032 114 142 535 365
motorbike 0.0022 7 48 324 386
bus 0.0022 7 48 324 386
train 0.0016 7 48 324 386
boat 0.0045 7 48 324 386
horse 0.0018 7 48 324 386
chair 0.0224 114 142 535 365
chair 0.0131 7 48 324 386
chair 0.0071 -78 169 330 362
chair 0.0035 -12 103 73 409
chair 0.0035 -47 81 162 358
chair 0.0011 -104 63 365 241
sofa 0.1025 7 48 324 386
sofa 0.0429 -78 169 330 362
sofa 0.0407 114 142 535 365
sofa 0.0082 -47 81 162 358
sofa 0.0028 -13 -37 77 432
sofa 0.0020 25 210 478 381
