person 0.9886 49 129 83 259
person 0.9850 246 142 276 226
person 0.9828 9 135 51 258
person 0.9751 363 156 389 217
person 0.9209 -2 124 8 261
person 0.8084 102 150 133 231
person 0.5027 130 152 143 206
person 0.1669 30 151 61 234
person 0.0933 105 166 121 200
person 0.0787 125 144 147 232
person 0.0422 370 169 385 205
person 0.0399 365 175 375 201
person 0.0290 0 162 5 198
person 0.0267 -7 126 20 263
person 0.0224 391 61 516 356
person 0.0223 0 150 3 251
person 0.0217 46 167 57 180
person 0.0169 195 142 272 225
person 0.0147 225 152 262 213
person 0.0116 122 131 355 221
person 0.0115 37 168 61 195
person 0.0111 248 176 258 201
person 0.0103 232 175 253 204
person 0.0102 453 167 476 194
person 0.0096 68 52 373 264
person 0.0081 249 166 259 196
person 0.0080 39 167 51 180
person 0.0073 126 160 140 201
person 0.0067 464 166 486 194
person 0.0061 205 156 242 210
person 0.0056 34 159 64 206
person 0.0054 83 165 157 236
person 0.0053 111 165 123 182
person 0.0047 215 165 232 195
person 0.0045 258 163 268 181
person 0.0045 -28 124 90 266
person 0.0041 132 162 141 186
person 0.0040 494 156 500 205
person 0.0038 237 168 255 198
person 0.0038 290 166 298 179
person 0.0037 28 165 41 179
person 0.0036 305 166 318 177
person 0.0034 37 176 51 204
person 0.0033 417 177 435 204
person 0.0032 210 177 224 204
person 0.0031 110 177 126 202
person 0.0030 0 141 4 185
person 0.0026 252 161 262 183
person 0.0025 104 165 118 180
person 0.0024 90 190 126 231
person 0.0022 296 167 310 178
person 0.0021 438 150 513 209
person 0.0021 -25 137 198 215
person 0.0020 67 164 75 178
person 0.0020 225 167 246 197
person 0.0019 348 150 409 225
person 0.0017 233 138 253 162
person 0.0016 114 169 148 230
person 0.0015 473 165 495 195
person 0.0015 33 179 55 236
person 0.0015 130 178 144 203
person 0.0014 16 175 45 241
person 0.0014 67 144 186 255
person 0.0014 9 166 39 215
person 0.0013 15 107 487 280
person 0.0013 69 171 77 189
person 0.0012 440 160 476 199
person 0.0012 38 185 49 231
person 0.0010 127 187 146 212
bicycle 0.0104 197 156 270 219
bicycle 0.0076 79 174 175 242
bicycle 0.0024 67 144 186 255
bicycle 0.0023 232 175 253 204
bicycle 0.0013 123 183 156 232
bicycle 0.0011 226 165 259 211
car 0.9716 403 121 515 297
car 0.0719 37 168 61 195
car 0.0420 34 159 64 206
car 0.0333 361 166 379 176
car 0.0255 405 167 429 176
car 0.0202 397 166 419 175
car 0.0163 377 165 399 176
car 0.0133 417 177 435 204
car 0.0104 390 167 407 175
car 0.0080 339 165 359 175
car 0.0066 417 166 439 176
car 0.0060 370 167 388 178
car 0.0049 0 156 67 222
car 0.0026 428 166 442 176
car 0.0023 37 176 51 204
car 0.0023 0 162 5 198
car 0.0017 349 167 374 177
car 0.0017 30 151 61 234
car 0.0013 195 142 272 225
car 0.0012 469 154 498 168
car 0.0011 305 166 318 177
car 0.0010 489 149 500 171
motorbike 0.1122 197 156 270 219
motorbike 0.0257 79 174 175 242
motorbike 0.0202 67 144 186 255
motorbike 0.0125 226 165 259 211
motorbike 0.0124 226 176 248 202
motorbike 0.0025 97 146 149 241
motorbike 0.0022 204 162 243 211
motorbike 0.0013 123 183 156 232
motorbike 0.0011 156 142 321 232
aeroplane 0.8572 92 60 399 254
aeroplane 0.0077 66 85 73 90
aeroplane 0.0057 64 109 342 207
aeroplane 0.0052 232 148 352 189
aeroplane 0.0051 204 84 270 226
aeroplane 0.0048 126 126 395 220
aeroplane 0.0038 169 68 280 239
aeroplane 0.0012 23 -4 337 284
bus 0.0034 232 148 352 189
bus 0.0031 403 114 515 291
boat 0.0015 78 24 411 264
bird 0.0546 66 85 73 90
bird 0.0087 386 107 391 113
bird 0.0063 66 88 73 92
bird 0.0046 385 105 390 110
bird 0.0040 243 88 249 94
bird 0.0015 63 85 69 89
bird 0.0013 106 78 112 84
bird 0.0012 483 115 488 126
bird 0.0011 29 85 35 90
dog 0.0026 74 196 92 216
