person 0.0029 337 -17 458 139
person 0.0012 458 -28 507 103
bird 0.0013 158 79 278 228
bird 0.0010 404 82 527 220
cat 0.0529 158 79 278 228
cat 0.0286 153 -31 376 449
cat 0.0223 404 82 527 220
cat 0.0158 118 126 412 288
cat 0.0061 181 95 250 215
cat 0.0015 119 55 237 206
cat 0.0014 170 71 230 205
dog 0.9536 115 136 433 283
dog 0.9412 159 -27 390 451
dog 0.0329 158 79 278 228
dog 0.0096 404 82 527 220
dog 0.0033 181 95 250 215
bottle 0.1798 379 35 418 115
bottle 0.1046 359 21 400 104
bottle 0.0661 337 -17 458 139
bottle 0.0658 365 0 430 123
bottle 0.0502 398 22 432 105
bottle 0.0195 268 0 397 114
bottle 0.0191 286 29 371 97
bottle 0.0142 252 64 288 144
bottle 0.0062 353 0 387 88
bottle 0.0020 321 51 340 75
bottle 0.0020 345 21 374 87
bottle 0.0017 326 36 359 90
bottle 0.0013 377 7 418 67
bottle 0.0011 330 48 350 79
chair 0.0340 111 -19 254 148
chair 0.0075 45 32 101 155
chair 0.0059 50 48 92 121
chair 0.0057 119 -112 296 220
chair 0.0040 198 -119 377 236
chair 0.0025 21 12 155 177
chair 0.0024 441 130 509 381
chair 0.0010 458 -28 507 103
chair 0.0010 144 -6 218 132
pottedplant 0.0308 298 27 446 174
pottedplant 0.0262 318 119 380 224
pottedplant 0.0123 173 86 215 146
pottedplant 0.0102 83 185 153 278
pottedplant 0.0088 119 47 240 200
pottedplant 0.0065 379 91 421 135
pottedplant 0.0051 153 74 215 189
pottedplant 0.0048 252 64 288 144
pottedplant 0.0047 329 36 387 158
pottedplant 0.0019 306 -87 501 184
pottedplant 0.0014 350 72 430 155
pottedplant 0.0013 193 27 319 161
pottedplant 0.0011 301 101 396 242
pottedplant 0.0010 234 75 297 150
diningtable 0.0017 101 148 427 305
diningtable 0.0015 119 -112 296 220
diningtable 0.0014 198 -119 377 236
