person 0.0296 158 158 193 202
person 0.0218 63 109 94 160
person 0.0160 164 165 187 197
person 0.0099 194 166 232 212
person 0.0083 148 148 209 212
person 0.0051 197 168 218 203
person 0.0018 188 157 243 222
person 0.0013 67 118 81 138
person 0.0013 82 22 318 406
car 0.9929 24 12 326 414
car 0.9712 -12 150 362 277
car 0.0015 103 56 310 342
car 0.0012 123 121 285 228
aeroplane 0.0019 -15 135 367 272
bird 0.0083 228 165 244 180
dog 0.0056 194 166 232 212
dog 0.0055 197 168 218 203
dog 0.0037 228 165 244 180
dog 0.0018 188 157 243 222
dog 0.0017 212 148 278 214
dog 0.0012 164 165 187 197
dog 0.0010 223 158 263 206
cow 0.0017 -15 135 367 272
