person 0.0233 122 231 477 454
person 0.0141 160 334 443 528
person 0.0063 248 140 396 387
car 0.0052 -21 9 384 242
bird 0.0032 64 66 378 173
cat 0.9549 138 120 261 309
cat 0.9274 129 34 264 382
cat 0.0471 -67 111 262 295
cat 0.0146 258 142 406 388
cat 0.0028 64 66 378 173
cat 0.0017 4 23 359 262
cat 0.0015 -20 -32 204 415
dog 0.9730 248 23 408 506
dog 0.6963 258 142 406 388
dog 0.3790 129 24 270 405
dog 0.0908 202 176 451 360
dog 0.0618 138 120 261 309
dog 0.0285 -67 111 262 295
dog 0.0043 161 201 488 426
dog 0.0011 64 66 378 173
sofa 0.0015 0 27 417 226
pottedplant 0.0017 -67 111 262 295
diningtable 0.0018 440 120 511 281
