person 0.9249 113 72 262 265
person 0.0494 125 90 143 107
person 0.0446 59 100 72 127
person 0.0311 42 96 65 129
person 0.0308 129 -22 255 204
person 0.0262 97 52 286 188
person 0.0119 119 90 130 110
person 0.0057 49 97 74 129
person 0.0052 311 100 382 274
person 0.0046 215 72 295 197
person 0.0042 45 100 59 117
person 0.0029 147 78 234 323
person 0.0028 34 91 84 136
person 0.0025 16 94 31 108
person 0.0023 145 14 238 168
person 0.0019 0 90 4 110
person 0.0015 44 99 53 127
person 0.0015 348 -82 376 347
person 0.0015 3 94 17 107
person 0.0014 55 100 68 118
person 0.0011 114 80 135 120
person 0.0011 112 92 125 109
person 0.0011 322 -27 382 292
car 0.0987 125 90 143 107
car 0.0415 128 89 147 102
car 0.0089 93 85 157 114
car 0.0051 117 86 175 112
car 0.0034 135 91 157 100
car 0.0025 121 85 146 113
car 0.0014 199 57 311 214
car 0.0013 119 90 130 110
car 0.0011 104 95 119 107
boat 0.0030 255 95 380 198
boat 0.0027 251 -47 390 210
bird 0.0055 139 61 238 293
bird 0.0032 305 96 382 260
bird 0.0012 279 223 305 251
cat 0.0088 311 100 382 274
cat 0.0040 125 10 253 283
cat 0.0012 215 72 295 197
dog 0.3627 309 91 384 265
dog 0.3598 124 -21 250 347
dog 0.2554 113 72 262 265
dog 0.1645 149 76 237 220
dog 0.0847 215 72 295 197
dog 0.0022 352 72 377 279
dog 0.0016 184 76 232 189
horse 0.0374 309 91 384 265
horse 0.0132 117 104 257 269
horse 0.0046 124 -21 250 347
horse 0.0020 149 76 237 220
sheep 0.0601 117 104 257 269
sheep 0.0289 124 -21 250 347
sheep 0.0032 309 91 384 265
sheep 0.0012 177 106 311 302
cow 0.0082 311 100 382 274
cow 0.0080 117 104 257 269
cow 0.0046 124 -21 250 347
bottle 0.0038 171 93 226 119
bottle 0.0037 282 227 303 250
chair 0.0064 130 56 237 297
chair 0.0023 104 78 311 258
pottedplant 0.0131 251 -47 390 210
pottedplant 0.0046 236 10 414 157
pottedplant 0.0032 324 -53 381 290
pottedplant 0.0015 348 -88 376 297
