person 0.4358 88 147 96 161
person 0.4011 28 150 37 170
person 0.3769 96 148 104 160
person 0.3744 57 143 69 165
person 0.3628 106 148 113 160
person 0.3565 17 149 27 172
person 0.3547 77 146 86 163
person 0.3372 6 146 20 181
person 0.3083 39 148 48 165
person 0.2936 0 146 11 181
person 0.2446 75 143 87 181
person 0.2277 66 146 75 164
person 0.2255 57 141 70 183
person 0.1996 116 146 122 158
person 0.1405 49 148 58 165
person 0.1231 65 142 76 182
person 0.1040 53 134 74 192
person 0.0817 137 144 144 157
person 0.0737 -2 138 26 190
person 0.0609 10 148 18 165
person 0.0604 125 145 131 157
person 0.0474 143 143 151 159
person 0.0441 1 145 7 166
person 0.0410 85 144 97 179
person 0.0410 0 153 7 187
person 0.0376 217 136 232 150
person 0.0337 231 137 240 148
person 0.0240 238 136 248 148
person 0.0231 136 140 144 154
person 0.0221 144 140 151 153
person 0.0166 183 141 190 151
person 0.0119 212 137 224 150
person 0.0118 192 142 201 152
person 0.0099 175 142 181 150
person 0.0095 -45 115 177 206
person 0.0093 69 136 92 189
person 0.0067 154 140 160 151
person 0.0067 182 144 191 156
person 0.0067 175 144 182 158
person 0.0064 127 141 133 153
person 0.0060 -104 123 360 186
person 0.0055 165 141 171 150
person 0.0047 201 140 210 151
person 0.0041 117 141 124 154
person 0.0037 79 137 103 188
person 0.0035 36 130 146 176
person 0.0035 94 149 105 173
person 0.0033 190 144 202 155
person 0.0032 76 158 85 181
person 0.0030 67 157 76 183
person 0.0025 47 157 59 185
person 0.0023 -45 59 247 295
person 0.0022 -3 292 17 401
person 0.0019 -18 129 47 197
person 0.0018 58 141 66 155
person 0.0018 -3 248 24 415
person 0.0016 200 144 211 158
person 0.0016 153 144 160 159
person 0.0016 98 124 274 166
person 0.0014 14 151 28 187
person 0.0014 40 137 66 189
person 0.0012 8 140 37 187
person 0.0011 0 151 3 211
bus 0.0313 98 124 274 166
bus 0.0015 42 114 322 175
bus 0.0011 -6 124 21 187
train 0.1166 -92 120 381 183
train 0.0871 98 124 274 166
train 0.0767 42 114 322 175
train 0.0206 -21 80 289 233
train 0.0078 -93 66 574 229
train 0.0055 -26 115 200 203
train 0.0012 189 126 276 162
train 0.0010 -42 56 169 265
