person 0.9993 100 -18 467 340
person 0.4334 340 18 543 318
person 0.0202 371 -43 496 163
person 0.0107 16 -5 335 329
person 0.0017 425 -117 509 466
person 0.0017 102 178 225 314
person 0.0013 427 -58 512 216
bus 0.0045 -74 17 293 302
bottle 0.1182 -39 33 384 294
bottle 0.0434 5 -21 256 343
bottle 0.0035 152 101 264 225
chair 0.0142 340 18 543 318
chair 0.0060 127 24 582 306
chair 0.0051 16 -5 335 329
sofa 0.0041 52 52 448 333
sofa 0.0032 340 18 543 318
sofa 0.0028 209 -10 491 340
diningtable 0.0486 23 58 407 333
diningtable 0.0116 -73 158 271 327
diningtable 0.0055 -74 17 293 302
diningtable 0.0029 97 -8 470 292
tvmonitor 0.0053 24 -5 410 290
tvmonitor 0.0017 5 -21 256 343
