person 0.9955 318 250 362 410
person 0.9917 271 257 319 409
person 0.9763 382 328 416 389
person 0.9550 400 322 461 400
person 0.8650 356 324 390 390
person 0.8155 408 334 452 389
person 0.3739 392 167 403 179
person 0.2466 385 168 395 178
person 0.2291 275 153 296 178
person 0.1541 331 156 345 173
person 0.0882 370 317 426 400
person 0.0780 272 166 297 176
person 0.0767 390 155 403 172
person 0.0673 330 160 339 171
person 0.0528 282 167 299 175
person 0.0523 388 158 397 172
person 0.0521 182 166 209 193
person 0.0472 363 329 381 362
person 0.0431 341 313 401 400
person 0.0416 439 364 451 379
person 0.0292 401 171 410 179
person 0.0281 362 345 382 382
person 0.0269 28 167 37 180
person 0.0243 329 165 347 173
person 0.0127 380 352 394 378
person 0.0105 97 165 123 178
person 0.0097 377 172 387 178
person 0.0079 368 349 386 381
person 0.0075 343 308 358 344
person 0.0075 347 321 377 389
person 0.0075 46 174 58 189
person 0.0072 390 339 407 373
person 0.0071 17 166 30 179
person 0.0067 236 170 248 195
person 0.0062 328 166 341 172
person 0.0057 6 177 21 189
person 0.0053 389 148 402 164
person 0.0052 40 168 48 181
person 0.0050 25 176 43 187
person 0.0047 383 344 394 370
person 0.0045 36 175 50 188
person 0.0044 353 350 370 379
person 0.0043 330 143 346 165
person 0.0042 247 170 266 199
person 0.0042 323 283 356 386
person 0.0039 302 338 316 366
person 0.0038 14 178 31 188
person 0.0036 476 151 494 158
person 0.0032 409 352 426 378
person 0.0030 271 169 283 176
person 0.0030 385 175 410 180
person 0.0029 489 283 502 409
person 0.0027 475 153 482 158
person 0.0027 358 154 435 191
person 0.0026 2 173 7 192
person 0.0025 312 362 330 380
person 0.0024 454 152 461 157
person 0.0022 295 168 308 173
person 0.0022 284 287 316 348
person 0.0016 -30 223 466 453
person 0.0016 390 362 409 380
person 0.0016 299 284 319 386
person 0.0014 277 291 290 308
person 0.0013 376 175 404 181
person 0.0013 338 295 364 359
person 0.0012 401 176 416 180
person 0.0012 496 311 499 399
person 0.0012 266 279 325 353
person 0.0012 421 154 429 159
person 0.0012 354 317 370 352
person 0.0011 403 350 416 379
person 0.0011 100 157 119 176
person 0.0011 402 341 433 385
person 0.0011 97 166 110 176
person 0.0011 422 347 435 364
person 0.0011 459 154 467 158
person 0.0010 46 169 53 182
person 0.0010 489 150 499 158
person 0.0010 380 140 412 188
person 0.0010 411 177 420 181
person 0.0010 320 355 344 379
person 0.0010 12 168 21 182
boat 0.4733 275 153 296 178
boat 0.3417 331 156 345 173
boat 0.3394 97 165 123 178
boat 0.2922 358 154 435 191
boat 0.2852 330 143 346 165
boat 0.2605 268 145 303 183
boat 0.2575 272 166 297 176
boat 0.2574 223 205 443 458
boat 0.2450 -20 156 90 206
boat 0.1620 -22 98 91 229
boat 0.1584 324 129 351 182
boat 0.1372 329 165 347 173
boat 0.1336 380 140 412 188
boat 0.1198 76 158 166 182
boat 0.0958 390 155 403 172
boat 0.0942 476 151 494 158
boat 0.0938 389 148 402 164
boat 0.0903 282 167 299 175
boat 0.0826 -3 108 60 216
boat 0.0658 421 154 429 159
boat 0.0605 392 167 403 179
boat 0.0575 416 154 424 159
boat 0.0496 454 152 461 157
boat 0.0468 330 160 339 171
boat 0.0460 254 141 316 190
boat 0.0417 475 153 482 158
boat 0.0369 328 166 341 172
boat 0.0321 489 150 499 158
boat 0.0284 6 131 45 196
boat 0.0272 385 168 395 178
boat 0.0234 349 170 444 187
boat 0.0207 247 157 324 184
boat 0.0203 328 146 342 161
boat 0.0202 459 154 467 158
boat 0.0197 37 -16 304 395
boat 0.0162 385 175 410 180
boat 0.0161 376 175 404 181
boat 0.0148 97 166 110 176
boat 0.0129 422 157 429 161
boat 0.0115 100 157 119 176
boat 0.0102 -25 211 515 461
boat 0.0100 36 150 459 387
boat 0.0098 271 169 283 176
boat 0.0096 388 158 397 172
boat 0.0093 377 172 387 178
boat 0.0088 107 165 151 174
boat 0.0080 17 166 30 179
boat 0.0069 110 162 150 171
boat 0.0065 401 176 416 180
boat 0.0058 102 166 134 175
boat 0.0058 283 148 297 162
boat 0.0057 333 138 342 157
boat 0.0053 -2 184 32 194
boat 0.0048 262 293 443 409
boat 0.0044 416 157 423 161
boat 0.0042 247 170 266 199
boat 0.0039 36 175 50 188
boat 0.0039 46 174 58 189
boat 0.0035 144 166 153 172
boat 0.0034 432 154 440 158
boat 0.0032 461 157 466 161
boat 0.0031 6 177 21 189
boat 0.0031 142 163 154 170
boat 0.0029 14 154 33 173
boat 0.0028 25 176 43 187
boat 0.0028 373 175 391 181
boat 0.0028 305 168 319 173
boat 0.0027 401 171 410 179
boat 0.0026 0 149 4 176
boat 0.0026 292 137 373 186
boat 0.0025 92 143 125 185
boat 0.0025 495 157 499 164
boat 0.0023 295 168 308 173
boat 0.0023 -26 175 96 200
boat 0.0022 443 153 453 157
boat 0.0022 -80 135 210 217
boat 0.0020 0 182 8 197
boat 0.0020 130 161 146 168
boat 0.0018 14 178 31 188
boat 0.0018 28 167 37 180
boat 0.0016 2 173 7 192
boat 0.0015 24 152 38 173
boat 0.0013 52 178 67 190
boat 0.0013 232 161 371 179
boat 0.0012 405 153 414 158
boat 0.0011 157 16 415 348
boat 0.0011 411 177 420 181
boat 0.0011 237 162 270 206
boat 0.0011 49 155 76 166
boat 0.0010 285 129 581 193
bird 0.0010 475 153 482 158
dog 0.0010 182 166 209 193
chair 0.0035 182 166 209 193
pottedplant 0.0011 182 166 209 193
