person 0.9971 284 6 362 220
person 0.9971 260 7 314 207
person 0.4207 -4 31 30 211
person 0.0394 490 68 500 101
person 0.0290 -9 5 56 231
person 0.0256 -4 48 17 184
person 0.0224 -4 0 23 313
person 0.0191 87 97 95 109
person 0.0179 7 43 37 72
person 0.0153 -13 34 48 82
person 0.0124 115 63 126 79
person 0.0083 456 93 462 98
person 0.0071 -1 42 4 71
person 0.0061 459 93 467 99
person 0.0048 -5 -146 28 539
person 0.0047 124 62 135 78
person 0.0043 206 116 279 186
person 0.0041 152 59 164 77
person 0.0039 472 89 482 96
person 0.0037 133 60 144 77
person 0.0033 -2 -57 37 262
person 0.0032 479 89 487 96
person 0.0028 -2 16 12 156
person 0.0028 389 257 409 282
person 0.0023 120 51 126 59
person 0.0021 75 44 340 284
person 0.0020 137 92 155 120
person 0.0020 -16 24 61 108
person 0.0019 0 30 3 68
person 0.0019 311 27 357 144
person 0.0017 291 55 316 139
person 0.0017 488 37 503 118
person 0.0016 72 110 369 209
person 0.0016 142 60 154 76
person 0.0016 0 68 7 124
person 0.0015 0 32 3 101
person 0.0013 296 72 308 86
person 0.0013 -33 32 86 211
person 0.0012 -12 -90 64 445
person 0.0012 0 64 3 108
person 0.0012 -32 10 93 115
person 0.0011 298 86 310 130
person 0.0011 161 102 180 124
person 0.0011 -1 -112 13 504
person 0.0011 -26 -32 244 220
person 0.0010 -2 91 14 215
bicycle 0.0011 242 171 378 302
car 0.0014 490 68 500 101
aeroplane 0.9803 -31 -49 253 210
aeroplane 0.1938 68 59 345 288
aeroplane 0.0050 -83 9 298 140
aeroplane 0.0032 -47 19 138 104
aeroplane 0.0012 -107 103 381 348
boat 0.1266 242 171 378 302
boat 0.0521 343 219 494 357
boat 0.0036 68 59 345 288
boat 0.0034 72 110 369 209
boat 0.0015 -31 -49 253 210
boat 0.0012 310 141 496 386
bird 0.0061 242 171 378 302
chair 0.0025 343 219 494 357
