person 0.0622 197 277 238 323
person 0.0596 187 267 245 332
person 0.0119 13 249 35 274
person 0.0090 356 252 366 264
person 0.0083 33 245 50 273
person 0.0071 422 231 432 243
person 0.0071 407 234 414 243
person 0.0067 42 251 61 272
person 0.0053 392 233 400 242
person 0.0053 430 232 438 243
person 0.0042 343 252 358 270
person 0.0041 51 251 73 271
person 0.0039 374 218 381 229
person 0.0037 390 233 395 242
person 0.0036 112 226 294 359
person 0.0035 431 247 441 257
person 0.0031 94 132 282 412
person 0.0022 -2 238 10 413
person 0.0021 270 273 301 324
person 0.0020 395 254 444 371
person 0.0018 440 242 447 253
person 0.0014 416 235 423 243
person 0.0014 209 260 282 301
person 0.0013 356 233 366 244
person 0.0013 21 258 41 275
person 0.0012 443 236 450 247
person 0.0012 366 243 372 256
person 0.0012 388 329 407 356
person 0.0011 345 234 355 245
person 0.0010 0 246 26 274
car 0.9955 84 126 432 507
car 0.9884 24 261 492 373
car 0.9506 -3 225 47 395
car 0.9284 108 150 288 393
car 0.8938 91 242 130 319
car 0.7694 71 235 112 327
car 0.7360 -31 187 133 393
car 0.6385 73 196 335 320
car 0.4934 356 252 366 264
car 0.3954 79 229 143 331
car 0.3446 343 252 358 270
car 0.3314 342 256 361 275
car 0.2925 345 234 355 245
car 0.2337 356 233 366 244
car 0.2178 98 237 161 321
car 0.1357 108 250 151 309
car 0.1334 401 254 411 266
car 0.0961 -2 238 10 413
car 0.0819 392 233 400 242
car 0.0748 88 235 156 288
car 0.0587 337 234 346 246
car 0.0573 422 231 432 243
car 0.0556 362 233 373 246
car 0.0539 431 247 441 257
car 0.0534 346 227 358 239
car 0.0514 327 235 338 248
car 0.0503 47 212 165 342
car 0.0496 7 214 113 365
car 0.0448 353 227 366 238
car 0.0429 407 234 414 243
car 0.0309 104 246 138 268
car 0.0278 422 252 436 263
car 0.0270 390 233 395 242
car 0.0268 334 251 349 269
car 0.0245 318 255 344 278
car 0.0238 357 215 367 225
car 0.0206 364 225 374 234
car 0.0203 76 242 104 257
car 0.0201 336 226 346 238
car 0.0189 430 232 438 243
car 0.0178 356 245 366 257
car 0.0173 133 267 167 331
car 0.0169 345 244 354 254
car 0.0135 424 247 435 257
car 0.0129 365 218 374 228
car 0.0117 326 225 338 237
car 0.0113 102 241 142 282
car 0.0111 363 252 370 261
car 0.0108 -10 233 47 288
car 0.0104 336 254 349 277
car 0.0103 336 240 347 256
car 0.0099 349 257 365 274
car 0.0094 416 235 423 243
car 0.0090 376 252 384 263
car 0.0090 288 250 312 264
car 0.0090 428 250 440 261
car 0.0082 366 243 372 256
car 0.0081 0 246 26 274
car 0.0068 118 267 140 304
car 0.0068 129 258 148 298
car 0.0066 356 299 379 329
car 0.0064 397 254 405 266
car 0.0063 343 215 358 227
car 0.0062 305 226 317 239
car 0.0056 77 257 104 332
car 0.0056 376 244 385 255
car 0.0056 379 186 516 477
car 0.0053 392 229 401 240
car 0.0051 334 242 369 281
car 0.0048 -5 240 32 281
car 0.0048 121 224 291 256
car 0.0046 74 245 90 257
car 0.0046 113 260 131 298
car 0.0044 119 248 138 265
car 0.0043 0 244 9 273
car 0.0042 374 218 381 229
car 0.0042 13 249 35 274
car 0.0039 318 235 384 287
car 0.0037 110 247 134 258
car 0.0037 0 250 1 403
car 0.0035 60 232 121 290
car 0.0034 357 210 366 220
car 0.0034 102 245 116 257
car 0.0034 324 251 342 271
car 0.0033 0 263 3 333
car 0.0033 91 243 110 256
car 0.0033 318 226 329 239
car 0.0030 288 306 429 405
car 0.0030 337 215 349 227
car 0.0030 319 231 329 244
car 0.0029 109 256 134 281
car 0.0027 373 235 384 247
car 0.0026 313 214 389 264
car 0.0026 75 248 105 270
car 0.0025 -1 207 7 371
car 0.0024 92 261 107 317
car 0.0024 0 251 7 284
car 0.0024 99 254 119 281
car 0.0023 -3 258 25 394
car 0.0023 440 242 447 253
motorbike 0.0046 356 252 366 264
motorbike 0.0043 133 270 166 341
motorbike 0.0029 116 250 162 368
motorbike 0.0027 68 228 115 333
motorbike 0.0024 102 284 157 349
motorbike 0.0014 128 276 152 355
motorbike 0.0010 422 231 432 243
motorbike 0.0010 102 179 445 473
aeroplane 0.0029 442 89 450 96
bus 0.0037 -2 29 18 437
bus 0.0030 422 231 432 243
bus 0.0030 108 150 288 393
bus 0.0029 -7 210 108 372
bus 0.0011 73 196 335 320
bird 0.0631 256 26 261 33
bird 0.0562 252 48 256 54
bird 0.0445 280 48 286 55
bird 0.0438 442 89 450 96
bird 0.0426 230 46 235 51
bird 0.0411 257 27 263 32
bird 0.0275 263 48 268 54
bird 0.0208 264 49 269 57
bird 0.0056 303 51 306 58
bird 0.0041 271 47 275 52
bird 0.0037 253 50 257 56
bird 0.0023 254 32 258 39
bird 0.0022 226 45 231 50
bird 0.0018 176 41 198 58
bird 0.0016 0 91 6 123
bird 0.0015 242 46 247 51
bird 0.0012 270 51 275 57
bird 0.0010 260 33 264 40
bird 0.0010 302 48 306 54
