person 0.9920 114 -1 466 297
person 0.9871 -8 12 592 208
person 0.0193 270 22 529 290
person 0.0110 -10 -46 45 169
person 0.0076 -5 -118 37 401
person 0.0046 49 125 465 427
person 0.0039 47 14 313 221
person 0.0026 360 -54 548 131
person 0.0017 315 5 384 241
person 0.0013 -2 -95 16 415
motorbike 0.0013 10 151 433 438
cat 0.0202 141 147 480 447
dog 0.9980 108 157 449 433
dog 0.9498 -34 172 605 379
chair 0.0443 -5 -90 36 408
chair 0.0175 49 125 465 427
chair 0.0118 -2 -78 16 436
chair 0.0096 -9 -48 50 172
chair 0.0066 134 0 495 239
chair 0.0017 -41 7 147 295
sofa 0.0206 -9 -48 50 172
sofa 0.0101 49 125 465 427
sofa 0.0073 134 0 495 239
sofa 0.0067 -9 -128 55 373
sofa 0.0014 349 45 541 412
sofa 0.0010 270 22 529 290
diningtable 0.0015 -5 -90 36 408
