person 0.9988 18 56 107 300
person 0.9928 92 41 208 325
person 0.9197 146 110 346 334
person 0.8596 307 112 333 182
person 0.6962 268 120 281 150
person 0.4074 180 34 308 400
person 0.1151 177 57 315 220
person 0.0667 36 114 51 154
person 0.0524 91 121 109 151
person 0.0491 376 119 387 144
person 0.0449 277 119 288 147
person 0.0379 288 121 298 142
person 0.0363 29 109 55 163
person 0.0329 315 122 329 150
person 0.0305 382 119 393 146
person 0.0225 395 116 405 138
person 0.0212 293 90 340 196
person 0.0205 313 134 327 169
person 0.0172 85 113 115 160
person 0.0171 30 116 43 156
person 0.0160 341 137 347 147
person 0.0137 259 121 274 146
person 0.0123 306 124 318 146
person 0.0114 40 115 52 140
person 0.0109 260 112 288 160
person 0.0109 305 131 319 155
person 0.0108 274 129 288 156
person 0.0106 207 70 278 205
person 0.0103 296 123 308 144
person 0.0083 386 134 396 151
person 0.0081 269 119 280 136
person 0.0070 201 110 213 141
person 0.0067 368 125 377 142
person 0.0064 291 121 319 185
person 0.0057 83 122 100 150
person 0.0055 210 111 222 140
person 0.0054 295 133 314 154
person 0.0051 323 126 333 147
person 0.0044 58 -37 225 410
person 0.0041 0 110 4 159
person 0.0041 199 136 208 149
person 0.0039 226 86 264 148
person 0.0038 307 138 319 169
person 0.0033 8 85 52 231
person 0.0029 20 97 260 273
person 0.0028 259 114 271 139
person 0.0026 398 134 418 152
person 0.0026 111 42 392 246
person 0.0026 402 125 414 143
person 0.0022 193 109 205 140
person 0.0021 12 13 479 221
person 0.0020 76 117 107 172
person 0.0019 -2 71 8 197
person 0.0019 227 103 241 145
person 0.0018 235 86 479 194
person 0.0018 303 118 315 137
person 0.0017 89 73 212 219
person 0.0017 -1 54 6 272
person 0.0017 24 77 68 209
person 0.0016 25 106 103 201
person 0.0016 92 116 107 138
person 0.0015 239 103 252 124
person 0.0015 390 134 402 151
person 0.0015 337 123 348 146
person 0.0014 7 124 21 146
person 0.0014 317 115 329 138
person 0.0013 98 129 115 156
person 0.0013 367 114 377 138
person 0.0013 219 79 375 202
person 0.0013 189 136 205 150
person 0.0012 249 124 263 143
person 0.0012 432 140 441 151
person 0.0012 401 118 410 135
person 0.0012 218 110 230 141
person 0.0011 241 100 252 116
person 0.0011 0 103 2 203
bicycle 0.0028 28 155 54 211
bicycle 0.0022 298 118 329 183
bicycle 0.0016 313 134 327 169
bicycle 0.0012 -19 145 64 221
bicycle 0.0012 281 107 344 194
dog 0.0060 177 69 306 396
cow 0.0011 177 69 306 396
bottle 0.0063 35 165 51 203
bottle 0.0015 23 165 46 196
chair 0.0013 157 -24 334 492
tvmonitor 0.0033 230 10 319 43
