person 0.9837 169 125 425 370
person 0.9611 74 142 350 367
person 0.0792 16 92 155 275
person 0.0086 45 115 119 251
person 0.0015 72 -18 484 381
person 0.0014 152 74 277 211
person 0.0014 489 95 502 233
person 0.0012 103 100 471 293
motorbike 0.0011 19 143 471 366
bus 0.2605 37 -24 463 330
train 0.7861 54 -27 456 397
train 0.0051 188 114 439 365
train 0.0049 47 128 379 354
train 0.0014 -21 87 525 291
bottle 0.0013 302 257 336 306
chair 0.0125 437 187 514 320
chair 0.0099 331 192 420 387
chair 0.0066 54 180 170 411
chair 0.0053 272 337 385 391
chair 0.0042 19 143 471 366
chair 0.0024 54 118 216 494
chair 0.0019 277 165 392 420
chair 0.0014 238 93 410 511
chair 0.0013 -78 225 286 371
tvmonitor 0.0018 489 95 502 233
tvmonitor 0.0014 54 -27 456 397
