person 0.9953 239 269 269 348
person 0.9464 198 274 220 345
person 0.8185 -6 266 22 406
person 0.0348 279 287 291 313
person 0.0300 243 299 252 335
person 0.0146 202 290 213 324
person 0.0107 0 289 7 324
person 0.0060 242 286 251 313
person 0.0058 -2 301 23 368
person 0.0049 237 282 256 345
person 0.0042 -3 267 15 369
person 0.0036 207 298 219 332
person 0.0023 249 284 259 298
person 0.0020 2 300 8 371
person 0.0020 249 288 262 310
person 0.0019 0 306 6 328
person 0.0015 190 272 209 346
person 0.0014 0 305 4 384
person 0.0013 258 296 266 318
person 0.0013 196 285 204 330
person 0.0012 258 298 267 332
person 0.0010 223 264 285 351
car 0.0018 0 289 7 324
car 0.0015 -3 259 14 336
car 0.0011 -6 266 22 406
