person 0.9997 -60 74 308 360
person 0.9995 187 72 550 363
person 0.9961 279 -8 331 148
person 0.9359 182 181 454 367
person 0.8818 82 72 271 299
person 0.7830 -9 46 32 106
person 0.6880 150 50 171 72
person 0.4505 124 53 153 80
person 0.2452 228 -18 404 554
person 0.1603 -6 -46 27 137
person 0.0622 109 -22 241 373
person 0.0587 -1 40 18 110
person 0.0478 0 40 5 95
person 0.0425 110 42 184 89
person 0.0259 -1 -5 11 122
person 0.0177 141 45 174 84
person 0.0157 137 55 157 76
person 0.0091 -14 23 41 117
person 0.0070 -2 -119 13 398
person 0.0060 128 34 209 98
person 0.0053 0 61 6 106
person 0.0050 -4 -43 19 283
person 0.0037 0 6 2 90
person 0.0032 256 -18 374 152
person 0.0027 0 61 25 94
person 0.0026 120 45 160 104
person 0.0010 -1 -54 7 114
bird 0.0018 124 53 153 80
dog 0.0079 124 53 153 80
dog 0.0014 -9 46 32 106
horse 0.0020 158 155 558 366
bottle 0.0036 381 73 435 176
chair 0.0016 -9 46 32 106
