person 0.9994 262 80 519 351
person 0.9968 -58 146 201 378
person 0.0013 448 48 470 183
person 0.0010 353 210 363 251
cat 0.0017 -58 126 197 350
bottle 0.8810 361 -12 393 67
bottle 0.6736 379 -9 416 67
bottle 0.6687 406 -20 436 72
bottle 0.0544 309 156 347 246
bottle 0.0311 366 -16 431 77
bottle 0.0160 422 0 437 34
bottle 0.0127 86 280 99 314
bottle 0.0107 389 0 404 35
bottle 0.0059 330 -38 456 90
bottle 0.0058 319 285 349 334
bottle 0.0050 324 256 351 314
bottle 0.0039 331 265 346 306
bottle 0.0038 326 244 349 349
bottle 0.0035 411 -10 429 34
bottle 0.0033 371 -3 385 38
bottle 0.0030 92 283 110 309
bottle 0.0029 324 269 337 304
bottle 0.0024 416 16 433 58
bottle 0.0021 106 281 132 313
bottle 0.0020 318 165 339 194
bottle 0.0019 400 21 416 59
bottle 0.0019 366 20 388 55
bottle 0.0018 271 235 296 259
bottle 0.0018 387 23 411 55
bottle 0.0017 336 133 363 216
bottle 0.0015 80 268 103 327
bottle 0.0015 294 290 310 304
bottle 0.0013 377 150 386 212
bottle 0.0013 353 210 363 251
bottle 0.0012 83 271 118 322
bottle 0.0012 293 297 312 317
bottle 0.0012 282 303 302 330
bottle 0.0010 284 289 302 304
bottle 0.0010 83 290 100 319
chair 0.0028 224 291 400 410
tvmonitor 0.0044 309 86 406 302
