person 0.9948 66 38 417 359
person 0.9946 233 126 447 371
person 0.0892 390 278 424 371
person 0.0826 441 296 476 361
person 0.0119 435 269 491 395
person 0.0060 -24 78 171 516
person 0.0041 383 261 438 388
person 0.0035 450 307 469 344
person 0.0025 454 306 471 332
person 0.0014 399 298 416 334
cat 0.0026 -76 309 213 406
cat 0.0017 -19 215 185 451
cat 0.0013 390 278 424 371
cat 0.0010 277 15 409 257
dog 0.0055 -67 326 206 398
dog 0.0039 390 278 424 371
dog 0.0028 -24 78 171 516
bottle 0.0017 286 105 302 138
chair 0.0372 -24 78 171 516
chair 0.0131 383 261 438 388
chair 0.0075 -64 217 230 367
sofa 0.2254 -5 207 446 380
sofa 0.1645 -24 82 187 516
sofa 0.0963 -64 217 230 367
sofa 0.0199 -27 137 507 487
sofa 0.0080 111 37 397 395
sofa 0.0033 -76 309 213 406
sofa 0.0010 -23 220 167 448
pottedplant 0.9612 281 18 417 257
pottedplant 0.9146 278 -98 420 372
pottedplant 0.3289 249 100 448 374
pottedplant 0.1130 49 51 498 342
pottedplant 0.0382 154 8 396 386
pottedplant 0.0016 203 62 472 235
tvmonitor 0.0027 435 269 491 395
