person 0.9990 245 140 295 378
person 0.9986 181 151 235 354
person 0.9974 282 154 328 339
person 0.9942 430 136 496 357
person 0.9926 330 182 369 298
person 0.2934 296 165 324 231
person 0.1555 272 163 297 239
person 0.0809 189 174 205 204
person 0.0490 187 164 208 236
person 0.0330 284 178 297 205
person 0.0248 150 236 181 300
person 0.0244 278 175 291 205
person 0.0232 301 175 318 209
person 0.0221 171 181 183 200
person 0.0189 276 188 290 231
person 0.0169 476 130 502 372
person 0.0167 306 201 331 260
person 0.0165 280 173 302 244
person 0.0148 207 189 245 248
person 0.0141 197 181 257 256
person 0.0136 262 109 299 170
person 0.0129 229 182 244 197
person 0.0127 139 138 188 330
person 0.0124 57 215 113 326
person 0.0099 179 180 193 202
person 0.0091 422 191 433 229
person 0.0088 276 183 296 278
person 0.0086 408 177 432 238
person 0.0084 403 195 415 229
person 0.0080 186 187 206 309
person 0.0076 413 183 426 235
person 0.0074 164 182 177 202
person 0.0072 306 195 319 223
person 0.0071 285 189 299 230
person 0.0069 491 169 502 365
person 0.0061 26 209 143 338
person 0.0053 325 184 337 217
person 0.0053 298 173 310 209
person 0.0049 333 203 369 257
person 0.0049 484 164 503 254
person 0.0045 226 207 244 234
person 0.0045 240 190 268 245
person 0.0041 -28 218 123 372
person 0.0038 228 129 258 214
person 0.0036 244 199 263 237
person 0.0033 421 173 438 283
person 0.0031 235 210 254 233
person 0.0028 294 190 311 226
person 0.0028 494 182 500 238
person 0.0028 413 186 425 215
person 0.0026 193 189 205 230
person 0.0025 396 168 421 237
person 0.0025 254 153 343 349
person 0.0025 213 198 236 224
person 0.0024 168 182 185 214
person 0.0023 160 183 178 215
person 0.0023 395 163 438 310
person 0.0022 139 191 155 230
person 0.0021 324 177 338 201
person 0.0020 155 171 184 248
person 0.0020 140 176 156 203
person 0.0020 157 146 203 326
person 0.0020 224 217 247 237
person 0.0020 256 202 267 235
person 0.0020 158 245 176 288
person 0.0019 103 92 464 311
person 0.0018 255 114 547 368
person 0.0018 373 196 388 228
person 0.0017 496 206 499 271
person 0.0017 339 212 349 230
person 0.0017 206 196 222 223
person 0.0017 244 165 261 199
person 0.0017 220 189 256 235
person 0.0016 233 218 256 235
person 0.0016 133 163 161 237
person 0.0016 199 169 239 305
person 0.0014 414 159 447 314
person 0.0014 174 170 203 231
person 0.0014 318 169 343 230
person 0.0014 236 181 251 198
person 0.0013 60 244 101 310
person 0.0013 288 180 317 237
person 0.0013 217 196 251 261
person 0.0013 134 166 347 267
person 0.0012 250 97 315 181
person 0.0011 315 193 325 225
person 0.0011 1 233 61 358
dog 0.0010 191 257 203 291
pottedplant 0.0244 220 189 256 235
pottedplant 0.0153 224 197 251 225
pottedplant 0.0102 213 181 271 242
pottedplant 0.0047 127 124 205 336
pottedplant 0.0032 156 151 205 281
pottedplant 0.0020 235 210 254 233
pottedplant 0.0018 91 147 239 278
pottedplant 0.0012 226 207 244 234
diningtable 0.0011 -34 115 213 434
