person 0.9998 136 57 387 300
person 0.0486 152 136 432 335
person 0.0143 362 -26 435 117
person 0.0119 336 -46 458 138
person 0.0035 274 -83 450 168
person 0.0028 207 -20 392 462
bicycle 0.0014 152 136 432 335
bird 0.0012 402 80 432 130
cat 0.0050 402 80 432 130
dog 0.0010 402 80 432 130
bottle 0.0096 191 80 215 133
bottle 0.0079 402 80 432 130
bottle 0.0052 441 84 454 126
bottle 0.0035 434 67 460 130
bottle 0.0032 406 86 417 127
bottle 0.0021 448 79 459 130
bottle 0.0012 439 76 452 114
bottle 0.0011 413 86 425 108
chair 0.9821 166 140 433 363
chair 0.1845 207 -20 392 462
chair 0.0242 396 122 514 347
chair 0.0044 484 -24 502 417
chair 0.0041 308 150 358 327
chair 0.0028 254 91 385 342
chair 0.0023 492 170 502 328
chair 0.0014 183 197 216 264
chair 0.0012 494 77 501 344
chair 0.0010 185 219 416 447
sofa 0.0035 173 139 454 337
sofa 0.0010 484 -24 502 417
diningtable 0.0868 173 139 454 337
diningtable 0.0202 322 12 509 433
diningtable 0.0039 396 122 514 347
diningtable 0.0031 125 31 525 268
diningtable 0.0027 207 -20 392 462
diningtable 0.0019 276 139 544 317
diningtable 0.0019 310 112 506 232
diningtable 0.0014 -14 173 189 456
tvmonitor 0.0053 166 69 281 209
tvmonitor 0.0049 -4 205 183 449
tvmonitor 0.0010 484 -24 502 417
