person 0.0017 -1 20 10 653
person 0.0015 474 158 505 362
cat 0.0141 91 205 151 258
dog 0.0053 91 205 151 258
bottle 0.0027 23 101 115 345
bottle 0.0024 34 125 97 234
chair 0.4213 53 290 476 441
chair 0.1338 106 161 423 553
chair 0.0954 25 135 118 382
chair 0.0289 474 158 505 362
chair 0.0075 -2 79 10 633
chair 0.0043 -1 281 5 536
chair 0.0037 480 124 503 505
chair 0.0020 126 238 265 379
chair 0.0019 297 151 388 367
chair 0.0011 1 160 25 397
chair 0.0010 -3 256 13 567
chair 0.0010 -4 67 26 604
sofa 0.6564 53 290 476 441
sofa 0.2309 106 161 423 553
sofa 0.0037 -2 79 10 633
sofa 0.0014 474 158 505 362
diningtable 0.0055 474 158 505 362
diningtable 0.0038 148 102 342 409
diningtable 0.0010 -2 161 12 587
tvmonitor 0.9630 182 79 313 252
tvmonitor 0.0113 175 -34 321 337
tvmonitor 0.0029 196 38 241 143
