person 0.9855 1 45 493 302
person 0.0051 7 -21 266 352
person 0.0034 -43 23 156 305
person 0.0016 -4 -67 18 189
person 0.0014 -3 -25 13 79
person 0.0013 -1 -48 10 122
bottle 0.0058 129 121 229 219
chair 0.5109 7 9 431 263
chair 0.1190 132 -13 505 338
chair 0.0036 7 -21 266 352
chair 0.0033 -43 23 156 305
chair 0.0013 -5 79 28 318
chair 0.0011 352 13 535 306
sofa 0.7497 48 9 448 265
sofa 0.0032 7 -21 266 352
sofa 0.0020 -43 23 156 305
sofa 0.0015 161 15 577 304
sofa 0.0012 -18 13 588 179
tvmonitor 0.0015 94 44 462 334
