person 0.9772 81 64 179 456
person 0.9596 167 26 267 391
person 0.3629 53 140 217 385
person 0.1703 262 71 373 380
person 0.0436 72 217 127 342
person 0.0404 254 60 310 385
person 0.0340 279 214 399 346
person 0.0273 147 139 179 380
person 0.0140 250 65 389 238
person 0.0100 122 104 194 380
person 0.0050 67 187 135 448
person 0.0041 263 105 296 374
person 0.0035 206 146 441 386
person 0.0033 309 224 386 325
person 0.0030 274 198 367 405
person 0.0026 80 237 94 292
person 0.0025 83 84 128 244
person 0.0025 242 -4 404 463
person 0.0024 490 137 500 182
person 0.0022 283 88 354 214
person 0.0020 78 221 102 333
person 0.0019 486 122 503 198
person 0.0019 82 119 124 369
person 0.0016 384 94 437 465
bird 0.0017 490 137 500 182
bird 0.0010 486 122 503 198
cat 0.0194 321 361 400 428
cat 0.0069 269 357 356 420
cat 0.0044 137 300 378 445
cat 0.0011 289 351 455 441
cat 0.0010 279 214 399 346
dog 0.9662 141 297 342 446
dog 0.0598 321 361 400 428
dog 0.0135 269 357 356 420
dog 0.0107 289 351 455 441
dog 0.0021 279 214 399 346
dog 0.0013 158 241 399 473
dog 0.0012 80 360 441 428
bottle 0.0010 80 237 94 292
chair 0.0388 304 241 396 432
chair 0.0051 255 126 402 501
chair 0.0044 274 198 367 405
chair 0.0032 70 257 116 456
chair 0.0028 77 105 180 444
chair 0.0016 279 214 399 346
chair 0.0013 295 233 350 404
chair 0.0011 76 216 128 421
pottedplant 0.0014 235 35 409 289
diningtable 0.0357 304 241 396 432
diningtable 0.0011 67 215 143 460
diningtable 0.0010 69 249 116 435
