person 0.9644 50 155 218 404
person 0.9139 77 69 201 489
person 0.0569 205 105 245 252
person 0.0064 214 115 237 237
person 0.0061 74 117 92 202
person 0.0057 214 105 267 233
person 0.0033 38 126 68 194
person 0.0029 28 93 72 232
person 0.0022 164 107 202 251
person 0.0021 235 112 280 244
person 0.0017 190 107 227 255
person 0.0017 219 139 235 182
person 0.0016 -5 -2 18 9
person 0.0014 219 124 253 191
person 0.0013 46 90 92 239
person 0.0011 3 102 27 194
person 0.0011 233 130 263 224
person 0.0010 9 148 18 186
bicycle 0.0504 230 170 282 355
bicycle 0.0109 -40 166 138 279
bicycle 0.0038 -16 151 79 338
bicycle 0.0016 41 176 98 306
car 0.0056 183 97 302 235
car 0.0052 214 105 267 233
car 0.0021 235 112 280 244
car 0.0019 -16 172 78 340
car 0.0016 100 104 268 225
car 0.0012 231 127 266 189
motorbike 0.0018 230 170 282 355
dog 0.2768 76 120 202 469
dog 0.0068 66 211 219 384
dog 0.0048 143 229 187 369
horse 0.0682 76 120 202 469
horse 0.0016 42 152 227 375
sheep 0.0078 76 120 202 469
sheep 0.0010 42 152 227 375
cow 0.0019 76 120 202 469
bottle 0.0025 148 218 172 291
bottle 0.0012 170 326 186 354
chair 0.0181 230 170 282 355
chair 0.0017 77 69 201 489
chair 0.0011 -16 172 78 340
diningtable 0.0010 230 170 282 355
