person 0.9995 270 90 348 409
person 0.9935 101 84 182 305
person 0.9873 415 127 463 367
person 0.9859 390 88 443 372
person 0.9853 367 149 421 359
person 0.6401 211 132 274 416
person 0.2721 379 161 395 186
person 0.1027 372 163 391 186
person 0.0803 491 165 499 184
person 0.0755 348 141 400 260
person 0.0420 473 162 482 189
person 0.0240 160 232 212 361
person 0.0234 462 172 473 188
person 0.0231 374 152 403 210
person 0.0219 334 136 406 342
person 0.0139 472 170 480 187
person 0.0136 477 162 492 188
person 0.0111 363 163 400 219
person 0.0109 343 154 412 205
person 0.0104 382 160 398 172
person 0.0096 355 168 385 192
person 0.0068 363 156 397 195
person 0.0067 196 22 373 482
person 0.0065 306 134 438 264
person 0.0056 322 159 362 182
person 0.0055 319 162 343 184
person 0.0051 140 107 225 402
person 0.0045 111 105 171 255
person 0.0043 175 242 203 354
person 0.0037 26 153 39 188
person 0.0036 382 162 416 185
person 0.0031 389 136 442 261
person 0.0030 191 142 522 212
person 0.0028 388 168 413 192
person 0.0027 351 170 371 190
person 0.0027 314 160 333 185
person 0.0026 478 171 491 186
person 0.0025 300 56 438 419
person 0.0025 60 41 228 354
person 0.0022 395 160 436 342
person 0.0018 331 145 383 284
person 0.0017 418 165 456 183
person 0.0013 338 163 359 182
person 0.0013 161 173 190 196
person 0.0012 165 170 281 406
person 0.0012 -15 149 343 322
person 0.0011 318 171 342 190
person 0.0011 426 161 447 172
person 0.0011 422 171 434 189
person 0.0011 456 159 479 191
person 0.0010 352 169 389 236
bicycle 0.0011 318 171 342 190
car 0.6962 267 162 304 177
car 0.6899 418 165 456 183
car 0.5954 355 168 385 192
car 0.5189 309 149 372 195
car 0.4886 382 162 416 185
car 0.3485 322 159 362 182
car 0.1944 295 156 330 172
car 0.1940 340 157 401 203
car 0.1720 371 150 427 199
car 0.1415 331 169 365 189
car 0.1243 393 170 417 188
car 0.1144 3 176 85 263
car 0.1125 292 158 314 172
car 0.0943 408 154 470 196
car 0.0702 491 165 499 184
car 0.0643 292 162 309 177
car 0.0556 338 163 359 182
car 0.0545 245 169 267 182
car 0.0455 372 163 391 186
car 0.0435 319 162 343 184
car 0.0393 320 159 345 172
car 0.0376 351 170 371 190
car 0.0353 421 165 437 179
car 0.0346 385 161 407 172
car 0.0310 426 161 447 172
car 0.0260 379 161 395 186
car 0.0195 279 146 345 184
car 0.0143 318 171 342 190
car 0.0129 336 159 359 174
car 0.0116 419 161 439 172
car 0.0109 248 154 319 187
car 0.0097 404 162 432 182
car 0.0088 456 159 479 191
car 0.0087 30 191 70 251
car 0.0084 477 162 492 188
car 0.0059 431 170 459 187
car 0.0056 422 171 434 189
car 0.0048 -25 153 94 286
car 0.0048 314 160 333 185
car 0.0047 446 162 466 187
car 0.0043 284 144 539 209
car 0.0043 405 161 432 171
car 0.0040 250 171 274 187
car 0.0040 473 162 482 189
car 0.0039 259 166 289 177
car 0.0036 313 155 350 193
car 0.0032 388 159 422 202
car 0.0031 427 150 504 198
car 0.0029 400 160 417 171
car 0.0026 169 145 462 208
car 0.0021 373 154 406 196
car 0.0020 462 172 473 188
car 0.0020 437 162 452 171
car 0.0016 448 173 466 186
car 0.0015 495 150 499 181
car 0.0015 65 105 513 269
car 0.0012 478 171 491 186
car 0.0010 292 150 333 191
car 0.0010 383 164 450 218
motorbike 0.0017 491 165 499 184
motorbike 0.0015 318 171 342 190
motorbike 0.0013 393 170 417 188
bus 0.0015 295 156 330 172
bus 0.0014 436 139 516 190
bus 0.0012 309 149 372 195
dog 0.0012 462 172 473 188
horse 0.9994 -35 181 350 349
horse 0.9878 328 139 410 341
horse 0.0617 41 45 289 475
horse 0.0344 300 56 438 419
horse 0.0089 160 232 212 361
horse 0.0050 349 154 411 227
horse 0.0038 357 117 433 360
horse 0.0037 368 159 405 221
horse 0.0030 302 128 443 299
horse 0.0023 140 107 225 402
horse 0.0016 331 145 383 284
horse 0.0015 380 164 398 193
horse 0.0012 157 87 287 424
horse 0.0011 368 176 394 208
cow 0.0016 328 144 419 350
bottle 0.0037 308 229 320 247
