person 0.1607 223 120 246 146
person 0.0751 273 120 292 150
person 0.0695 264 119 284 151
person 0.0268 232 121 254 147
person 0.0151 243 120 264 148
person 0.0110 216 115 253 151
person 0.0103 203 109 266 158
person 0.0080 256 119 274 149
person 0.0073 283 120 298 148
person 0.0068 265 116 300 153
person 0.0051 249 106 313 162
person 0.0012 298 123 312 141
person 0.0011 218 128 236 147
car 0.9895 165 10 338 305
car 0.7975 191 73 322 243
car 0.0083 298 123 312 141
bus 0.0025 187 28 325 256
pottedplant 0.0012 -30 81 98 256
