person 0.0236 491 234 499 262
person 0.0231 480 235 493 261
person 0.0178 105 229 121 266
person 0.0144 217 68 447 376
person 0.0097 19 90 552 367
person 0.0084 300 141 410 325
person 0.0043 495 216 499 268
person 0.0037 311 192 364 315
person 0.0027 96 221 129 278
person 0.0017 110 226 126 257
person 0.0015 120 218 155 299
person 0.0012 468 120 497 136
person 0.0012 81 246 101 277
person 0.0012 64 157 582 295
person 0.0011 78 221 103 246
person 0.0011 496 230 499 285
person 0.0010 108 253 127 281
car 0.0198 207 216 286 259
car 0.0011 90 177 403 359
car 0.0010 173 194 378 275
aeroplane 0.9864 67 41 492 280
aeroplane 0.0066 237 68 484 372
aeroplane 0.0058 19 90 552 367
aeroplane 0.0038 -18 166 594 290
aeroplane 0.0015 347 88 518 372
aeroplane 0.0014 279 194 552 275
bus 0.0010 75 50 485 304
cow 0.0013 64 42 462 311
