car 0.0099 158 152 321 286
car 0.0042 312 234 336 252
car 0.0038 -55 231 406 454
car 0.0013 74 -24 420 380
car 0.0013 185 207 282 258
bird 0.0085 312 234 336 252
bird 0.0028 238 134 255 168
chair 0.0013 401 298 532 407
pottedplant 0.5567 -15 6 79 380
pottedplant 0.0068 -13 151 75 351
pottedplant 0.0051 -42 71 140 294
pottedplant 0.0020 155 154 325 310
pottedplant 0.0018 -5 -111 35 430
pottedplant 0.0017 -3 -12 18 368
pottedplant 0.0016 -22 -77 124 465
diningtable 0.0015 401 298 532 407
diningtable 0.0012 -55 231 406 454
tvmonitor 0.0161 74 -24 420 380
