person 0.9997 10 60 270 516
person 0.1124 -56 137 330 436
person 0.0015 -91 247 367 490
bicycle 0.0015 7 107 301 532
car 0.0164 7 107 301 532
car 0.0016 -75 248 391 488
motorbike 0.0041 7 107 301 532
bus 0.0045 7 107 301 532
bus 0.0012 184 88 377 477
train 0.0075 7 107 301 532
train 0.0013 184 88 377 477
boat 0.0080 7 107 301 532
boat 0.0029 181 62 374 451
bird 0.0015 7 107 301 532
bottle 0.0013 239 374 293 484
chair 0.0067 -18 259 99 566
chair 0.0053 162 411 390 539
chair 0.0052 -110 318 380 492
chair 0.0031 -4 199 316 521
chair 0.0025 -23 147 141 682
sofa 0.0171 162 411 390 539
sofa 0.0074 -110 318 380 492
sofa 0.0020 -4 199 316 521
sofa 0.0020 183 357 356 578
