person 0.0087 48 100 497 331
person 0.0032 99 118 141 190
person 0.0030 327 138 398 210
person 0.0029 272 126 300 202
person 0.0018 20 102 155 214
person 0.0015 407 172 425 186
car 0.9479 31 93 471 333
car 0.0160 -93 134 596 296
car 0.0038 375 153 462 189
car 0.0023 394 171 425 187
motorbike 0.0021 59 80 486 319
bus 0.2268 15 88 442 314
train 0.0022 484 138 503 228
boat 0.0017 375 153 462 189
chair 0.0033 73 155 145 191
pottedplant 0.0063 484 138 503 228
pottedplant 0.0033 490 173 500 213
pottedplant 0.0014 493 156 498 206
diningtable 0.0019 59 80 486 319
