bicycle 0.0024 -73 192 398 359
bicycle 0.0010 -11 133 313 489
car 0.0018 147 91 284 230
bird 0.0050 138 262 276 358
cat 0.0094 427 178 463 245
dog 0.0020 198 303 356 402
dog 0.0018 427 178 463 245
dog 0.0017 -63 310 284 401
sheep 0.0012 -63 310 284 401
bottle 0.0292 337 150 369 202
bottle 0.0243 216 166 230 221
bottle 0.0122 389 195 403 231
bottle 0.0092 383 198 398 228
bottle 0.0059 165 299 193 322
bottle 0.0052 147 261 210 330
bottle 0.0028 157 272 200 322
bottle 0.0028 330 148 353 220
bottle 0.0027 138 260 174 313
chair 0.9923 -5 159 65 425
chair 0.9626 -63 310 284 401
chair 0.9604 203 164 327 385
chair 0.3860 341 183 495 330
chair 0.2361 198 303 356 402
chair 0.1689 208 176 307 240
chair 0.0818 19 242 192 447
chair 0.0651 364 203 470 417
chair 0.0503 440 176 510 412
chair 0.0443 185 61 329 481
chair 0.0352 -11 133 313 489
chair 0.0334 349 83 512 503
chair 0.0254 192 157 320 277
chair 0.0242 -28 157 99 277
chair 0.0204 -78 232 382 368
chair 0.0150 470 165 504 423
chair 0.0144 134 225 220 271
chair 0.0101 196 346 310 387
chair 0.0066 247 51 417 455
chair 0.0063 -32 197 100 241
chair 0.0063 259 156 330 210
chair 0.0058 285 175 391 367
chair 0.0047 -2 149 23 442
chair 0.0043 139 258 292 359
chair 0.0035 108 184 394 355
chair 0.0034 -1 182 5 434
chair 0.0032 485 279 503 393
chair 0.0027 62 180 121 243
chair 0.0026 258 174 327 242
chair 0.0020 -4 177 64 300
chair 0.0019 225 167 292 270
chair 0.0016 288 148 359 204
chair 0.0013 393 125 513 388
chair 0.0013 460 58 507 453
chair 0.0011 277 174 312 233
chair 0.0011 491 221 501 414
chair 0.0010 -22 348 244 384
chair 0.0010 34 215 72 231
sofa 0.0052 -8 163 66 396
sofa 0.0044 -63 310 284 401
sofa 0.0032 201 159 325 361
pottedplant 0.3402 -14 -51 137 368
pottedplant 0.3113 0 40 128 286
pottedplant 0.0034 263 158 337 209
pottedplant 0.0026 -50 52 175 247
pottedplant 0.0022 427 178 463 245
pottedplant 0.0017 -23 110 88 254
pottedplant 0.0014 55 92 116 269
diningtable 0.9904 -84 240 406 363
diningtable 0.9737 -18 116 345 498
diningtable 0.0827 236 185 570 350
diningtable 0.0826 301 75 514 457
diningtable 0.0063 233 82 421 376
diningtable 0.0034 272 151 434 319
diningtable 0.0021 247 170 541 257
diningtable 0.0019 362 179 490 410
diningtable 0.0012 285 175 391 367
diningtable 0.0011 -16 124 293 335
diningtable 0.0010 328 177 504 298
tvmonitor 0.5717 353 122 475 244
tvmonitor 0.0355 377 135 445 233
tvmonitor 0.0125 93 94 275 235
tvmonitor 0.0088 363 94 525 255
tvmonitor 0.0024 497 159 500 227
tvmonitor 0.0017 131 114 193 216
tvmonitor 0.0016 493 118 501 267
