person 0.9995 55 54 374 370
person 0.9983 180 59 556 316
person 0.9978 216 -24 338 217
person 0.9645 208 -103 361 302
person 0.5977 231 19 406 230
person 0.5085 -9 -4 81 209
person 0.3456 263 44 376 206
person 0.1324 -5 249 35 414
person 0.0428 -72 86 436 305
person 0.0353 -35 112 131 351
person 0.0277 295 61 371 111
person 0.0221 -14 82 82 424
person 0.0083 -3 162 22 426
person 0.0081 324 70 357 98
person 0.0081 -19 -49 132 274
person 0.0063 -35 242 97 432
person 0.0034 -5 103 34 484
person 0.0033 78 -44 174 203
person 0.0032 53 -53 204 265
person 0.0019 -2 58 21 335
person 0.0018 258 -75 466 304
person 0.0014 264 194 561 363
person 0.0013 -2 243 10 390
person 0.0011 303 43 370 166
person 0.0010 163 45 573 197
person 0.0010 -8 25 30 76
bottle 0.2260 53 92 92 199
bottle 0.0804 13 17 52 94
bottle 0.0071 68 151 93 219
bottle 0.0034 75 161 88 203
bottle 0.0027 30 23 49 91
bottle 0.0013 72 128 115 194
bottle 0.0010 317 128 347 178
bottle 0.0010 66 119 111 233
chair 0.9814 79 86 272 518
chair 0.8927 345 -3 524 555
chair 0.8892 313 187 548 365
chair 0.6620 382 120 521 434
chair 0.2566 75 66 134 179
chair 0.2196 87 89 129 166
chair 0.1384 -4 184 29 436
chair 0.0995 53 52 159 194
chair 0.0956 22 225 391 362
chair 0.0657 -8 32 30 79
chair 0.0300 -14 82 82 424
chair 0.0259 -2 187 11 370
chair 0.0198 -19 120 63 172
chair 0.0156 -10 2 82 227
chair 0.0130 -16 16 43 84
chair 0.0120 12 273 78 404
chair 0.0112 78 -44 174 203
chair 0.0102 224 224 337 411
chair 0.0094 165 96 338 506
chair 0.0085 -3 18 18 79
chair 0.0083 53 -53 204 265
chair 0.0083 102 102 132 161
chair 0.0081 -28 135 101 190
chair 0.0077 -65 97 430 341
chair 0.0069 -37 74 135 208
chair 0.0069 19 211 75 366
chair 0.0068 -3 42 16 467
chair 0.0064 73 100 85 130
chair 0.0063 367 50 544 259
chair 0.0061 0 31 10 63
chair 0.0057 60 42 121 164
chair 0.0057 -5 194 55 391
chair 0.0052 58 82 107 204
chair 0.0050 13 23 148 178
chair 0.0047 0 33 24 62
chair 0.0046 -2 249 10 423
chair 0.0045 -35 112 131 351
chair 0.0041 -19 -49 132 274
chair 0.0040 237 99 554 343
chair 0.0038 13 17 52 94
chair 0.0038 -5 43 32 504
chair 0.0037 423 138 513 373
chair 0.0032 -35 242 97 432
chair 0.0030 208 37 349 205
chair 0.0029 109 114 126 152
chair 0.0028 -1 153 13 175
chair 0.0026 -1 43 15 70
chair 0.0022 0 10 65 102
chair 0.0022 -1 13 24 262
chair 0.0020 377 294 518 409
chair 0.0019 -6 275 37 412
chair 0.0018 18 59 122 90
chair 0.0016 489 44 501 73
chair 0.0014 0 104 5 377
chair 0.0014 0 12 4 70
chair 0.0013 34 34 96 164
chair 0.0013 0 274 4 359
chair 0.0013 -3 71 55 204
chair 0.0012 0 217 5 301
chair 0.0012 212 15 241 78
chair 0.0012 -2 308 13 400
chair 0.0011 479 86 503 460
chair 0.0011 49 248 71 329
chair 0.0011 35 237 68 338
chair 0.0010 0 114 3 173
chair 0.0010 0 134 5 175
chair 0.0010 290 238 517 447
chair 0.0010 274 94 468 508
sofa 0.0044 -4 184 29 436
sofa 0.0033 41 137 455 369
sofa 0.0031 345 -3 524 555
sofa 0.0028 313 187 548 365
sofa 0.0015 367 50 544 259
sofa 0.0015 -12 -47 79 363
sofa 0.0014 -12 17 102 253
sofa 0.0013 382 120 521 434
pottedplant 0.0017 -8 32 30 79
diningtable 0.8776 -19 -49 132 274
diningtable 0.6717 10 45 359 381
diningtable 0.5278 -12 7 99 225
diningtable 0.1382 -31 31 160 140
diningtable 0.0587 -19 80 102 394
diningtable 0.0373 -41 114 129 285
diningtable 0.0242 -43 112 138 201
diningtable 0.0211 -98 89 442 285
diningtable 0.0108 184 81 553 344
diningtable 0.0088 18 59 122 90
diningtable 0.0074 -8 32 30 79
diningtable 0.0059 -60 193 406 354
diningtable 0.0056 -26 1 126 522
diningtable 0.0049 182 36 386 343
diningtable 0.0037 140 130 380 225
diningtable 0.0031 -9 171 71 416
diningtable 0.0030 -28 135 101 190
diningtable 0.0028 3 49 138 117
diningtable 0.0025 34 34 96 164
diningtable 0.0023 20 29 150 204
diningtable 0.0021 -4 184 29 436
diningtable 0.0016 -2 58 21 335
diningtable 0.0016 -4 124 59 270
diningtable 0.0012 -1 55 27 77
diningtable 0.0011 -1 43 15 70
diningtable 0.0010 60 42 121 164
tvmonitor 0.0942 367 50 544 259
tvmonitor 0.0014 169 10 243 70
