person 0.0014 156 40 467 414
car 0.0104 -42 -23 147 73
car 0.0030 1 4 123 50
car 0.0027 -20 0 65 42
car 0.0017 0 8 10 35
car 0.0014 -6 11 30 33
bottle 0.0014 142 9 432 386
chair 0.6317 33 93 538 369
chair 0.5712 150 64 423 392
chair 0.0928 -21 103 118 438
chair 0.0332 -39 172 152 366
chair 0.0314 -12 243 83 412
chair 0.0110 -25 180 227 480
chair 0.0075 431 41 513 316
chair 0.0061 -63 212 263 377
chair 0.0039 -4 239 27 420
chair 0.0031 472 48 502 270
chair 0.0030 408 101 530 249
chair 0.0016 425 135 507 210
chair 0.0012 -3 154 16 433
chair 0.0011 -4 313 17 396
sofa 0.7985 33 93 538 369
sofa 0.5299 150 64 423 392
diningtable 0.0240 -19 95 116 422
diningtable 0.0091 -39 172 152 366
diningtable 0.0032 111 44 418 412
diningtable 0.0023 -43 131 141 293
diningtable 0.0015 -18 127 222 491
diningtable 0.0012 -63 212 263 377
