person 0.9307 12 239 43 344
person 0.0512 62 247 77 289
person 0.0441 58 241 82 302
person 0.0041 27 266 39 294
person 0.0040 62 266 79 295
person 0.0032 0 252 3 324
person 0.0023 28 275 42 302
person 0.0016 17 269 31 289
person 0.0016 60 267 71 294
person 0.0015 17 254 45 308
person 0.0011 34 277 45 301
person 0.0011 5 255 23 283
person 0.0011 86 245 103 278
person 0.0010 7 267 22 288
pottedplant 0.8634 344 186 396 352
pottedplant 0.7378 238 230 267 308
pottedplant 0.6282 268 235 305 323
pottedplant 0.3902 265 171 318 344
pottedplant 0.0691 247 264 263 294
pottedplant 0.0532 245 274 266 299
pottedplant 0.0472 58 241 82 302
pottedplant 0.0339 238 312 276 354
pottedplant 0.0330 251 232 271 309
pottedplant 0.0291 256 248 266 290
pottedplant 0.0270 246 251 262 287
pottedplant 0.0221 62 266 79 295
pottedplant 0.0216 254 272 271 300
pottedplant 0.0206 238 213 281 330
pottedplant 0.0190 352 249 389 326
pottedplant 0.0165 230 303 282 364
pottedplant 0.0152 242 261 253 297
pottedplant 0.0147 62 247 77 289
pottedplant 0.0124 240 262 272 307
pottedplant 0.0114 282 190 428 356
pottedplant 0.0099 226 195 264 348
pottedplant 0.0092 292 230 316 322
pottedplant 0.0075 422 269 457 312
pottedplant 0.0070 389 247 415 327
pottedplant 0.0068 243 271 251 300
pottedplant 0.0063 210 168 348 350
pottedplant 0.0056 240 252 254 287
pottedplant 0.0056 411 258 479 323
pottedplant 0.0054 274 270 295 304
pottedplant 0.0036 433 299 463 314
pottedplant 0.0035 311 212 364 341
pottedplant 0.0033 223 221 251 297
pottedplant 0.0030 380 289 475 323
pottedplant 0.0028 358 280 384 314
pottedplant 0.0025 444 272 465 310
pottedplant 0.0025 257 228 326 330
pottedplant 0.0024 276 262 291 297
pottedplant 0.0020 289 220 336 332
pottedplant 0.0018 411 283 426 308
pottedplant 0.0017 459 299 473 313
pottedplant 0.0016 282 284 300 306
pottedplant 0.0015 419 286 431 306
pottedplant 0.0015 60 267 71 294
pottedplant 0.0015 409 299 448 314
pottedplant 0.0014 276 285 295 305
pottedplant 0.0014 262 209 284 329
pottedplant 0.0014 453 257 482 320
pottedplant 0.0014 232 213 259 290
pottedplant 0.0013 394 293 418 320
pottedplant 0.0013 407 215 460 334
pottedplant 0.0011 232 258 293 315
pottedplant 0.0010 355 240 507 344
pottedplant 0.0010 267 270 277 303
pottedplant 0.0010 228 253 243 281
pottedplant 0.0010 284 262 298 297
