person 0.0488 86 -2 461 360
person 0.0233 462 258 508 406
person 0.0127 34 148 460 389
person 0.0098 351 27 535 342
person 0.0011 468 186 503 364
person 0.0010 -37 9 136 342
cat 0.9883 52 -17 446 343
bottle 0.0014 6 -16 351 332
chair 0.0694 44 72 446 389
chair 0.0150 462 258 508 406
chair 0.0039 33 -17 473 245
sofa 0.6634 34 148 460 389
sofa 0.0191 462 258 508 406
sofa 0.0167 86 -2 461 360
sofa 0.0142 -65 196 546 466
sofa 0.0114 -83 231 577 365
pottedplant 0.0010 85 -14 467 332
diningtable 0.0821 7 71 436 383
diningtable 0.0017 33 -17 473 245
tvmonitor 0.0018 305 14 448 57
