person 0.7947 458 158 469 182
person 0.4322 455 160 464 181
person 0.3786 472 157 480 181
person 0.2011 477 151 489 189
person 0.0931 492 154 498 176
person 0.0699 485 184 500 215
person 0.0265 453 158 461 176
person 0.0139 482 161 504 224
person 0.0096 182 123 205 143
person 0.0064 444 157 454 183
person 0.0053 445 158 452 173
person 0.0052 472 145 495 196
person 0.0048 494 134 500 171
person 0.0047 213 139 238 165
person 0.0031 494 154 499 209
person 0.0028 480 172 490 188
person 0.0025 485 136 502 210
person 0.0019 215 114 239 140
person 0.0016 470 110 505 249
person 0.0013 -2 165 10 202
person 0.0012 396 111 542 242
person 0.0010 53 124 72 148
bicycle 0.0017 485 184 500 215
car 0.0018 492 154 498 176
car 0.0014 485 184 500 215
motorbike 0.0022 485 184 500 215
train 0.9999 82 39 441 343
train 0.1946 -23 9 140 301
train 0.0708 -43 112 131 243
train 0.0310 -55 62 567 249
train 0.0099 -12 36 80 319
train 0.0077 -49 72 175 215
train 0.0055 46 87 113 227
train 0.0032 -51 115 167 318
train 0.0031 -5 85 25 309
dog 0.0078 485 184 500 215
chair 0.0025 485 184 500 215
pottedplant 0.0031 485 184 500 215
