person 0.9993 24 70 483 356
person 0.9879 128 36 393 401
person 0.9835 -14 -34 94 256
person 0.2271 -27 -147 114 360
person 0.2131 -48 29 149 215
person 0.0985 -6 36 28 108
person 0.0073 -8 11 40 130
person 0.0053 -2 47 13 76
person 0.0046 3 48 20 75
person 0.0036 1 54 21 88
person 0.0022 1 44 19 64
person 0.0020 -30 -38 108 126
person 0.0017 1 69 22 96
person 0.0016 3 40 39 103
person 0.0014 22 55 37 85
person 0.0014 339 -27 413 71
person 0.0013 14 58 30 86
person 0.0013 53 25 72 60
person 0.0011 96 0 182 217
person 0.0011 46 16 78 70
car 0.0055 -49 12 145 207
car 0.0016 204 -4 357 12
car 0.0016 -38 -37 110 93
car 0.0012 -27 -147 114 360
car 0.0010 59 -124 268 233
boat 0.0011 124 48 401 427
boat 0.0010 -49 12 145 207
bottle 0.0019 20 99 42 124
bottle 0.0013 120 76 153 165
chair 0.9633 159 12 231 243
chair 0.5421 98 -4 193 250
chair 0.4219 36 119 487 363
chair 0.2793 349 321 406 428
chair 0.2769 -27 -142 128 393
chair 0.1557 8 -13 136 261
chair 0.1222 -48 29 149 215
chair 0.1192 347 270 405 399
chair 0.0904 124 48 401 427
chair 0.0260 -14 27 95 255
chair 0.0258 300 246 429 431
chair 0.0201 319 103 410 455
chair 0.0197 369 284 406 374
chair 0.0186 110 43 178 204
chair 0.0165 144 21 175 101
chair 0.0164 314 265 383 414
chair 0.0141 152 37 241 139
chair 0.0135 82 2 195 140
chair 0.0101 330 307 423 441
chair 0.0087 311 145 364 257
chair 0.0075 105 23 132 117
chair 0.0053 118 -96 280 351
chair 0.0046 165 80 212 241
chair 0.0033 1 76 22 103
chair 0.0033 96 1 128 209
chair 0.0030 87 60 454 214
chair 0.0029 103 20 166 124
chair 0.0026 -6 60 29 120
chair 0.0023 329 327 366 395
chair 0.0019 112 32 127 80
chair 0.0019 -1 88 22 114
chair 0.0018 -9 96 46 228
chair 0.0018 -4 111 15 210
chair 0.0015 -1 73 10 110
chair 0.0014 -17 63 122 188
chair 0.0014 344 193 406 439
chair 0.0013 12 68 32 95
chair 0.0011 -31 97 148 263
chair 0.0011 74 -25 152 272
chair 0.0011 193 57 232 121
chair 0.0010 170 113 201 204
chair 0.0010 105 68 126 153
sofa 0.0041 155 8 234 217
sofa 0.0038 -27 -142 128 393
sofa 0.0027 -12 -27 118 268
sofa 0.0025 32 47 380 381
sofa 0.0020 140 -49 404 305
pottedplant 0.0013 338 -26 415 60
diningtable 0.9580 17 246 394 487
diningtable 0.1474 8 56 394 440
diningtable 0.0853 -15 84 57 137
diningtable 0.0651 159 18 228 255
diningtable 0.0367 -23 91 71 165
diningtable 0.0338 -14 27 95 255
diningtable 0.0090 -6 43 50 169
diningtable 0.0088 -27 -142 128 393
diningtable 0.0078 98 -4 193 250
diningtable 0.0074 149 40 246 129
diningtable 0.0058 63 64 468 296
diningtable 0.0057 -3 96 29 123
diningtable 0.0052 -35 65 111 184
diningtable 0.0044 -1 88 22 114
diningtable 0.0043 1 76 22 103
diningtable 0.0042 -7 71 30 130
diningtable 0.0037 140 -49 404 305
diningtable 0.0029 136 11 253 197
diningtable 0.0028 -49 12 145 207
diningtable 0.0022 118 -96 280 351
diningtable 0.0022 5 102 39 121
diningtable 0.0013 165 80 212 241
diningtable 0.0013 -9 96 46 228
diningtable 0.0013 163 78 225 144
diningtable 0.0013 -8 102 31 157
tvmonitor 0.0019 188 -5 356 13
