person 0.9921 112 39 472 441
person 0.9850 -76 10 279 395
person 0.0264 122 226 455 511
person 0.0151 -68 223 258 412
person 0.0104 -69 15 263 195
person 0.0018 432 -100 509 386
person 0.0012 487 -3 503 126
person 0.0011 485 -98 502 306
person 0.0010 -21 100 207 556
bicycle 0.0042 432 -15 511 416
car 0.0052 120 95 243 259
car 0.0031 150 122 214 241
car 0.0023 47 9 458 430
bottle 0.0012 173 -3 467 447
bottle 0.0011 493 139 501 327
chair 0.0069 426 81 512 511
chair 0.0043 391 267 537 477
chair 0.0034 -63 171 252 408
chair 0.0026 216 34 489 448
chair 0.0016 462 -25 506 502
chair 0.0016 467 119 503 321
chair 0.0011 482 91 502 462
chair 0.0010 450 135 496 302
chair 0.0010 430 -67 510 276
sofa 0.0347 -63 171 252 408
sofa 0.0013 -21 100 207 556
diningtable 0.0105 -63 171 252 408
