person 0.9827 300 114 343 238
person 0.8935 275 74 313 172
person 0.8815 377 127 416 268
person 0.8371 304 82 342 116
person 0.3109 352 78 367 111
person 0.1950 347 77 361 113
person 0.1796 296 72 349 124
person 0.0913 361 78 375 109
person 0.0880 366 80 392 108
person 0.0534 392 96 423 191
person 0.0510 414 96 439 156
person 0.0434 483 157 504 242
person 0.0431 319 115 343 140
person 0.0356 418 103 434 146
person 0.0354 381 88 437 199
person 0.0352 426 97 447 169
person 0.0310 311 111 349 159
person 0.0304 330 116 350 141
person 0.0293 204 165 227 184
person 0.0219 308 90 335 113
person 0.0218 387 63 398 109
person 0.0214 478 113 491 136
person 0.0181 458 117 474 150
person 0.0179 318 83 337 113
person 0.0176 381 137 404 252
person 0.0169 373 122 409 178
person 0.0168 430 111 443 157
person 0.0149 225 165 246 184
person 0.0141 344 73 374 115
person 0.0132 468 121 484 146
person 0.0112 493 108 499 141
person 0.0112 491 163 499 219
person 0.0110 400 107 420 140
person 0.0103 420 104 434 129
person 0.0098 451 107 480 159
person 0.0092 351 72 468 216
person 0.0089 477 122 492 147
person 0.0085 468 115 484 135
person 0.0079 467 162 506 225
person 0.0076 234 90 253 120
person 0.0066 429 105 443 127
person 0.0064 440 102 471 162
person 0.0059 490 167 500 200
person 0.0057 152 33 167 61
person 0.0056 491 99 500 131
person 0.0056 222 140 248 164
person 0.0052 468 131 482 151
person 0.0052 406 83 451 196
person 0.0052 486 83 502 165
person 0.0049 471 93 502 158
person 0.0047 408 103 424 143
person 0.0045 201 112 268 179
person 0.0043 478 102 494 128
person 0.0043 394 103 407 129
person 0.0039 304 101 359 167
person 0.0034 307 93 323 113
person 0.0034 460 108 492 158
person 0.0032 114 89 355 296
person 0.0032 283 86 316 147
person 0.0031 241 64 358 182
person 0.0031 460 115 475 135
person 0.0030 441 109 454 140
person 0.0029 305 138 339 190
person 0.0027 301 56 321 81
person 0.0027 448 110 463 138
person 0.0026 448 119 464 151
person 0.0026 317 119 334 147
person 0.0025 287 92 300 118
person 0.0024 352 69 406 119
person 0.0024 403 88 431 146
person 0.0023 216 129 255 172
person 0.0022 463 170 493 218
person 0.0022 489 108 502 238
person 0.0021 78 125 388 243
person 0.0020 294 48 328 102
person 0.0020 272 87 299 147
person 0.0019 491 94 499 119
person 0.0018 337 113 360 142
person 0.0017 277 99 293 132
person 0.0016 379 80 394 107
person 0.0016 216 166 233 184
person 0.0016 466 105 506 255
person 0.0014 474 177 494 207
person 0.0014 493 184 499 235
person 0.0014 323 93 337 110
person 0.0013 393 104 409 144
person 0.0012 496 141 500 205
person 0.0011 478 99 496 117
person 0.0011 341 56 365 118
person 0.0011 232 165 253 183
person 0.0011 228 79 259 130
person 0.0011 441 128 456 155
person 0.0011 495 121 499 162
person 0.0010 402 116 433 187
person 0.0010 310 97 391 152
person 0.0010 389 95 414 155
person 0.0010 350 122 372 139
bicycle 0.0109 255 42 293 92
bicycle 0.0066 352 78 367 111
bicycle 0.0046 467 162 506 225
bicycle 0.0021 347 77 361 113
bicycle 0.0018 351 72 468 216
bicycle 0.0015 262 50 286 85
bicycle 0.0014 463 170 493 218
bicycle 0.0013 344 73 374 115
car 0.9571 77 121 368 250
car 0.7769 114 82 326 301
car 0.2755 245 56 456 210
car 0.0090 261 -27 524 258
car 0.0047 376 -46 516 287
car 0.0029 209 45 270 189
car 0.0017 345 39 554 136
car 0.0017 481 154 505 232
car 0.0014 466 105 506 255
car 0.0011 351 72 468 216
motorbike 0.0044 351 72 468 216
motorbike 0.0030 466 105 506 255
motorbike 0.0029 467 162 506 225
motorbike 0.0024 78 125 388 243
motorbike 0.0018 114 82 326 301
bus 0.0128 376 -46 516 287
bus 0.0052 -77 49 395 198
bus 0.0020 261 -27 524 258
bus 0.0016 -27 -93 298 330
bus 0.0010 345 39 554 136
train 0.0030 114 89 355 296
train 0.0014 -77 49 395 198
boat 0.0282 226 66 455 183
boat 0.0085 78 125 388 243
boat 0.0048 264 5 469 236
boat 0.0045 114 89 355 296
boat 0.0010 376 -46 516 287
horse 0.0015 351 72 468 216
chair 0.0051 477 122 492 147
chair 0.0046 467 166 507 233
chair 0.0040 492 118 499 149
chair 0.0035 -21 -87 139 150
chair 0.0025 468 121 484 146
chair 0.0018 483 157 504 242
chair 0.0018 468 131 482 151
chair 0.0010 491 163 499 219
pottedplant 0.0282 468 115 484 135
pottedplant 0.0171 460 115 475 135
pottedplant 0.0136 440 92 511 158
pottedplant 0.0101 440 96 471 157
pottedplant 0.0092 458 99 493 152
pottedplant 0.0070 366 80 392 108
pottedplant 0.0065 471 93 502 158
pottedplant 0.0062 478 113 491 136
pottedplant 0.0044 492 118 499 149
pottedplant 0.0043 364 54 539 220
pottedplant 0.0043 448 110 463 138
pottedplant 0.0034 457 105 476 127
pottedplant 0.0033 486 83 502 165
pottedplant 0.0033 478 102 494 128
pottedplant 0.0032 468 121 484 146
pottedplant 0.0029 468 131 482 151
pottedplant 0.0024 491 99 500 131
pottedplant 0.0023 451 107 480 159
pottedplant 0.0021 467 105 484 128
pottedplant 0.0020 441 109 454 140
pottedplant 0.0016 477 122 492 147
pottedplant 0.0015 442 75 503 202
pottedplant 0.0014 435 99 460 166
pottedplant 0.0013 458 117 474 150
pottedplant 0.0012 423 97 490 170
pottedplant 0.0010 450 96 485 139
diningtable 0.0034 468 121 484 146
diningtable 0.0019 477 122 492 147
diningtable 0.0012 442 103 510 164
