person 0.9905 114 0 456 441
person 0.0099 51 100 513 341
person 0.0033 18 8 347 377
person 0.0017 -1 -114 182 252
person 0.0017 352 -163 525 323
person 0.0016 -5 -5 28 165
person 0.0015 3 44 499 247
person 0.0013 340 14 545 276
person 0.0011 312 40 472 355
car 0.0015 -22 -111 158 246
motorbike 0.0028 -57 18 232 206
bird 0.0010 338 104 453 287
cat 0.0195 312 40 472 355
cat 0.0050 307 142 483 287
dog 0.9536 -41 238 326 442
dog 0.1530 312 40 472 355
dog 0.0056 338 104 453 287
dog 0.0055 12 111 265 492
dog 0.0029 108 -5 459 399
dog 0.0024 34 182 480 439
dog 0.0021 21 109 153 306
dog 0.0021 -22 17 149 432
dog 0.0011 50 137 121 279
bottle 0.0039 1 210 69 285
bottle 0.0026 57 121 99 184
bottle 0.0024 -5 -11 29 141
bottle 0.0018 16 221 57 273
bottle 0.0017 82 117 150 204
bottle 0.0014 -3 9 13 123
bottle 0.0014 51 81 108 202
bottle 0.0013 -3 41 35 110
bottle 0.0011 356 144 425 234
bottle 0.0010 24 90 157 219
chair 0.0028 34 3 404 387
chair 0.0018 -10 -7 68 280
chair 0.0013 -59 12 196 207
chair 0.0010 -5 -5 28 165
sofa 0.0212 59 58 449 459
sofa 0.0063 38 229 481 443
sofa 0.0024 318 76 481 348
sofa 0.0013 -57 18 232 206
pottedplant 0.0143 199 11 536 206
pottedplant 0.0037 258 -78 483 291
pottedplant 0.0011 359 -61 510 279
pottedplant 0.0010 110 -25 458 330
pottedplant 0.0010 -10 -7 68 280
diningtable 0.0113 108 -5 459 399
