person 0.9901 235 104 311 357
person 0.9874 23 121 111 367
person 0.9862 114 93 214 381
person 0.9802 92 156 249 321
person 0.5505 106 6 235 465
person 0.2218 13 39 134 450
person 0.0461 152 128 231 354
person 0.0304 219 173 259 310
person 0.0272 233 180 270 328
person 0.0178 -6 178 159 332
person 0.0125 117 131 177 350
person 0.0107 179 149 264 339
person 0.0095 182 162 228 320
person 0.0066 197 148 336 323
person 0.0066 160 287 232 343
person 0.0063 229 194 256 265
person 0.0042 206 28 329 436
person 0.0036 256 162 269 186
person 0.0019 32 116 65 367
person 0.0014 248 152 271 213
person 0.0013 199 196 252 320
person 0.0013 218 202 269 273
person 0.0011 219 167 285 343
person 0.0010 238 192 261 252
bicycle 0.0018 99 88 240 430
bicycle 0.0012 164 187 282 332
car 0.0012 106 6 235 465
dog 0.0050 160 287 232 343
bottle 0.0046 282 206 293 223
bottle 0.0042 151 184 178 246
chair 0.7862 107 206 148 308
chair 0.0247 210 222 260 315
chair 0.0185 86 196 172 317
chair 0.0179 109 220 141 271
chair 0.0048 168 124 276 403
chair 0.0042 58 237 135 302
chair 0.0035 236 236 262 302
chair 0.0024 169 206 279 331
chair 0.0024 183 191 229 324
chair 0.0018 99 88 240 430
chair 0.0017 240 246 258 274
chair 0.0014 127 217 152 305
chair 0.0013 42 195 155 323
tvmonitor 0.0027 11 45 138 461
tvmonitor 0.0014 46 221 145 321
tvmonitor 0.0013 92 156 249 321
