person 0.9801 97 43 486 325
person 0.5750 -10 143 447 301
person 0.0829 215 201 329 420
person 0.0814 7 90 572 271
person 0.0656 -8 214 38 335
person 0.0296 267 224 303 294
person 0.0284 -20 48 528 189
person 0.0280 55 68 301 312
person 0.0267 246 196 390 313
person 0.0124 281 246 298 285
person 0.0109 422 198 445 221
person 0.0097 -3 232 15 325
person 0.0085 174 95 346 505
person 0.0065 74 117 357 385
person 0.0041 292 203 351 306
person 0.0032 -3 180 11 281
person 0.0027 -8 230 32 290
person 0.0026 236 219 314 300
person 0.0025 265 115 375 322
person 0.0024 307 238 341 296
person 0.0023 460 161 490 219
person 0.0022 -26 212 77 344
person 0.0021 185 166 376 308
person 0.0020 0 240 5 298
person 0.0019 0 238 7 278
person 0.0018 253 163 303 312
person 0.0018 -6 192 28 428
person 0.0017 493 164 500 219
person 0.0016 469 161 503 222
person 0.0015 467 169 483 198
person 0.0014 449 152 515 230
person 0.0014 -4 147 30 325
person 0.0012 476 174 493 209
person 0.0012 -1 186 4 236
person 0.0010 487 146 501 238
person 0.0010 0 201 4 263
car 0.0010 70 16 448 294
aeroplane 0.0030 75 73 441 366
bus 0.0016 69 34 449 334
train 0.0038 69 34 449 334
boat 0.0143 70 16 448 294
boat 0.0013 -24 54 530 233
bottle 0.0080 37 295 50 326
bottle 0.0059 22 293 41 328
bottle 0.0027 -1 186 4 236
bottle 0.0021 0 206 4 272
bottle 0.0013 0 175 2 229
bottle 0.0011 16 219 32 258
bottle 0.0010 0 235 9 267
chair 0.0138 -24 54 530 233
chair 0.0098 69 34 449 334
chair 0.0070 70 344 171 390
chair 0.0056 -20 242 66 332
chair 0.0037 -3 241 16 332
chair 0.0036 -8 249 33 324
chair 0.0022 19 257 52 322
chair 0.0021 0 262 6 315
chair 0.0019 -7 208 34 370
chair 0.0013 -1 280 10 314
chair 0.0012 -12 199 56 277
chair 0.0010 0 240 5 298
sofa 0.0141 69 34 449 334
sofa 0.0026 -24 54 530 233
sofa 0.0012 -10 143 447 301
pottedplant 0.0021 -1 186 4 236
pottedplant 0.0013 -3 165 10 278
pottedplant 0.0010 -4 147 30 325
diningtable 0.0013 -11 220 53 334
tvmonitor 0.0027 446 127 511 261
tvmonitor 0.0023 -13 87 95 276
tvmonitor 0.0010 69 34 449 334
