person 0.9967 376 140 427 294
person 0.1745 413 173 443 232
person 0.0412 419 184 437 220
person 0.0343 425 190 441 227
person 0.0239 378 157 388 172
person 0.0226 460 192 478 224
person 0.0207 418 179 432 210
person 0.0058 0 78 8 113
person 0.0057 454 189 484 237
person 0.0047 461 196 475 215
person 0.0043 318 189 344 207
person 0.0039 412 192 427 215
person 0.0034 398 166 457 240
person 0.0030 -17 66 61 130
person 0.0027 10 82 34 109
person 0.0025 34 99 53 132
person 0.0025 31 93 58 154
person 0.0020 352 138 473 294
person 0.0016 -3 55 13 138
person 0.0014 0 84 5 126
person 0.0014 280 155 292 187
bicycle 0.0104 413 181 446 234
bicycle 0.0066 421 192 441 226
bicycle 0.0053 398 166 457 240
bicycle 0.0016 412 192 427 215
bicycle 0.0011 422 195 492 262
car 0.0201 378 157 388 172
car 0.0071 407 138 426 153
car 0.0043 416 134 441 151
car 0.0028 389 143 410 161
car 0.0020 399 137 421 154
car 0.0016 387 128 409 143
car 0.0012 389 137 408 152
car 0.0010 409 144 423 155
car 0.0010 371 121 444 167
bird 0.0148 356 210 362 215
bird 0.0040 340 204 348 213
bird 0.0036 341 206 358 212
bird 0.0030 318 189 344 207
bird 0.0028 463 212 483 233
bird 0.0014 460 192 478 224
bird 0.0014 457 191 488 247
bird 0.0012 414 202 423 214
dog 0.0082 318 189 344 207
dog 0.0015 414 202 423 214
dog 0.0012 421 192 441 226
sheep 0.0010 378 157 388 172
bottle 0.0020 409 242 419 258
bottle 0.0012 414 202 423 214
chair 0.0093 31 93 58 154
chair 0.0064 318 189 344 207
chair 0.0056 -6 57 53 176
chair 0.0051 34 99 53 132
chair 0.0038 20 89 87 160
chair 0.0013 421 192 441 226
chair 0.0012 38 112 63 139
chair 0.0011 -16 80 62 148
chair 0.0011 413 181 446 234
pottedplant 0.9867 89 144 251 475
pottedplant 0.2467 -32 186 103 358
pottedplant 0.1275 -19 66 65 142
pottedplant 0.0789 116 219 243 403
pottedplant 0.0188 -4 167 19 257
pottedplant 0.0159 -6 134 26 338
pottedplant 0.0120 -6 75 35 133
pottedplant 0.0109 0 84 5 126
pottedplant 0.0101 -4 30 35 176
pottedplant 0.0086 -3 59 13 150
pottedplant 0.0074 0 78 8 113
pottedplant 0.0068 -13 108 124 425
pottedplant 0.0034 0 93 29 117
pottedplant 0.0031 1 83 28 109
pottedplant 0.0030 -15 77 77 356
pottedplant 0.0026 -2 89 144 257
pottedplant 0.0026 -2 156 12 303
pottedplant 0.0025 -26 36 78 171
pottedplant 0.0024 0 88 3 142
pottedplant 0.0022 28 205 148 337
pottedplant 0.0020 -10 200 70 343
pottedplant 0.0017 413 181 446 234
pottedplant 0.0016 318 189 344 207
pottedplant 0.0014 0 177 7 243
pottedplant 0.0013 -2 25 20 330
pottedplant 0.0013 -32 147 95 289
pottedplant 0.0011 -14 -27 134 330
pottedplant 0.0010 19 73 52 134
