person 0.9988 30 4 259 412
person 0.9988 247 8 484 420
person 0.6342 -57 74 349 377
person 0.0521 482 48 504 299
person 0.0476 489 115 502 276
person 0.0388 152 68 526 351
person 0.0094 486 -1 502 421
person 0.0028 496 147 499 225
person 0.0026 493 103 501 366
person 0.0013 478 137 504 363
person 0.0010 473 -81 503 503
bottle 0.0072 489 115 502 276
chair 0.0066 473 253 505 440
chair 0.0024 473 174 505 360
chair 0.0024 489 115 502 276
chair 0.0012 485 269 502 392
chair 0.0011 486 331 503 427
sofa 0.0018 195 21 480 426
pottedplant 0.0041 482 48 504 299
diningtable 0.0194 473 174 505 360
diningtable 0.0052 471 208 505 299
diningtable 0.0021 487 233 502 350
diningtable 0.0019 490 143 501 346
diningtable 0.0012 473 253 505 440
diningtable 0.0012 485 269 502 392
diningtable 0.0010 265 0 511 427
