person 0.0225 293 74 331 129
person 0.0079 359 128 420 193
person 0.0076 376 145 401 172
person 0.0070 279 64 341 139
person 0.0061 369 138 408 182
person 0.0048 317 137 383 198
person 0.0022 314 83 332 102
person 0.0022 333 157 362 183
person 0.0020 219 8 492 354
person 0.0013 329 148 368 188
person 0.0012 303 82 322 98
person 0.0012 336 150 361 176
person 0.0011 372 145 391 174
car 0.9900 164 -13 495 376
car 0.7220 120 120 546 238
car 0.0032 202 146 292 187
car 0.0025 310 25 471 334
bird 0.0041 314 83 332 102
bird 0.0015 293 74 331 129
bird 0.0015 307 196 318 224
dog 0.0250 314 83 332 102
dog 0.0019 303 82 322 98
dog 0.0018 279 64 341 139
dog 0.0012 287 102 319 121
horse 0.0010 314 83 332 102
sheep 0.0183 448 93 467 109
sheep 0.0103 430 85 446 100
sheep 0.0068 466 104 483 115
sheep 0.0062 454 93 473 111
sheep 0.0057 314 83 332 102
sheep 0.0017 303 82 322 98
sheep 0.0013 491 104 501 124
cow 0.0023 466 104 483 115
cow 0.0019 314 83 332 102
bottle 0.0046 329 189 368 229
chair 0.0116 196 82 305 204
chair 0.0063 223 95 284 189
chair 0.0036 314 83 332 102
chair 0.0011 -37 99 238 450
sofa 0.0027 -37 99 238 450
pottedplant 0.0629 484 242 504 331
pottedplant 0.0069 492 257 500 313
pottedplant 0.0058 474 214 505 368
pottedplant 0.0045 85 109 211 326
pottedplant 0.0042 265 128 286 154
pottedplant 0.0021 314 83 332 102
pottedplant 0.0016 495 254 499 334
pottedplant 0.0011 322 181 375 237
diningtable 0.4772 222 66 497 442
diningtable 0.1298 157 187 550 316
diningtable 0.0231 211 103 296 164
diningtable 0.0193 196 82 305 204
diningtable 0.0075 130 123 543 267
diningtable 0.0020 219 168 387 397
