person 0.9987 231 95 434 370
person 0.9912 69 112 256 361
person 0.9696 339 86 455 350
person 0.9566 -9 31 69 473
person 0.8467 93 22 221 449
person 0.7157 23 44 115 279
person 0.6951 161 11 247 454
person 0.1084 329 5 500 418
person 0.0733 270 92 552 284
person 0.0679 -1 101 13 131
person 0.0310 -14 90 48 157
person 0.0213 7 36 90 359
person 0.0166 -3 104 27 129
person 0.0141 -6 65 36 212
person 0.0137 196 57 240 213
person 0.0135 23 115 68 316
person 0.0111 -4 88 18 143
person 0.0077 257 87 314 282
person 0.0073 -7 99 34 149
person 0.0072 199 89 236 177
person 0.0066 -33 97 95 407
person 0.0065 250 131 265 150
person 0.0064 -4 -46 27 167
person 0.0059 179 18 252 304
person 0.0048 177 36 221 282
person 0.0045 1 70 6 142
person 0.0042 125 99 356 352
person 0.0040 16 125 126 340
person 0.0032 4 100 41 165
person 0.0029 273 41 393 424
person 0.0029 6 120 57 273
person 0.0027 -12 -42 81 159
person 0.0027 -2 72 12 215
person 0.0021 -2 29 9 163
person 0.0020 -8 -1 41 398
person 0.0020 -2 23 17 447
person 0.0020 34 89 94 260
person 0.0018 183 88 212 162
person 0.0017 10 109 34 138
person 0.0017 152 44 224 347
person 0.0017 206 82 243 150
person 0.0016 -1 203 7 373
person 0.0014 33 87 69 143
person 0.0014 -13 -1 146 389
person 0.0014 165 85 248 181
person 0.0013 170 126 185 159
person 0.0012 -5 93 29 300
person 0.0012 354 124 405 266
person 0.0011 49 73 113 206
person 0.0011 390 119 444 311
person 0.0011 244 116 269 189
person 0.0010 -1 -57 6 173
person 0.0010 140 48 268 193
bicycle 0.3670 41 135 130 326
bicycle 0.1267 9 54 160 394
bicycle 0.0433 52 138 244 363
bicycle 0.0375 -21 132 129 461
bicycle 0.0295 11 200 116 382
bicycle 0.0073 92 200 244 458
bicycle 0.0036 74 181 126 318
bicycle 0.0034 -11 170 148 339
bicycle 0.0026 -15 188 80 431
bicycle 0.0017 -3 173 22 414
bicycle 0.0013 48 246 109 370
bicycle 0.0012 98 282 232 414
bicycle 0.0011 -1 183 7 374
bicycle 0.0010 23 115 68 316
car 0.5698 312 15 520 379
car 0.1217 270 92 552 284
car 0.0283 69 132 154 212
car 0.0158 39 111 166 236
car 0.0102 20 44 145 307
car 0.0077 227 37 427 340
car 0.0063 55 129 147 178
car 0.0014 -9 0 66 478
car 0.0010 340 107 455 258
motorbike 0.4063 38 113 135 327
motorbike 0.1232 -9 184 106 399
motorbike 0.1205 -12 75 76 464
motorbike 0.1008 -7 37 147 418
motorbike 0.0187 52 138 244 363
motorbike 0.0132 35 237 104 377
motorbike 0.0065 -2 109 180 238
motorbike 0.0029 16 215 84 371
motorbike 0.0026 23 35 113 355
motorbike 0.0024 18 180 72 329
motorbike 0.0021 135 211 227 411
motorbike 0.0015 92 200 244 458
motorbike 0.0013 33 190 130 390
motorbike 0.0011 69 132 154 212
motorbike 0.0010 56 179 126 321
motorbike 0.0010 88 73 213 428
bus 0.0175 -63 14 268 204
bus 0.0057 274 16 550 280
bus 0.0035 -14 -125 215 279
bus 0.0010 -16 -23 145 337
boat 0.0010 -59 18 317 203
bottle 0.0017 177 252 213 303
bottle 0.0015 353 197 368 228
bottle 0.0014 347 132 378 189
bottle 0.0011 18 136 49 188
chair 0.0026 -12 75 76 464
