person 0.0235 52 48 283 284
person 0.0093 129 223 190 317
person 0.0072 139 236 180 304
person 0.0056 128 112 234 332
aeroplane 0.9209 129 223 190 317
aeroplane 0.7244 139 236 180 304
aeroplane 0.0026 144 245 160 279
aeroplane 0.0025 108 214 216 329
aeroplane 0.0018 152 248 165 280
aeroplane 0.0017 155 264 165 282
aeroplane 0.0015 159 271 176 293
boat 0.0029 133 226 185 318
bird 0.2126 133 226 185 318
bird 0.0034 136 237 171 305
bird 0.0030 147 239 184 304
bird 0.0026 52 48 283 284
bird 0.0015 108 206 219 326
bird 0.0013 128 112 234 332
cat 0.0010 52 48 283 284
cow 0.0014 139 236 180 304
tvmonitor 0.0065 24 27 327 474
