person 0.9988 29 86 453 316
person 0.2003 365 87 535 316
person 0.0701 400 1 511 390
person 0.0130 437 38 494 204
person 0.0056 458 56 507 409
person 0.0037 385 122 488 377
person 0.0033 366 192 536 390
person 0.0013 210 28 393 333
person 0.0013 465 165 504 375
person 0.0011 430 -17 504 291
person 0.0011 426 150 512 386
cat 0.0014 291 200 386 270
cat 0.0011 414 180 455 231
dog 0.0101 393 102 514 396
dog 0.0012 436 53 496 211
bottle 0.4305 218 100 408 259
bottle 0.2765 162 114 290 307
bottle 0.1152 241 39 384 324
bottle 0.0295 186 128 263 269
chair 0.0988 21 152 470 323
chair 0.0456 393 102 514 396
chair 0.0044 366 33 538 314
chair 0.0043 -31 98 241 454
chair 0.0032 465 165 504 375
chair 0.0032 49 158 192 306
chair 0.0029 127 78 361 403
chair 0.0025 40 76 446 284
chair 0.0015 449 101 505 325
chair 0.0013 73 140 199 248
chair 0.0011 162 250 308 367
sofa 0.1976 393 102 514 396
sofa 0.0411 21 152 470 323
sofa 0.0231 -31 98 241 454
sofa 0.0039 449 101 505 325
sofa 0.0036 369 -12 521 497
sofa 0.0032 441 207 508 370
sofa 0.0027 469 71 502 393
sofa 0.0024 355 136 540 327
sofa 0.0023 118 65 314 415
sofa 0.0010 -83 203 291 341
sofa 0.0010 420 138 478 331
tvmonitor 0.0018 485 -27 503 80
