person 0.4882 426 190 434 211
person 0.0701 175 198 186 220
person 0.0403 155 198 166 220
person 0.0233 430 193 437 210
person 0.0225 180 184 193 198
person 0.0177 65 200 71 207
person 0.0107 179 201 192 219
person 0.0073 240 130 253 164
person 0.0069 182 189 191 214
person 0.0056 175 187 183 199
person 0.0052 191 187 202 200
person 0.0047 202 186 211 202
person 0.0043 392 210 399 217
person 0.0034 200 188 213 212
person 0.0030 189 191 204 211
person 0.0027 297 190 310 218
person 0.0026 174 190 184 216
person 0.0023 294 201 308 217
person 0.0023 153 194 163 212
person 0.0020 155 202 174 219
person 0.0020 247 184 260 201
person 0.0018 63 201 69 206
person 0.0010 142 65 355 300
person 0.0010 255 195 272 212
bicycle 0.0017 426 190 434 211
car 0.3665 127 164 242 235
car 0.0079 236 185 253 202
car 0.0040 125 139 360 244
car 0.0036 239 195 271 211
car 0.0026 142 65 355 300
car 0.0025 225 184 247 201
car 0.0019 189 169 279 216
car 0.0019 426 190 434 211
car 0.0017 238 191 253 211
car 0.0016 206 190 223 209
car 0.0015 186 204 206 217
car 0.0014 0 193 5 206
car 0.0013 0 181 9 204
car 0.0012 247 184 260 201
car 0.0012 180 184 193 198
car 0.0011 200 188 213 212
car 0.0011 218 186 235 201
car 0.0011 202 186 211 202
car 0.0010 65 200 71 207
car 0.0010 153 194 163 212
car 0.0010 171 179 201 191
motorbike 0.0022 426 190 434 211
aeroplane 0.0016 142 65 355 300
aeroplane 0.0011 129 165 232 234
bus 0.0172 127 164 242 235
bus 0.0039 185 99 364 262
bus 0.0016 118 136 399 246
boat 0.0329 142 65 355 300
boat 0.0022 426 190 434 211
boat 0.0021 193 106 358 217
boat 0.0012 262 150 326 231
boat 0.0010 171 179 201 191
bird 0.8238 138 249 175 276
bird 0.3311 129 242 185 283
bird 0.0188 392 210 399 217
bird 0.0070 240 130 253 164
bird 0.0026 115 208 126 217
bird 0.0022 390 211 396 216
bird 0.0019 426 190 434 211
bird 0.0017 78 207 89 216
bird 0.0015 65 200 71 207
bird 0.0012 287 268 296 275
bird 0.0011 446 210 453 216
cat 0.0017 138 249 175 276
cat 0.0012 129 242 185 283
dog 0.0226 138 249 175 276
dog 0.0141 129 242 185 283
dog 0.0049 155 198 166 220
dog 0.0033 115 208 126 217
dog 0.0022 392 210 399 217
dog 0.0017 78 207 89 216
dog 0.0016 138 208 147 219
dog 0.0015 426 190 434 211
dog 0.0010 175 198 186 220
horse 0.0047 426 190 434 211
sheep 0.0070 78 207 89 216
sheep 0.0038 115 208 126 217
sheep 0.0031 65 200 71 207
cow 0.0021 115 208 126 217
cow 0.0012 78 207 89 216
cow 0.0010 129 242 185 283
