person 0.0082 -12 51 84 331
person 0.0046 -3 -42 20 280
person 0.0018 -19 -87 137 441
person 0.0018 -10 -46 74 249
person 0.0012 -5 -82 33 318
person 0.0011 -3 -31 13 68
person 0.0010 -37 73 141 272
bicycle 0.0202 -37 73 141 272
bicycle 0.0011 -20 -68 135 459
car 0.0036 12 -12 413 179
car 0.0025 -28 -37 93 84
car 0.0013 -39 -108 293 212
bus 0.3112 12 -12 413 179
bus 0.0068 -134 0 553 131
bus 0.0011 -39 -108 293 212
train 0.0028 12 -12 413 179
cat 0.5855 14 90 460 249
cat 0.0060 58 -43 364 381
dog 0.9347 -29 83 400 251
dog 0.0148 58 -43 364 381
dog 0.0033 -37 73 141 272
dog 0.0022 -14 45 98 340
dog 0.0021 43 53 234 347
dog 0.0010 -19 -87 137 441
sheep 0.0027 14 90 460 249
cow 0.0085 14 90 460 249
bottle 0.5571 220 -18 256 67
bottle 0.1568 198 -14 235 49
bottle 0.0690 241 -15 271 70
bottle 0.0641 254 -11 278 81
bottle 0.0340 255 -27 298 86
bottle 0.0213 281 -24 304 80
bottle 0.0181 280 -24 324 101
bottle 0.0161 219 35 248 112
bottle 0.0119 211 -18 241 55
bottle 0.0082 233 51 269 103
bottle 0.0080 188 -25 247 60
bottle 0.0061 238 -26 282 95
bottle 0.0060 295 -14 330 51
bottle 0.0042 268 -15 301 54
bottle 0.0037 321 -5 342 99
bottle 0.0037 282 -8 302 29
bottle 0.0032 195 -46 323 100
bottle 0.0028 315 -21 359 138
bottle 0.0022 272 -6 296 25
bottle 0.0016 223 -41 260 114
bottle 0.0015 342 0 363 72
bottle 0.0015 286 9 298 66
bottle 0.0013 264 -5 281 19
bottle 0.0012 263 -4 283 90
bottle 0.0012 315 -3 329 40
bottle 0.0011 329 -1 350 94
bottle 0.0010 239 -46 356 124
bottle 0.0010 -33 -143 455 249
bottle 0.0010 326 -26 382 148
chair 0.4715 -11 13 93 341
chair 0.2856 -37 73 141 272
chair 0.1733 -20 -68 135 459
chair 0.0124 -28 -37 93 84
chair 0.0040 -34 50 101 186
chair 0.0014 -9 -90 69 253
chair 0.0013 -29 134 98 302
chair 0.0012 -2 -21 14 75
chair 0.0010 -7 -15 29 69
chair 0.0010 -7 44 61 232
sofa 0.0015 -11 13 93 341
diningtable 0.0114 -12 18 82 260
diningtable 0.0052 -34 50 101 186
diningtable 0.0023 -37 73 141 272
