person 0.9795 255 70 534 254
person 0.3180 306 -122 494 434
person 0.0075 280 59 419 327
person 0.0041 339 2 444 334
person 0.0020 366 29 493 358
person 0.0013 49 20 234 374
bicycle 0.1008 -55 140 377 345
bicycle 0.0058 28 0 301 396
car 0.9375 143 -117 540 223
car 0.7468 107 0 595 114
motorbike 0.0014 28 0 301 396
bus 0.0364 101 4 605 129
bus 0.0098 168 -104 545 233
bird 0.0011 49 20 234 374
cat 0.9744 49 20 234 374
cat 0.0312 37 102 218 298
cat 0.0099 -82 144 369 342
cat 0.0068 279 66 396 322
cat 0.0027 270 -25 414 423
dog 0.9213 322 102 427 350
dog 0.6191 279 66 396 322
dog 0.5609 277 -33 438 436
dog 0.1204 243 91 490 289
dog 0.0136 49 20 234 374
dog 0.0026 311 111 466 267
dog 0.0025 323 26 485 375
dog 0.0018 343 145 406 314
dog 0.0018 369 111 422 270
dog 0.0010 37 102 218 298
dog 0.0010 -55 140 377 345
horse 0.0201 298 79 420 367
sheep 0.1258 322 102 427 350
sheep 0.0175 278 69 401 331
sheep 0.0061 277 -33 438 436
sheep 0.0036 49 20 234 374
cow 0.0013 327 137 422 345
bottle 0.0010 384 231 427 283
chair 0.4119 -82 144 369 342
chair 0.0986 47 12 272 385
chair 0.0119 293 21 437 434
chair 0.0030 333 100 439 350
pottedplant 0.0212 -75 8 345 167
pottedplant 0.0125 38 -86 295 255
pottedplant 0.0021 -16 -97 140 323
pottedplant 0.0019 19 94 262 210
pottedplant 0.0014 -19 -87 214 172
pottedplant 0.0011 -52 42 328 277
pottedplant 0.0011 45 12 237 321
pottedplant 0.0010 -14 -2 106 262
diningtable 0.0012 -82 144 369 342
