person 0.9989 -23 5 191 322
person 0.9977 17 18 397 322
person 0.9969 221 10 434 323
person 0.3614 -5 -157 32 511
person 0.1855 92 -120 327 228
person 0.0698 -10 -233 60 550
person 0.0203 134 -43 228 156
person 0.0158 -5 -38 34 126
person 0.0086 14 2 406 174
person 0.0081 139 25 202 126
person 0.0070 100 -43 261 102
person 0.0067 -1 -142 17 498
person 0.0052 -4 -109 190 214
person 0.0019 27 86 243 316
person 0.0017 163 -45 282 160
person 0.0014 -11 -76 66 238
person 0.0013 113 14 209 373
person 0.0012 -49 5 231 188
person 0.0010 157 -22 217 82
train 0.0015 84 -17 395 350
horse 0.0040 -4 -76 32 463
horse 0.0010 84 -17 395 350
bottle 0.0215 296 37 336 168
bottle 0.0019 273 31 327 165
chair 0.0442 92 -120 327 228
chair 0.0049 14 2 406 174
sofa 0.0251 92 -120 327 228
sofa 0.0128 23 19 390 239
sofa 0.0018 -4 5 425 125
sofa 0.0018 68 -17 342 355
sofa 0.0013 94 -10 485 185
