person 0.9059 169 20 264 319
person 0.0254 -10 59 114 189
person 0.0061 72 75 359 244
person 0.0048 380 51 500 226
person 0.0044 127 -52 290 404
person 0.0036 -4 39 101 283
person 0.0024 177 43 241 181
person 0.0020 465 24 507 185
person 0.0020 394 103 446 204
person 0.0017 27 70 94 178
person 0.0016 374 -16 512 294
person 0.0013 202 18 372 288
bird 0.2503 185 34 244 180
bird 0.0244 202 18 372 288
bird 0.0072 109 -26 324 345
bird 0.0072 -10 59 114 189
bird 0.0050 199 63 233 89
bird 0.0043 159 11 276 201
bird 0.0021 83 62 231 250
bird 0.0019 398 30 504 222
bird 0.0018 465 43 507 192
bird 0.0016 72 34 95 63
bird 0.0015 194 54 236 118
bird 0.0012 72 75 359 244
bird 0.0011 374 -16 512 294
bird 0.0010 27 70 94 178
cat 0.0085 -10 59 114 189
cat 0.0012 185 34 244 180
cat 0.0010 83 62 231 250
dog 0.0227 -10 59 114 189
dog 0.0089 429 114 511 279
dog 0.0043 83 62 231 250
dog 0.0037 202 18 372 288
dog 0.0030 397 48 503 228
dog 0.0026 163 -1 254 329
dog 0.0016 374 -16 512 294
dog 0.0015 185 34 244 180
dog 0.0012 27 70 94 178
horse 0.0715 397 48 503 228
horse 0.0660 433 111 513 282
horse 0.0486 465 43 507 192
horse 0.0317 -10 59 114 189
horse 0.0147 159 16 257 324
horse 0.0134 374 -16 512 294
horse 0.0038 420 98 487 222
horse 0.0021 128 -2 375 309
horse 0.0019 480 55 504 174
horse 0.0012 27 70 94 178
horse 0.0011 458 71 496 119
sheep 0.1590 433 111 513 282
sheep 0.0481 465 43 507 192
sheep 0.0128 397 48 503 228
sheep 0.0063 83 62 231 250
sheep 0.0053 -10 59 114 189
sheep 0.0047 199 75 395 242
sheep 0.0034 241 112 380 227
sheep 0.0017 374 -16 512 294
sheep 0.0016 480 54 504 160
cow 0.6562 429 114 511 279
cow 0.3877 397 48 503 228
cow 0.2029 465 43 507 192
cow 0.0668 374 -16 512 294
cow 0.0274 202 18 372 288
cow 0.0136 420 98 487 222
cow 0.0135 -10 59 114 189
cow 0.0114 163 -1 254 329
cow 0.0091 109 -26 324 345
cow 0.0054 481 60 504 188
cow 0.0035 239 87 385 237
cow 0.0030 83 62 231 250
cow 0.0022 72 75 359 244
cow 0.0022 488 83 502 204
cow 0.0022 440 107 510 184
cow 0.0021 469 94 506 173
cow 0.0020 394 103 446 204
cow 0.0012 456 119 495 173
cow 0.0010 495 104 500 183
tvmonitor 0.0017 184 41 244 183
