person 0.9986 137 29 370 245
person 0.0347 169 -104 338 384
person 0.0127 81 64 413 306
person 0.0074 -5 79 32 269
person 0.0061 327 4 359 28
person 0.0055 422 0 433 17
person 0.0051 415 4 437 24
person 0.0039 -8 -29 39 379
person 0.0025 363 0 373 14
person 0.0024 -12 29 70 285
person 0.0016 351 8 371 27
person 0.0014 396 6 422 24
person 0.0012 -31 91 97 252
person 0.0012 387 1 408 14
person 0.0010 356 6 381 25
bicycle 0.8949 33 116 405 323
bicycle 0.6951 -52 93 217 293
bicycle 0.6323 176 180 534 344
bicycle 0.5843 1 -24 174 395
bicycle 0.1581 156 43 401 243
bicycle 0.0810 -12 56 69 333
bicycle 0.0750 233 26 429 517
bicycle 0.0518 169 -104 338 384
bicycle 0.0466 243 217 344 394
bicycle 0.0369 -5 68 27 358
bicycle 0.0298 131 -25 292 323
bicycle 0.0169 148 45 284 230
bicycle 0.0153 -30 80 94 241
bicycle 0.0138 248 193 312 307
bicycle 0.0128 -8 100 57 243
bicycle 0.0086 221 172 368 325
bicycle 0.0070 93 50 315 462
bicycle 0.0060 126 58 452 381
bicycle 0.0040 198 98 529 284
bicycle 0.0039 42 76 168 280
bicycle 0.0031 232 -43 398 340
bicycle 0.0031 -2 151 10 304
bicycle 0.0028 -7 149 55 311
bicycle 0.0028 -8 -29 39 379
bicycle 0.0021 182 69 252 206
bicycle 0.0015 269 5 475 362
bicycle 0.0014 289 19 378 289
bicycle 0.0014 327 4 359 28
bicycle 0.0012 328 80 472 419
bicycle 0.0011 358 154 469 350
bicycle 0.0010 58 95 195 219
car 0.7151 332 -9 449 37
car 0.6910 433 -10 501 36
car 0.2014 415 4 437 24
car 0.1414 327 4 359 28
car 0.1013 307 -5 375 37
car 0.0751 441 0 487 26
car 0.0608 382 -2 452 31
car 0.0464 447 1 469 26
car 0.0221 356 6 381 25
car 0.0173 426 6 448 22
car 0.0134 351 8 371 27
car 0.0099 328 4 358 15
car 0.0096 311 5 337 28
car 0.0086 294 -16 486 46
car 0.0057 396 6 422 24
car 0.0045 320 4 344 29
car 0.0042 337 15 362 27
car 0.0041 387 1 408 14
car 0.0028 470 4 484 25
car 0.0028 364 5 393 25
car 0.0027 377 2 405 13
car 0.0024 405 4 430 16
car 0.0018 422 0 433 17
car 0.0016 311 16 336 29
car 0.0012 363 0 373 14
car 0.0011 306 -5 342 35
car 0.0011 398 2 419 15
car 0.0010 388 5 409 24
motorbike 0.0066 -12 56 69 333
motorbike 0.0019 327 4 359 28
motorbike 0.0011 -5 79 32 269
bus 0.0020 330 -10 462 37
bus 0.0010 307 -5 375 37
bird 0.0012 399 75 416 93
bottle 0.0020 75 115 103 187
bottle 0.0017 338 40 356 92
chair 0.0850 156 43 401 243
chair 0.0491 199 -70 378 368
chair 0.0054 261 11 376 300
chair 0.0040 176 123 543 335
chair 0.0035 300 35 369 197
chair 0.0016 312 41 351 89
chair 0.0014 300 31 362 98
chair 0.0012 -5 58 29 330
pottedplant 0.0010 347 60 373 148
diningtable 0.0010 37 74 403 304
tvmonitor 0.0381 321 0 489 355
tvmonitor 0.0010 354 60 506 210
