person 0.0041 383 132 401 172
person 0.0025 486 138 501 171
car 0.0014 486 138 501 171
dog 0.0014 415 122 496 196
horse 0.9442 122 4 408 355
horse 0.3404 28 63 495 319
horse 0.2221 349 139 386 182
horse 0.0821 375 128 406 178
horse 0.0813 383 132 401 172
horse 0.0665 341 130 397 189
horse 0.0451 415 122 496 196
horse 0.0161 307 97 434 211
horse 0.0121 355 118 419 188
horse 0.0026 426 141 447 160
horse 0.0026 371 134 388 168
horse 0.0024 483 141 503 176
horse 0.0017 114 89 166 194
horse 0.0012 471 136 507 181
horse 0.0010 346 134 359 144
sheep 0.1062 415 122 496 196
sheep 0.0629 349 139 386 182
sheep 0.0429 483 141 503 176
sheep 0.0125 341 130 397 189
sheep 0.0112 471 136 507 181
sheep 0.0098 426 141 447 160
sheep 0.0087 383 132 401 172
sheep 0.0059 375 128 406 178
cow 0.5204 415 122 496 196
cow 0.1273 483 141 503 176
cow 0.0835 349 139 386 182
cow 0.0696 471 136 507 181
cow 0.0321 341 130 397 189
cow 0.0247 383 132 401 172
cow 0.0225 426 141 447 160
cow 0.0167 375 128 406 178
cow 0.0053 459 129 514 189
cow 0.0032 355 118 419 188
cow 0.0029 307 97 434 211
cow 0.0014 435 134 476 186
cow 0.0013 386 116 527 203
cow 0.0012 495 121 500 166
chair 0.0020 351 144 376 178
