person 0.8765 72 23 290 358
person 0.0659 9 72 320 251
person 0.0019 -41 230 366 370
person 0.0019 265 -34 330 132
person 0.0015 110 98 310 281
person 0.0015 213 -93 336 188
person 0.0013 33 168 297 376
person 0.0010 114 9 381 191
person 0.0010 242 -32 351 73
chair 0.0596 27 41 245 383
chair 0.0168 -10 157 77 438
chair 0.0093 29 -5 301 267
chair 0.0078 -28 226 240 369
chair 0.0072 -28 132 104 366
chair 0.0053 -7 238 50 409
chair 0.0010 -23 -48 172 95
chair 0.0010 -37 -34 109 76
sofa 0.0917 15 10 257 367
sofa 0.0020 -29 2 111 376
sofa 0.0014 25 -1 307 210
sofa 0.0011 33 168 297 376
