person 0.9995 21 106 274 315
person 0.9993 186 130 413 314
person 0.9887 214 -87 385 528
person 0.3929 231 72 369 364
person 0.0348 -21 116 119 352
person 0.0226 43 -11 246 450
person 0.0216 -6 125 29 308
person 0.0116 -43 148 152 273
person 0.0102 478 139 502 441
person 0.0070 486 312 502 396
person 0.0057 354 115 498 436
person 0.0054 467 232 503 429
person 0.0043 -5 6 33 463
person 0.0039 486 -35 502 469
person 0.0037 -4 153 19 250
person 0.0030 468 56 504 527
person 0.0027 -9 96 63 339
person 0.0025 0 161 5 206
person 0.0022 -17 213 371 447
person 0.0015 0 173 11 208
person 0.0014 -8 97 33 229
person 0.0013 490 210 502 366
person 0.0010 486 263 502 349
person 0.0010 -51 74 164 301
person 0.0010 438 73 511 471
car 0.0012 -20 121 121 396
bottle 0.9724 234 225 273 423
bottle 0.9712 101 225 141 356
bottle 0.9525 -3 211 34 386
bottle 0.5751 149 237 188 356
bottle 0.1031 -2 191 7 404
bottle 0.0740 153 268 188 401
bottle 0.0304 453 311 483 394
bottle 0.0151 32 263 79 371
bottle 0.0121 487 300 502 393
bottle 0.0108 223 194 258 392
bottle 0.0060 0 189 9 348
bottle 0.0057 87 244 152 335
bottle 0.0047 454 248 496 410
bottle 0.0047 0 241 3 336
bottle 0.0041 135 362 167 380
bottle 0.0036 0 234 2 381
bottle 0.0027 0 231 5 307
bottle 0.0024 493 319 501 373
bottle 0.0021 488 202 503 316
bottle 0.0019 486 263 502 349
bottle 0.0014 280 338 363 394
bottle 0.0013 456 273 500 344
bottle 0.0013 -4 236 28 302
bottle 0.0013 0 161 5 206
bottle 0.0011 494 272 499 323
bottle 0.0011 204 256 243 370
bottle 0.0011 111 277 133 301
bottle 0.0010 332 362 353 380
chair 0.9303 -42 153 132 360
chair 0.9137 355 157 498 418
chair 0.8092 330 229 373 344
chair 0.5060 -9 130 34 217
chair 0.4709 17 145 121 212
chair 0.1538 346 147 509 302
chair 0.1397 -5 105 32 289
chair 0.0967 -23 133 146 269
chair 0.0733 222 -48 395 499
chair 0.0575 -5 180 23 261
chair 0.0368 207 120 386 410
chair 0.0341 221 208 260 344
chair 0.0238 83 274 94 316
chair 0.0170 284 215 395 361
chair 0.0144 360 258 380 340
chair 0.0139 480 127 503 422
chair 0.0114 0 173 11 208
chair 0.0100 -1 192 14 228
chair 0.0094 77 258 105 320
chair 0.0077 0 161 5 206
chair 0.0076 43 -11 246 450
chair 0.0075 486 263 502 349
chair 0.0067 -4 153 17 229
chair 0.0064 493 276 500 337
chair 0.0062 -24 122 65 225
chair 0.0060 490 197 502 360
chair 0.0048 449 266 508 349
chair 0.0041 -44 238 142 343
chair 0.0038 -2 190 13 310
chair 0.0037 227 242 260 260
chair 0.0034 0 189 11 215
chair 0.0031 0 196 9 245
chair 0.0027 -1 159 28 395
chair 0.0023 -40 181 535 450
chair 0.0023 -17 163 145 221
chair 0.0023 205 212 422 363
chair 0.0020 87 181 110 203
chair 0.0020 137 250 200 343
chair 0.0018 494 271 500 306
chair 0.0017 249 243 258 294
chair 0.0015 75 284 93 309
chair 0.0015 243 223 260 313
chair 0.0015 227 222 262 277
chair 0.0015 0 203 3 277
chair 0.0014 467 232 503 429
chair 0.0014 494 265 500 291
chair 0.0013 -2 191 7 404
chair 0.0013 347 248 371 343
chair 0.0012 -9 96 63 339
chair 0.0011 69 269 98 323
chair 0.0011 232 244 255 269
chair 0.0010 76 125 249 226
chair 0.0010 0 138 3 207
sofa 0.0643 354 115 498 436
sofa 0.0448 -20 121 121 396
sofa 0.0353 -23 133 146 269
sofa 0.0343 318 187 537 374
sofa 0.0095 222 -48 395 499
sofa 0.0064 -6 124 34 232
sofa 0.0048 344 148 512 307
sofa 0.0024 43 -11 246 450
sofa 0.0013 -5 134 26 333
sofa 0.0010 330 229 373 344
diningtable 0.5374 -29 214 517 447
diningtable 0.0425 -43 130 153 269
diningtable 0.0402 21 243 478 374
diningtable 0.0075 199 239 531 441
diningtable 0.0071 -20 208 218 462
diningtable 0.0059 -9 130 34 217
diningtable 0.0055 0 173 11 208
diningtable 0.0050 -18 67 129 395
diningtable 0.0040 0 189 11 215
diningtable 0.0030 -5 177 22 246
diningtable 0.0029 0 161 5 206
diningtable 0.0027 -4 153 17 229
diningtable 0.0023 342 154 499 425
diningtable 0.0021 -6 125 29 308
diningtable 0.0016 227 242 260 260
diningtable 0.0016 -1 192 14 228
diningtable 0.0013 -3 132 137 228
diningtable 0.0012 43 -11 246 450
diningtable 0.0011 -1 193 25 211
diningtable 0.0010 -17 262 121 402
tvmonitor 0.0237 346 147 509 302
tvmonitor 0.0042 -9 130 34 217
tvmonitor 0.0031 488 202 503 316
