person 0.0280 -17 110 58 194
person 0.0219 -4 114 18 191
person 0.0201 -8 118 33 186
person 0.0107 49 121 453 337
person 0.0060 0 130 8 176
person 0.0045 0 143 6 183
person 0.0040 464 -44 505 208
person 0.0039 0 124 11 164
person 0.0028 16 138 35 165
person 0.0027 462 83 504 168
person 0.0025 469 105 505 290
person 0.0022 5 123 43 182
person 0.0022 -7 94 35 256
person 0.0018 4 141 23 165
person 0.0011 429 4 511 313
person 0.0011 383 -53 513 116
person 0.0011 468 154 506 229
bicycle 0.9717 27 85 370 366
bicycle 0.9519 -107 123 474 335
bicycle 0.0090 433 109 509 398
bicycle 0.0053 475 99 504 409
bicycle 0.0032 340 -7 523 470
bicycle 0.0028 314 122 547 327
bicycle 0.0015 -17 110 58 194
car 0.1678 -15 108 50 183
car 0.0366 -4 110 19 181
car 0.0354 23 39 382 357
car 0.0234 0 124 11 164
car 0.0160 -1 125 13 146
car 0.0089 -2 126 27 145
car 0.0046 0 130 8 176
car 0.0044 13 136 37 157
car 0.0027 1 132 26 154
motorbike 0.0435 23 39 382 357
motorbike 0.0110 -111 159 512 342
motorbike 0.0028 433 109 509 398
motorbike 0.0026 475 99 504 409
motorbike 0.0026 340 -7 523 470
motorbike 0.0021 314 122 547 327
motorbike 0.0013 -7 100 40 213
aeroplane 0.0049 -8 86 40 201
bus 0.0047 23 39 382 357
train 0.0065 23 39 382 357
boat 0.0357 23 39 382 357
boat 0.0036 -16 105 51 198
bird 0.0015 -7 100 40 213
bird 0.0011 -4 39 17 114
cat 0.0068 105 231 175 355
cat 0.0045 82 217 199 368
cat 0.0016 378 229 477 397
dog 0.2663 82 217 199 368
dog 0.2233 105 231 175 355
dog 0.0151 -133 162 501 340
dog 0.0023 0 124 374 378
horse 0.0025 -7 100 40 213
cow 0.0013 -7 100 40 213
chair 0.0207 -7 100 40 213
chair 0.0063 -4 114 18 191
chair 0.0040 0 143 6 183
chair 0.0028 206 80 284 151
chair 0.0015 -107 123 474 335
chair 0.0015 0 130 8 176
chair 0.0014 140 81 213 171
chair 0.0014 -7 130 31 193
chair 0.0014 8 31 360 365
chair 0.0011 127 83 313 194
chair 0.0011 3 151 23 173
pottedplant 0.0043 149 15 210 153
pottedplant 0.0025 398 -52 511 209
pottedplant 0.0018 -17 110 58 194
pottedplant 0.0012 120 0 235 166
tvmonitor 0.0011 231 -44 365 154
