person 0.0163 177 -50 297 220
person 0.0036 150 -132 344 295
person 0.0028 208 -29 270 107
person 0.0021 114 5 383 162
person 0.0020 490 -40 502 82
bicycle 0.0011 143 -57 309 270
bicycle 0.0011 -6 152 549 346
car 0.0165 -4 -10 188 30
car 0.0163 -95 -14 233 35
car 0.0032 -15 -9 60 31
car 0.0016 89 -9 209 23
car 0.0010 3 0 41 18
bird 0.0127 322 124 359 162
bird 0.0018 496 12 501 67
bird 0.0014 491 -31 501 87
bird 0.0014 169 39 201 117
cat 0.0259 150 -55 344 268
cat 0.0048 114 5 383 162
cat 0.0014 169 39 201 117
dog 0.1355 150 -55 344 268
dog 0.0042 114 5 383 162
dog 0.0032 169 39 201 117
dog 0.0030 496 12 501 67
dog 0.0029 1 149 514 349
dog 0.0015 493 -35 501 132
dog 0.0011 171 -50 274 218
horse 0.2764 150 -55 344 268
horse 0.0354 114 5 383 162
horse 0.0338 1 149 514 349
horse 0.0122 491 -31 501 87
horse 0.0038 496 12 501 67
horse 0.0025 494 -40 501 155
horse 0.0016 496 -29 499 87
sheep 0.9280 -1 144 523 332
sheep 0.2309 150 -132 344 295
sheep 0.0213 114 5 383 162
sheep 0.0130 101 90 421 375
sheep 0.0077 491 -31 501 87
sheep 0.0073 496 12 501 67
sheep 0.0045 230 32 340 205
sheep 0.0020 496 -29 499 87
sheep 0.0017 495 -24 498 62
sheep 0.0015 162 -76 333 161
sheep 0.0013 494 -40 501 155
sheep 0.0011 169 39 201 117
cow 0.1146 10 138 532 329
cow 0.0808 150 -55 344 268
cow 0.0082 491 -31 501 87
cow 0.0063 496 12 501 67
cow 0.0048 114 5 383 162
cow 0.0026 494 -40 501 155
cow 0.0018 496 -29 499 87
cow 0.0015 495 -24 498 62
cow 0.0012 169 39 201 117
chair 0.0010 169 39 201 117
