person 0.9924 107 0 185 93
person 0.9802 255 -31 303 104
person 0.9754 36 12 86 127
person 0.9456 184 12 249 81
person 0.9047 11 11 53 123
person 0.5811 197 19 236 72
person 0.4666 -2 27 26 93
person 0.2007 -1 32 8 84
person 0.1405 70 39 106 90
person 0.1100 119 14 165 79
person 0.0927 97 48 124 77
person 0.0837 83 27 141 89
person 0.0758 92 37 133 78
person 0.0666 114 42 248 155
person 0.0600 196 -2 239 139
person 0.0552 124 49 197 145
person 0.0481 3 35 20 76
person 0.0332 -7 3 137 130
person 0.0312 50 23 113 108
person 0.0282 -112 41 438 207
person 0.0244 0 32 6 67
person 0.0230 160 26 195 69
person 0.0215 156 54 235 139
person 0.0207 10 19 39 99
person 0.0198 7 50 23 86
person 0.0190 333 -10 384 88
person 0.0177 38 73 411 366
person 0.0167 263 -14 299 75
person 0.0165 13 59 27 90
person 0.0163 229 35 240 60
person 0.0145 -2 19 12 132
person 0.0123 436 76 494 199
person 0.0123 -33 -26 308 181
person 0.0115 78 47 100 83
person 0.0095 147 16 210 78
person 0.0092 0 46 5 105
person 0.0087 120 -8 176 167
person 0.0081 182 22 227 141
person 0.0080 181 59 218 112
person 0.0080 53 31 88 88
person 0.0075 482 -9 503 67
person 0.0061 432 7 520 67
person 0.0060 86 18 120 81
person 0.0060 -8 5 32 121
person 0.0056 235 61 395 184
person 0.0054 408 -27 528 84
person 0.0053 186 69 211 101
person 0.0051 -84 83 375 261
person 0.0045 31 40 58 112
person 0.0044 63 38 80 72
person 0.0042 18 33 32 64
person 0.0038 176 35 196 64
person 0.0038 78 -9 212 103
person 0.0037 -12 39 60 118
person 0.0033 492 3 500 55
person 0.0031 243 95 343 153
person 0.0029 217 31 234 63
person 0.0028 469 6 507 67
person 0.0027 220 22 251 76
person 0.0027 35 44 54 69
person 0.0027 145 63 190 130
person 0.0026 209 39 222 57
person 0.0026 284 62 462 187
person 0.0025 35 31 71 108
person 0.0023 74 54 92 80
person 0.0021 93 48 111 79
person 0.0021 56 41 70 60
person 0.0018 114 55 176 214
person 0.0017 255 -21 276 98
person 0.0016 -2 62 14 148
person 0.0015 -35 -66 167 208
person 0.0015 207 28 224 53
person 0.0014 394 64 513 213
person 0.0012 122 45 137 68
person 0.0012 221 -36 338 111
person 0.0011 355 -60 517 279
person 0.0011 34 58 49 94
person 0.0011 21 71 47 99
person 0.0011 160 30 177 65
person 0.0011 15 62 52 110
person 0.0010 92 31 111 62
person 0.0010 495 -11 500 50
person 0.0010 418 39 432 69
person 0.0010 438 111 469 175
person 0.0010 356 115 425 175
person 0.0010 0 3 2 73
bicycle 0.0046 -17 51 63 121
bicycle 0.0023 21 71 47 99
bicycle 0.0019 40 80 62 107
bicycle 0.0018 0 39 5 92
bicycle 0.0015 15 62 52 110
bicycle 0.0014 35 55 67 117
car 0.9967 -103 61 393 235
car 0.9554 57 47 452 348
car 0.0368 227 49 342 100
car 0.0330 -7 3 137 130
car 0.0237 -25 -47 135 262
car 0.0217 220 57 349 83
car 0.0196 -11 7 302 297
car 0.0153 101 46 132 74
car 0.0137 -114 176 475 359
car 0.0103 -17 51 63 121
car 0.0097 -8 62 36 214
car 0.0084 303 20 566 103
car 0.0082 -34 26 100 171
car 0.0057 -27 -17 362 168
car 0.0044 50 23 113 108
car 0.0043 360 9 543 146
car 0.0041 355 -60 517 279
car 0.0039 193 37 366 121
car 0.0037 -88 105 597 272
car 0.0034 27 14 79 125
car 0.0033 -4 38 26 317
car 0.0026 80 37 142 89
car 0.0022 70 39 106 90
car 0.0022 -12 13 75 267
car 0.0019 -5 11 31 151
car 0.0017 -2 39 13 152
car 0.0016 400 -21 534 101
car 0.0015 -6 37 57 160
car 0.0012 306 -27 437 105
car 0.0010 495 56 500 116
car 0.0010 488 33 501 159
car 0.0010 -14 107 46 179
motorbike 0.0124 -17 51 63 121
motorbike 0.0063 -84 83 375 261
motorbike 0.0052 48 108 461 395
motorbike 0.0047 -38 25 129 176
motorbike 0.0042 -2 30 29 99
motorbike 0.0037 -8 45 35 197
motorbike 0.0032 -14 107 46 179
motorbike 0.0021 0 39 5 92
motorbike 0.0018 -8 85 32 143
motorbike 0.0013 -14 19 77 218
motorbike 0.0013 -2 62 14 148
motorbike 0.0012 15 62 52 110
motorbike 0.0012 50 23 113 108
bus 0.0281 38 73 411 366
bus 0.0014 -87 87 415 261
bus 0.0013 -17 -111 157 205
bus 0.0012 -98 219 456 374
