person 0.0027 160 19 484 292
person 0.0010 -115 23 408 222
cat 0.9863 -74 25 410 245
cat 0.9859 31 68 622 273
cat 0.8375 160 19 484 292
cat 0.0148 -9 77 59 351
cat 0.0103 -11 -90 63 440
cat 0.0028 0 16 188 356
cat 0.0010 -5 -169 34 480
dog 0.0037 -11 -90 63 440
dog 0.0028 -115 23 408 222
dog 0.0025 -9 77 59 351
dog 0.0017 160 19 484 292
dog 0.0012 -4 0 297 276
sheep 0.0016 -115 23 408 222
chair 0.0076 80 14 490 292
chair 0.0014 -115 23 408 222
sofa 0.0556 38 11 469 284
sofa 0.0015 -115 23 408 222
sofa 0.0011 108 81 597 272
pottedplant 0.0056 38 11 469 284
diningtable 0.0023 80 14 490 292
