person 0.9944 9 0 266 390
person 0.9768 -85 43 360 346
person 0.0671 -29 -46 91 121
person 0.0409 121 160 539 359
person 0.0344 -11 -29 61 106
person 0.0290 5 -25 179 68
person 0.0117 164 -38 273 89
person 0.0114 67 -13 430 383
person 0.0109 268 15 564 203
person 0.0080 369 53 533 191
person 0.0080 353 -149 522 354
person 0.0054 178 -16 256 41
person 0.0037 341 -60 451 220
person 0.0027 -11 -53 63 220
person 0.0021 343 -38 402 129
person 0.0018 211 126 518 482
person 0.0016 170 -88 330 176
person 0.0016 376 -65 521 225
person 0.0015 333 11 353 40
person 0.0014 299 -16 369 55
person 0.0013 219 -20 329 222
person 0.0013 -4 76 24 471
person 0.0012 243 219 567 377
person 0.0011 -9 -89 136 167
person 0.0010 -6 247 34 416
bicycle 0.0017 133 134 528 337
bicycle 0.0017 322 12 544 268
car 0.0101 268 15 564 203
car 0.0012 338 -135 528 269
car 0.0011 473 34 505 243
car 0.0011 -93 88 364 352
motorbike 0.0067 15 51 319 382
motorbike 0.0045 91 77 489 381
train 0.0024 133 134 528 337
boat 0.0012 118 -5 465 381
boat 0.0010 133 134 528 337
bird 0.0037 302 188 441 317
bird 0.0031 285 209 323 271
bird 0.0029 271 201 334 280
bird 0.0012 262 127 418 302
bird 0.0011 121 160 539 359
dog 0.0023 20 -22 180 61
cow 0.0010 121 160 539 359
chair 0.4647 278 -28 331 107
chair 0.3802 -10 -4 64 241
chair 0.2994 20 -22 180 61
chair 0.2972 313 11 551 210
chair 0.2488 -93 88 364 352
chair 0.2351 338 -135 528 269
chair 0.1387 1 30 275 397
chair 0.0845 224 -10 304 141
chair 0.0763 180 -37 255 126
chair 0.0529 212 48 296 256
chair 0.0477 174 -23 259 61
chair 0.0439 -7 91 39 457
chair 0.0406 343 -38 402 129
chair 0.0386 205 -52 357 132
chair 0.0236 -5 -10 32 244
chair 0.0200 299 -16 369 55
chair 0.0184 -11 -29 61 106
chair 0.0164 -29 -46 91 121
chair 0.0154 214 -15 316 53
chair 0.0129 195 -29 331 81
chair 0.0111 -6 247 34 416
chair 0.0105 -4 102 25 373
chair 0.0098 369 53 533 191
chair 0.0093 273 -16 337 58
chair 0.0090 -14 88 98 457
chair 0.0087 -7 -20 61 493
chair 0.0082 138 -54 278 136
chair 0.0081 170 -88 330 176
chair 0.0074 123 130 375 348
chair 0.0068 308 -32 365 115
chair 0.0063 282 10 324 83
chair 0.0040 473 34 505 243
chair 0.0038 219 7 308 47
chair 0.0036 219 -20 329 222
chair 0.0036 27 -22 97 63
chair 0.0033 42 -8 78 48
chair 0.0033 47 -13 170 37
chair 0.0032 -103 215 363 363
chair 0.0031 321 -6 359 47
chair 0.0029 333 11 353 40
chair 0.0028 -59 11 338 274
chair 0.0026 -14 -133 135 268
chair 0.0025 264 -60 401 145
chair 0.0025 310 -19 330 92
chair 0.0023 149 -16 225 42
chair 0.0023 118 -5 465 381
chair 0.0018 244 -25 302 83
chair 0.0018 389 -13 514 253
chair 0.0017 -41 20 149 357
chair 0.0017 161 -10 194 35
chair 0.0017 -25 85 74 161
chair 0.0016 30 9 54 80
chair 0.0016 360 26 522 352
chair 0.0015 180 -9 215 34
chair 0.0012 283 -128 459 256
chair 0.0012 185 -2 210 24
chair 0.0012 205 -46 361 327
chair 0.0012 296 -11 327 86
chair 0.0011 467 79 508 165
chair 0.0011 248 65 560 311
sofa 0.0471 -93 88 364 352
sofa 0.0297 1 30 275 397
sofa 0.0101 -7 91 39 457
sofa 0.0056 -6 247 34 416
sofa 0.0017 20 -22 180 61
sofa 0.0015 343 -38 402 129
sofa 0.0014 -7 -20 61 493
sofa 0.0010 -14 88 98 457
sofa 0.0010 268 15 564 203
diningtable 0.0059 -4 76 24 471
diningtable 0.0042 20 -22 180 61
diningtable 0.0034 -8 91 59 454
diningtable 0.0030 -10 -4 64 241
diningtable 0.0029 -93 88 364 352
diningtable 0.0018 322 12 544 268
diningtable 0.0016 -6 247 34 416
tvmonitor 0.0079 350 -91 521 187
tvmonitor 0.0048 343 -38 402 129
