person 0.6594 155 105 184 158
person 0.5161 114 62 147 116
person 0.3158 250 89 283 143
person 0.2234 283 108 308 138
person 0.1548 375 82 391 125
person 0.1194 219 93 236 141
person 0.0668 161 113 176 140
person 0.0584 351 115 368 155
person 0.0484 168 113 182 153
person 0.0381 212 90 250 145
person 0.0372 120 67 141 109
person 0.0352 102 51 157 126
person 0.0261 314 103 330 143
person 0.0170 225 115 245 138
person 0.0160 255 95 276 136
person 0.0157 287 34 303 66
person 0.0140 390 190 519 400
person 0.0113 376 86 388 112
person 0.0083 268 31 285 67
person 0.0083 240 78 293 155
person 0.0047 292 42 306 67
person 0.0042 261 24 291 73
person 0.0041 156 112 167 154
person 0.0037 143 95 196 169
person 0.0036 344 168 479 423
person 0.0035 241 18 273 75
person 0.0029 381 87 391 110
person 0.0027 322 106 335 140
person 0.0024 205 77 263 158
person 0.0023 129 78 143 109
person 0.0020 278 29 310 71
person 0.0019 115 68 128 106
person 0.0014 247 33 265 64
person 0.0014 264 114 280 135
person 0.0010 427 239 525 284
bicycle 0.0014 346 179 409 430
bird 0.0119 219 93 236 141
bird 0.0066 225 115 245 138
bird 0.0050 212 90 250 145
bird 0.0031 250 89 283 143
dog 0.0111 155 105 184 158
dog 0.0072 351 115 368 155
dog 0.0032 314 103 330 143
dog 0.0027 114 62 147 116
dog 0.0021 283 108 308 138
dog 0.0020 375 82 391 125
dog 0.0018 161 113 176 140
dog 0.0016 225 115 245 138
horse 0.0010 155 105 184 158
bottle 0.0310 219 58 239 101
bottle 0.0165 463 152 486 231
bottle 0.0138 440 90 465 160
bottle 0.0072 426 161 465 241
bottle 0.0054 479 185 488 217
bottle 0.0036 461 181 473 220
bottle 0.0028 438 178 454 205
bottle 0.0023 452 193 464 232
bottle 0.0022 472 168 481 216
bottle 0.0017 451 140 500 257
bottle 0.0016 470 166 479 201
bottle 0.0013 454 160 480 241
bottle 0.0012 437 189 456 209
bottle 0.0012 477 118 495 150
bottle 0.0011 458 193 469 227
bottle 0.0010 451 185 461 215
chair 0.9670 346 210 481 417
chair 0.8115 340 103 494 508
chair 0.7962 324 185 469 292
chair 0.4629 464 243 506 415
chair 0.4077 344 171 414 421
chair 0.0372 412 229 482 273
chair 0.0312 349 216 432 287
chair 0.0284 431 238 524 298
chair 0.0186 346 173 381 419
chair 0.0176 427 240 466 261
chair 0.0130 379 179 533 294
chair 0.0100 384 190 452 291
chair 0.0058 427 210 510 413
chair 0.0056 492 210 501 443
chair 0.0056 494 243 500 276
chair 0.0048 426 240 504 277
chair 0.0045 401 225 437 273
chair 0.0041 -1 203 5 373
chair 0.0033 0 242 2 332
chair 0.0031 405 209 507 272
chair 0.0031 496 221 500 281
chair 0.0028 403 248 464 410
chair 0.0027 -33 249 102 420
chair 0.0025 371 225 405 277
chair 0.0025 327 198 437 264
chair 0.0024 441 247 487 266
chair 0.0022 442 222 508 325
chair 0.0018 487 180 501 299
chair 0.0018 385 224 417 278
chair 0.0017 299 221 568 378
chair 0.0015 494 250 501 287
chair 0.0014 355 244 395 415
chair 0.0014 416 236 434 265
chair 0.0011 409 231 428 268
chair 0.0011 467 252 505 269
chair 0.0010 449 244 480 260
chair 0.0010 444 191 506 246
sofa 0.0021 -1 170 6 368
sofa 0.0017 -33 249 102 420
pottedplant 0.0050 470 107 501 157
pottedplant 0.0031 451 140 500 257
pottedplant 0.0010 477 118 495 150
diningtable 0.8344 346 108 515 506
diningtable 0.2181 363 220 545 329
diningtable 0.1907 390 203 516 419
diningtable 0.0863 450 241 505 417
diningtable 0.0147 431 238 524 298
diningtable 0.0084 299 221 568 378
diningtable 0.0047 395 179 534 293
diningtable 0.0022 442 222 508 325
diningtable 0.0021 323 197 475 266
diningtable 0.0014 421 246 482 414
diningtable 0.0013 344 168 479 423
diningtable 0.0010 412 229 482 273
