person 0.0116 408 209 426 233
person 0.0082 479 204 494 231
person 0.0076 399 210 418 232
person 0.0055 267 214 282 237
person 0.0050 389 210 410 233
person 0.0045 234 215 254 236
person 0.0036 467 203 483 217
person 0.0031 69 210 89 243
person 0.0031 -45 70 555 230
person 0.0026 253 214 272 237
person 0.0025 157 215 183 240
person 0.0022 454 205 494 233
person 0.0020 272 212 291 239
person 0.0020 486 204 502 230
person 0.0019 461 203 473 219
person 0.0019 478 204 491 219
person 0.0018 40 214 62 240
person 0.0018 305 212 321 239
person 0.0016 245 214 266 236
person 0.0015 414 210 441 232
person 0.0013 168 212 187 231
person 0.0013 178 212 195 231
person 0.0013 228 218 245 236
person 0.0013 158 212 178 227
person 0.0011 314 215 351 236
person 0.0011 427 212 445 229
person 0.0010 16 222 33 237
person 0.0010 403 216 414 233
car 0.2675 67 199 206 258
car 0.0956 486 204 502 230
car 0.0757 443 198 506 239
car 0.0624 454 205 494 233
car 0.0604 184 216 212 238
car 0.0596 161 215 191 240
car 0.0578 298 208 369 240
car 0.0462 321 216 358 234
car 0.0305 -21 216 71 253
car 0.0303 47 214 77 240
car 0.0261 355 218 384 234
car 0.0194 35 203 107 248
car 0.0177 366 217 390 233
car 0.0149 177 217 196 237
car 0.0146 15 39 420 239
car 0.0130 130 204 206 250
car 0.0120 312 211 352 231
car 0.0120 311 216 334 235
car 0.0099 270 206 335 245
car 0.0091 338 217 362 234
car 0.0078 234 215 254 236
car 0.0062 57 212 86 240
car 0.0061 479 204 494 231
car 0.0055 284 214 319 240
car 0.0045 245 214 266 236
car 0.0039 179 206 253 250
car 0.0038 389 210 410 233
car 0.0037 399 210 418 232
car 0.0037 253 214 272 237
car 0.0034 158 212 178 227
car 0.0033 40 214 62 240
car 0.0033 414 210 441 232
car 0.0032 352 219 371 233
car 0.0028 87 216 111 239
car 0.0027 272 212 291 239
car 0.0026 0 228 8 246
car 0.0024 478 204 491 219
car 0.0024 376 202 478 237
car 0.0023 408 209 426 233
car 0.0022 168 212 187 231
car 0.0021 467 203 483 217
car 0.0021 191 214 216 231
car 0.0017 267 214 282 237
car 0.0017 228 218 245 236
car 0.0016 69 210 89 243
car 0.0016 345 202 434 241
car 0.0013 377 210 404 232
car 0.0013 305 212 321 239
car 0.0011 202 218 232 241
motorbike 0.0031 13 55 424 244
aeroplane 0.9529 36 57 460 242
aeroplane 0.1750 55 192 227 263
aeroplane 0.0251 -25 201 78 258
aeroplane 0.0171 -31 175 84 278
aeroplane 0.0097 298 206 377 239
aeroplane 0.0086 259 179 487 252
aeroplane 0.0075 -70 132 200 222
aeroplane 0.0053 321 201 439 242
aeroplane 0.0036 -19 51 148 300
aeroplane 0.0019 486 204 502 230
aeroplane 0.0013 443 198 506 239
aeroplane 0.0013 340 185 558 248
bus 0.0096 486 204 502 230
bus 0.0071 298 208 369 240
bus 0.0050 443 198 506 239
bus 0.0034 391 199 484 238
bus 0.0032 454 205 494 233
bus 0.0028 358 202 440 239
bus 0.0015 65 199 198 258
bus 0.0015 -21 216 71 253
bus 0.0011 321 216 358 234
bus 0.0011 389 210 410 233
boat 0.0019 39 41 453 240
bird 0.0045 -46 60 618 220
dog 0.0016 -45 70 555 230
horse 0.0013 -104 58 539 223
sheep 0.0131 -46 60 618 220
cow 0.0012 13 55 424 244
chair 0.0106 36 57 460 242
sofa 0.0290 36 57 460 242
diningtable 0.0030 13 55 424 244
tvmonitor 0.0011 36 57 460 242
