person 0.0079 -1 -66 16 308
person 0.0042 -4 -131 28 524
person 0.0029 -1 -101 11 494
person 0.0021 -10 -103 65 495
person 0.0016 128 21 164 75
person 0.0011 -1 33 8 216
person 0.0010 138 34 158 65
bird 0.0015 205 1 223 32
cat 0.0020 36 75 149 197
cat 0.0012 84 52 242 192
dog 0.0013 84 52 242 192
horse 0.0012 84 52 242 192
bottle 0.9977 348 -14 399 180
bottle 0.1281 232 91 276 221
bottle 0.0039 227 61 279 154
bottle 0.0023 263 123 317 195
chair 0.7664 84 52 242 192
chair 0.6139 357 42 539 197
chair 0.4299 247 185 534 472
chair 0.1211 204 229 577 361
chair 0.1047 36 75 149 197
chair 0.0655 233 101 561 361
chair 0.0513 391 25 518 368
chair 0.0384 8 26 258 239
chair 0.0371 218 61 286 156
chair 0.0304 368 57 449 154
chair 0.0209 259 86 282 113
chair 0.0176 -1 -66 16 308
chair 0.0084 320 -5 508 234
chair 0.0077 -1 49 7 238
chair 0.0058 430 77 518 173
chair 0.0053 3 25 448 368
chair 0.0046 430 68 509 440
chair 0.0033 480 19 503 337
chair 0.0032 394 70 435 140
chair 0.0030 -3 -121 28 551
chair 0.0026 486 79 502 188
chair 0.0024 -1 -101 11 494
chair 0.0023 0 140 2 206
chair 0.0022 405 76 472 156
chair 0.0019 430 30 512 254
chair 0.0019 -10 -46 65 516
chair 0.0018 385 83 407 108
chair 0.0015 -3 63 17 486
chair 0.0015 381 73 410 134
chair 0.0015 490 47 500 260
chair 0.0014 191 35 298 163
chair 0.0013 218 47 412 193
chair 0.0011 0 85 2 183
chair 0.0010 249 78 282 133
sofa 0.1206 247 185 534 472
sofa 0.0334 24 27 249 217
sofa 0.0083 -1 -66 16 308
sofa 0.0079 233 101 561 361
sofa 0.0070 204 229 577 361
sofa 0.0023 -1 33 8 216
sofa 0.0013 -4 -168 27 446
sofa 0.0013 335 39 538 192
pottedplant 0.0055 219 51 273 151
pottedplant 0.0020 196 55 278 118
diningtable 0.9995 31 65 468 389
diningtable 0.0029 -10 17 67 491
diningtable 0.0012 204 196 555 462
tvmonitor 0.0020 89 -21 214 123
