person 0.0274 35 -3 46 13
person 0.0095 30 -2 41 12
person 0.0067 49 0 61 13
person 0.0052 54 0 62 13
person 0.0032 0 -5 6 18
person 0.0016 228 130 299 212
car 0.0018 35 -3 46 13
bird 0.0259 249 152 275 172
bird 0.0184 228 130 299 212
bird 0.0030 251 145 291 192
bird 0.0012 142 119 313 227
bird 0.0012 356 123 378 149
bird 0.0011 273 145 287 164
cat 0.0828 148 119 322 226
cat 0.0211 228 130 299 212
cat 0.0035 249 152 275 172
dog 0.0513 148 119 322 226
dog 0.0105 228 130 299 212
horse 0.0055 148 119 322 226
sheep 0.0036 228 130 299 212
sheep 0.0034 142 119 313 227
sheep 0.0011 391 103 481 144
cow 0.0172 148 119 322 226
cow 0.0054 228 130 299 212
cow 0.0014 391 103 481 144
cow 0.0012 249 152 275 172
