person 0.1676 425 123 468 259
person 0.0320 417 101 455 266
person 0.0286 422 151 452 250
person 0.0237 74 115 145 212
person 0.0213 89 128 129 201
person 0.0123 84 132 115 193
person 0.0059 316 160 345 185
person 0.0049 91 147 107 182
person 0.0031 248 145 282 204
person 0.0016 442 157 466 186
person 0.0013 256 157 275 192
person 0.0013 299 150 361 195
person 0.0011 415 157 446 228
person 0.0011 87 153 102 184
person 0.0011 437 127 500 255
person 0.0010 86 138 100 169
car 0.0183 430 150 469 192
car 0.0165 435 157 463 186
car 0.0137 439 144 514 196
car 0.0136 421 141 476 201
car 0.0022 458 159 492 180
car 0.0019 441 155 468 173
car 0.0015 495 151 501 177
car 0.0012 439 150 471 163
car 0.0012 0 133 6 150
car 0.0011 455 160 475 182
car 0.0010 494 144 500 163
aeroplane 0.9941 53 50 468 328
aeroplane 0.0070 -89 138 603 296
aeroplane 0.0034 -25 50 222 240
aeroplane 0.0024 317 39 500 157
aeroplane 0.0023 435 138 518 191
aeroplane 0.0012 219 -14 519 246
train 0.0064 53 87 469 339
boat 0.0042 53 87 469 339
boat 0.0013 435 138 518 191
diningtable 0.0036 -25 50 222 240
