person 0.3346 475 159 504 306
person 0.1185 206 129 227 233
person 0.1147 295 77 329 279
person 0.0710 212 141 224 183
person 0.0616 257 158 276 240
person 0.0612 282 82 318 278
person 0.0574 0 162 5 203
person 0.0289 482 205 504 289
person 0.0279 296 131 312 174
person 0.0206 376 151 423 279
person 0.0166 276 151 293 250
person 0.0105 199 116 238 239
person 0.0093 294 119 333 182
person 0.0066 340 150 380 268
person 0.0059 264 90 298 271
person 0.0051 199 133 220 230
person 0.0048 291 125 317 180
person 0.0048 451 167 502 296
person 0.0040 488 143 503 278
person 0.0034 213 147 232 234
person 0.0033 349 113 394 281
person 0.0032 171 148 180 172
person 0.0030 490 220 501 277
person 0.0029 218 143 229 182
person 0.0027 296 161 324 253
person 0.0027 27 160 35 198
person 0.0026 210 164 221 217
person 0.0024 121 -39 510 377
person 0.0022 0 154 3 191
person 0.0020 216 173 229 226
person 0.0020 471 169 498 269
person 0.0020 376 87 422 228
person 0.0018 482 136 503 404
person 0.0018 260 172 272 225
person 0.0018 237 140 256 241
person 0.0018 18 161 27 178
person 0.0015 -3 140 12 221
person 0.0014 242 102 280 259
person 0.0014 388 195 422 264
person 0.0013 381 166 413 252
person 0.0012 10 163 19 200
person 0.0012 495 199 499 277
person 0.0012 281 123 300 259
person 0.0011 446 166 470 290
person 0.0011 18 162 29 201
person 0.0011 329 42 484 364
person 0.0010 -1 104 5 293
person 0.0010 212 127 233 197
person 0.0010 294 116 314 263
person 0.0010 366 64 427 296
person 0.0010 168 121 184 224
person 0.0010 244 137 263 245
train 0.9993 57 -36 470 383
bottle 0.0011 296 131 312 174
chair 0.0010 375 177 425 275
