dog 0.0011 469 224 503 275
dog 0.0011 245 180 388 321
horse 0.0248 245 180 388 321
horse 0.0026 469 224 503 275
sheep 0.9817 245 180 388 321
sheep 0.9707 469 224 503 275
sheep 0.1692 460 216 512 283
sheep 0.1586 474 232 497 268
sheep 0.0100 278 195 353 311
sheep 0.0098 397 237 423 248
sheep 0.0038 421 221 431 236
sheep 0.0038 493 222 498 276
sheep 0.0029 358 228 367 254
sheep 0.0028 406 236 424 246
sheep 0.0018 375 228 383 238
sheep 0.0018 432 218 446 230
sheep 0.0018 244 199 504 276
cow 0.0227 245 180 388 321
cow 0.0104 469 224 503 275
cow 0.0024 460 216 512 283
