person 0.0033 87 153 110 175
car 0.0018 15 5 472 368
car 0.0015 -18 13 153 309
bus 0.0039 -21 37 151 314
bus 0.0013 -58 106 189 243
train 0.0098 -21 37 151 314
train 0.0051 -58 106 189 243
boat 0.0013 -21 37 151 314
bird 0.0052 55 71 448 354
cat 0.6746 55 71 448 354
cat 0.0974 -15 174 518 283
dog 0.0940 66 71 483 353
dog 0.0073 -15 174 518 283
horse 0.0063 66 71 483 353
sheep 0.0196 55 71 448 354
sheep 0.0051 -15 174 518 283
cow 0.0263 55 71 448 354
cow 0.0039 -15 174 518 283
chair 0.0031 482 141 504 224
diningtable 0.0010 45 149 455 365
tvmonitor 0.0034 -21 37 151 314
