person 0.0035 17 10 433 276
person 0.0013 -96 83 604 374
bicycle 0.0195 54 -9 465 233
car 0.0022 57 45 465 299
motorbike 0.0011 17 10 433 276
cat 0.9920 68 24 483 257
cat 0.0054 -30 31 607 167
cat 0.0036 -66 99 628 243
chair 0.6340 54 -9 465 233
chair 0.3773 90 -66 465 136
chair 0.0152 2 3 558 127
chair 0.0057 -96 83 604 374
chair 0.0052 40 149 479 287
chair 0.0034 -89 27 601 172
chair 0.0022 370 -95 524 169
chair 0.0011 -10 109 74 306
sofa 0.5307 57 45 465 299
sofa 0.1305 -96 83 604 374
sofa 0.0043 -137 171 651 274
sofa 0.0026 7 152 445 284
diningtable 0.0686 57 45 465 299
diningtable 0.0028 -96 83 604 374
