person 0.9996 -4 29 348 335
person 0.0289 61 190 363 473
bicycle 0.9947 -59 196 401 468
bicycle 0.1490 39 91 307 491
bicycle 0.0018 76 185 350 401
bicycle 0.0011 5 118 180 620
boat 0.0066 33 161 305 493
bottle 0.4961 138 253 185 385
bottle 0.0939 106 257 152 377
bottle 0.0190 123 221 176 378
bottle 0.0179 130 268 177 356
bottle 0.0142 91 239 209 398
bottle 0.0083 83 264 136 372
bottle 0.0024 123 168 210 430
bottle 0.0020 55 245 162 390
bottle 0.0013 105 270 145 335
chair 0.0012 10 68 338 415
diningtable 0.0016 10 68 338 415
