person 0.9980 7 -27 303 452
person 0.9648 15 283 406 518
person 0.3358 -97 356 510 500
person 0.0354 -69 93 346 392
person 0.0134 162 295 479 493
person 0.0082 137 195 345 518
person 0.0015 272 270 323 373
person 0.0011 309 199 428 588
bottle 0.0022 242 -8 278 35
bottle 0.0022 265 -30 314 89
bottle 0.0021 227 -17 292 43
bottle 0.0010 243 -1 274 12
chair 0.0131 6 -38 305 408
chair 0.0063 18 298 537 494
chair 0.0014 -114 360 459 500
chair 0.0013 272 270 323 373
chair 0.0012 7 255 402 628
chair 0.0011 -70 120 387 373
chair 0.0011 20 -7 130 19
sofa 0.0138 10 272 353 526
sofa 0.0099 10 59 273 500
sofa 0.0078 56 284 505 470
diningtable 0.0028 16 257 405 496
diningtable 0.0011 -63 309 241 494
