person 0.9960 51 16 283 438
person 0.9475 10 166 385 416
person 0.8751 -26 36 351 341
person 0.0278 -70 272 397 440
person 0.0074 -32 145 235 427
person 0.0015 -13 226 88 440
person 0.0014 -32 266 152 439
bird 0.0014 175 159 256 348
bird 0.0011 185 174 236 263
cat 0.0012 3 166 339 411
bottle 0.0123 211 219 266 353
bottle 0.0052 175 168 270 358
chair 0.0103 41 48 295 453
chair 0.0073 -48 220 386 432
chair 0.0040 18 154 324 369
chair 0.0016 -13 226 88 440
sofa 0.2235 41 48 295 453
sofa 0.0102 -32 266 152 439
sofa 0.0050 -48 220 386 432
sofa 0.0045 18 154 324 369
sofa 0.0023 -13 226 88 440
sofa 0.0022 -39 126 169 452
sofa 0.0018 247 209 350 498
diningtable 0.0022 247 209 350 498
