person 0.0032 496 69 500 92
person 0.0026 481 73 487 84
person 0.0024 495 76 500 103
person 0.0020 452 62 463 75
car 0.0021 495 76 500 103
car 0.0019 20 102 27 110
car 0.0018 496 69 500 92
car 0.0016 0 101 6 116
car 0.0014 33 95 52 104
car 0.0014 493 87 499 108
car 0.0012 28 103 36 110
car 0.0012 29 99 39 106
car 0.0010 7 101 19 112
train 0.9826 40 21 477 169
train 0.8304 12 -60 544 260
train 0.0243 -126 53 640 165
train 0.0112 7 89 19 110
train 0.0075 287 -32 525 255
train 0.0036 -15 78 83 120
train 0.0023 33 95 52 104
train 0.0020 -2 77 27 123
train 0.0016 51 94 57 101
train 0.0012 0 90 6 110
train 0.0010 0 101 6 116
bird 0.0032 24 79 28 86
bird 0.0018 41 80 45 86
bird 0.0016 32 80 36 85
