person 0.9804 140 105 319 398
person 0.6809 20 -30 114 203
person 0.5529 175 -86 302 533
person 0.5516 218 37 343 187
person 0.2628 61 96 384 335
person 0.1867 247 53 311 168
person 0.1312 6 -87 107 340
person 0.0264 -18 26 150 251
person 0.0146 17 2 344 475
person 0.0102 76 52 217 191
person 0.0099 19 -127 175 306
person 0.0063 223 -24 296 467
person 0.0056 82 50 105 78
person 0.0055 136 -1 170 50
person 0.0041 69 29 135 97
person 0.0039 87 14 158 74
person 0.0037 18 3 75 166
person 0.0022 34 33 62 91
person 0.0019 255 64 295 139
person 0.0017 184 15 296 352
person 0.0016 268 66 309 135
person 0.0015 118 -11 183 60
person 0.0014 77 42 112 85
person 0.0014 -51 70 478 290
person 0.0014 125 75 200 164
person 0.0014 40 25 70 81
person 0.0012 38 -4 99 103
person 0.0011 146 114 171 142
person 0.0010 -52 96 265 325
bicycle 0.9357 189 153 289 512
bicycle 0.7020 144 214 313 430
bicycle 0.0071 144 17 305 640
bicycle 0.0025 203 181 243 492
bicycle 0.0017 170 149 249 491
bicycle 0.0010 1 7 61 359
car 0.9749 36 27 386 338
car 0.3586 293 14 434 316
car 0.0225 279 -110 438 451
car 0.0126 153 127 322 435
car 0.0081 3 6 374 85
car 0.0059 113 93 449 314
car 0.0022 374 66 419 306
car 0.0018 -3 14 297 468
car 0.0016 -52 96 265 325
car 0.0012 333 77 423 319
car 0.0011 1 54 65 351
car 0.0011 188 11 469 266
motorbike 0.0028 153 127 322 435
boat 0.0137 23 8 384 84
boat 0.0011 158 215 318 432
dog 0.0356 170 -48 290 529
dog 0.0016 145 130 315 430
horse 0.0017 184 161 275 505
chair 0.0020 158 215 318 432
