person 0.7623 81 -8 177 148
person 0.1736 447 37 506 212
person 0.0541 461 55 504 162
person 0.0285 400 33 532 212
person 0.0269 -15 32 451 312
person 0.0108 37 -80 232 262
person 0.0108 -51 79 370 231
person 0.0085 425 98 453 182
person 0.0071 139 176 157 195
person 0.0071 -48 18 335 189
person 0.0055 180 175 197 191
person 0.0037 397 167 421 190
person 0.0036 491 40 501 216
person 0.0034 310 170 332 189
person 0.0022 189 176 200 191
person 0.0018 421 58 509 276
person 0.0016 439 165 457 186
person 0.0015 393 156 425 219
person 0.0015 102 -32 318 317
person 0.0012 474 23 504 299
person 0.0010 495 74 499 145
person 0.0010 496 90 499 166
car 0.0040 -52 45 544 319
car 0.0011 -43 152 333 218
aeroplane 0.0063 -52 45 544 319
aeroplane 0.0057 31 93 454 237
bus 0.0180 -52 45 544 319
bus 0.0063 31 93 454 237
train 0.0158 -52 45 544 319
train 0.0055 42 45 447 235
boat 0.0226 42 45 447 235
boat 0.0155 -52 45 544 319
boat 0.0021 331 15 371 203
boat 0.0012 -48 18 335 189
dog 0.0034 406 62 510 274
horse 0.9963 -74 65 370 221
horse 0.9412 421 58 509 276
horse 0.1249 -15 -64 303 333
horse 0.0101 380 0 520 340
horse 0.0019 -52 45 544 319
horse 0.0018 441 186 512 243
horse 0.0017 474 23 504 299
horse 0.0016 31 93 454 237
horse 0.0015 396 67 537 218
horse 0.0010 366 134 536 267
horse 0.0010 446 139 503 259
cow 0.0017 406 62 510 274
