person 0.9981 158 122 476 373
person 0.9975 35 19 166 308
person 0.9972 104 21 215 291
person 0.9949 -23 -31 140 462
person 0.9947 160 35 243 229
person 0.9933 326 15 412 266
person 0.9933 201 -54 349 280
person 0.9929 353 140 538 365
person 0.9924 362 20 467 329
person 0.9855 -22 85 125 348
person 0.9760 20 216 230 450
person 0.9232 381 66 519 438
person 0.7550 223 26 339 190
person 0.5896 -14 80 207 272
person 0.2703 198 10 274 188
person 0.0840 -58 138 183 319
person 0.0206 95 -49 253 340
person 0.0151 327 84 544 296
person 0.0150 -92 136 385 335
person 0.0143 -13 129 271 486
person 0.0085 -4 242 26 421
person 0.0062 -2 58 16 411
person 0.0061 486 32 502 476
person 0.0050 -4 74 20 279
person 0.0048 -12 48 79 418
person 0.0044 330 -90 493 444
person 0.0038 -2 104 11 239
person 0.0037 -72 221 348 357
person 0.0032 109 38 184 202
person 0.0030 464 7 504 499
person 0.0025 -35 275 253 412
person 0.0023 -11 213 67 408
person 0.0019 474 153 504 434
person 0.0017 432 33 509 399
person 0.0015 -1 254 11 419
person 0.0015 186 64 364 212
person 0.0013 91 100 551 275
person 0.0011 -1 122 7 338
person 0.0011 -6 -6 31 478
person 0.0011 16 34 331 349
person 0.0010 -2 73 409 230
bottle 0.0440 25 273 57 358
bottle 0.0418 -11 213 67 408
bottle 0.0261 134 200 169 284
bottle 0.0116 247 121 263 144
bottle 0.0086 -3 306 72 406
bottle 0.0066 85 244 129 320
bottle 0.0054 159 221 203 323
bottle 0.0047 11 336 72 392
bottle 0.0042 24 250 70 376
bottle 0.0038 -2 192 25 434
bottle 0.0031 237 153 260 192
bottle 0.0025 41 276 68 342
bottle 0.0024 105 27 315 355
bottle 0.0022 157 176 204 272
bottle 0.0014 227 186 243 223
bottle 0.0011 260 201 289 264
bottle 0.0010 276 111 293 142
chair 0.7165 415 300 472 397
chair 0.3730 392 284 485 413
chair 0.2318 83 83 156 181
chair 0.0915 386 107 518 432
chair 0.0874 428 211 511 411
chair 0.0783 -2 107 12 220
chair 0.0555 198 10 274 188
chair 0.0398 -1 129 9 159
chair 0.0393 245 35 283 117
chair 0.0325 470 251 505 413
chair 0.0143 368 -41 518 559
chair 0.0101 482 278 503 411
chair 0.0100 0 125 4 201
chair 0.0091 376 236 441 297
chair 0.0081 -4 74 20 279
chair 0.0071 92 107 134 162
chair 0.0062 11 -92 185 414
chair 0.0051 -2 121 424 354
chair 0.0048 391 265 421 289
chair 0.0047 481 98 503 449
chair 0.0047 77 21 217 218
chair 0.0045 226 92 259 159
chair 0.0043 -1 129 11 273
chair 0.0043 362 156 394 209
chair 0.0040 112 181 139 206
chair 0.0039 107 213 133 243
chair 0.0038 202 47 357 186
chair 0.0037 0 140 3 224
chair 0.0032 -2 58 16 411
chair 0.0029 490 223 500 412
chair 0.0026 0 174 7 227
chair 0.0023 203 74 270 175
chair 0.0023 -32 67 93 204
chair 0.0022 490 72 501 215
chair 0.0022 189 -40 341 272
chair 0.0020 -4 242 26 421
chair 0.0020 495 107 500 161
chair 0.0020 363 173 398 245
chair 0.0019 443 287 508 405
chair 0.0019 369 225 542 404
chair 0.0018 367 164 390 200
chair 0.0017 0 116 4 156
chair 0.0017 -1 133 6 346
chair 0.0016 482 0 503 317
chair 0.0016 -21 81 122 325
chair 0.0015 493 48 501 297
chair 0.0014 403 172 462 337
chair 0.0013 31 26 155 321
chair 0.0013 391 256 407 280
chair 0.0013 4 298 64 403
chair 0.0013 111 96 146 169
chair 0.0012 458 138 509 446
chair 0.0012 388 264 451 331
chair 0.0012 410 310 444 385
chair 0.0011 494 159 501 397
chair 0.0011 491 134 500 307
chair 0.0011 0 171 4 249
chair 0.0011 387 253 425 303
chair 0.0011 81 41 169 283
sofa 0.1587 11 -92 185 414
sofa 0.0759 95 79 153 193
sofa 0.0322 198 10 274 188
sofa 0.0251 -24 67 219 254
sofa 0.0101 189 -40 341 272
sofa 0.0049 36 14 166 277
sofa 0.0027 95 -49 253 340
sofa 0.0027 77 21 217 218
sofa 0.0022 76 66 177 203
sofa 0.0020 -32 67 93 204
sofa 0.0020 -58 138 183 319
sofa 0.0019 386 107 518 432
sofa 0.0018 -92 136 385 335
sofa 0.0017 368 -41 518 559
sofa 0.0011 -2 46 18 348
diningtable 0.8992 -90 156 425 353
diningtable 0.0226 -16 116 304 392
diningtable 0.0191 130 127 474 354
diningtable 0.0060 374 231 442 292
diningtable 0.0040 -20 285 88 417
diningtable 0.0038 -1 129 9 159
diningtable 0.0028 105 27 315 355
diningtable 0.0024 391 265 421 289
diningtable 0.0018 24 225 184 347
diningtable 0.0013 4 298 64 403
diningtable 0.0013 -4 242 26 421
diningtable 0.0012 387 261 426 278
diningtable 0.0010 144 119 305 244
diningtable 0.0010 -11 213 67 408
diningtable 0.0010 -74 224 290 363
tvmonitor 0.0048 257 -88 402 186
tvmonitor 0.0016 267 -33 381 131
