person 0.9792 284 207 339 313
person 0.0603 258 198 366 319
person 0.0136 301 225 338 295
person 0.0064 284 220 321 279
person 0.0025 162 242 173 278
person 0.0024 415 234 438 269
person 0.0022 125 249 138 274
person 0.0019 147 248 167 272
person 0.0019 0 253 4 284
person 0.0017 189 249 203 273
person 0.0013 276 245 289 271
person 0.0011 152 237 183 283
bicycle 0.9976 247 230 379 323
bicycle 0.0495 282 221 346 315
bicycle 0.0012 415 234 438 269
bicycle 0.0010 286 247 300 268
car 0.5318 121 230 218 292
car 0.0321 137 250 164 274
car 0.0244 415 234 438 269
car 0.0219 107 215 247 302
car 0.0035 0 253 4 284
car 0.0026 138 239 174 284
car 0.0026 147 248 167 272
car 0.0025 189 249 203 273
car 0.0017 24 253 44 270
car 0.0013 198 249 215 270
motorbike 0.0011 248 238 378 316
aeroplane 0.0010 243 45 386 333
bus 0.0099 107 215 247 302
bus 0.0015 121 230 218 292
chair 0.0012 415 234 438 269
