person 0.0016 -14 -105 185 288
car 0.0075 -46 -56 534 93
aeroplane 0.0014 -112 201 401 327
boat 0.0070 378 41 398 48
boat 0.0017 371 41 388 50
boat 0.0015 267 42 279 46
boat 0.0015 381 35 397 44
boat 0.0015 390 41 405 48
boat 0.0014 -26 140 394 282
boat 0.0013 296 41 306 46
boat 0.0013 428 42 443 48
boat 0.0012 420 41 438 49
boat 0.0011 309 44 316 50
boat 0.0010 402 41 416 49
cat 0.0012 140 151 202 211
bottle 0.0011 140 151 202 211
chair 0.5301 -112 201 401 327
chair 0.2313 -31 46 315 464
chair 0.2200 149 135 283 227
chair 0.0656 -26 140 394 282
chair 0.0493 49 120 121 264
chair 0.0425 24 103 149 283
chair 0.0089 -6 152 33 390
chair 0.0079 -11 127 68 378
chair 0.0035 63 85 341 379
chair 0.0017 -29 136 91 286
chair 0.0012 111 90 293 228
sofa 0.7147 -119 188 409 324
sofa 0.4168 -26 140 394 282
sofa 0.3762 23 30 347 375
sofa 0.0256 89 26 487 292
sofa 0.0014 -25 46 216 456
pottedplant 0.8521 374 103 494 276
pottedplant 0.1768 -14 -105 185 288
pottedplant 0.0900 -71 13 261 167
pottedplant 0.0090 392 21 515 260
pottedplant 0.0088 -74 11 419 231
pottedplant 0.0053 21 34 187 204
pottedplant 0.0033 -12 -13 69 250
pottedplant 0.0033 149 135 283 227
pottedplant 0.0017 -4 9 23 269
pottedplant 0.0017 364 35 461 242
pottedplant 0.0016 -10 25 57 173
pottedplant 0.0016 140 151 202 211
pottedplant 0.0015 412 113 480 245
pottedplant 0.0015 -31 52 126 224
pottedplant 0.0014 -26 140 394 282
pottedplant 0.0012 27 95 147 229
pottedplant 0.0012 421 122 509 181
pottedplant 0.0011 -4 -48 26 173
pottedplant 0.0011 62 108 136 175
diningtable 0.0539 37 51 358 361
diningtable 0.0023 -26 140 394 282
diningtable 0.0015 -114 204 432 325
