person 0.1492 319 142 344 172
person 0.0782 116 139 140 167
person 0.0476 108 140 130 167
person 0.0251 126 144 147 168
person 0.0232 96 127 159 179
person 0.0138 303 129 361 182
person 0.0100 102 133 140 171
person 0.0086 327 146 350 173
person 0.0084 489 182 501 216
person 0.0067 351 151 370 171
person 0.0054 315 143 334 167
person 0.0040 291 151 316 170
person 0.0034 -4 60 22 292
person 0.0032 77 144 100 162
person 0.0032 -13 34 233 328
person 0.0030 137 142 159 167
person 0.0026 179 42 518 330
person 0.0023 -1 85 7 279
person 0.0023 146 144 168 167
person 0.0021 282 144 302 170
person 0.0015 494 167 500 196
bicycle 0.0017 -7 119 55 265
car 0.9991 0 25 275 339
car 0.9984 174 39 505 335
car 0.2527 435 180 500 221
car 0.1679 448 190 485 210
car 0.1359 489 182 501 216
car 0.0559 450 185 480 204
car 0.0357 102 135 573 237
car 0.0169 464 186 485 202
car 0.0119 439 185 456 203
car 0.0088 -49 132 323 240
car 0.0069 475 189 493 214
car 0.0055 483 172 504 226
car 0.0027 493 196 500 220
car 0.0026 439 182 476 217
car 0.0026 477 184 492 203
car 0.0025 187 147 206 173
car 0.0013 -7 119 55 265
car 0.0012 451 166 515 222
car 0.0012 450 198 483 216
car 0.0011 -4 60 22 292
bus 0.0201 488 178 501 211
bus 0.0028 483 165 505 222
train 0.0010 488 178 501 211
boat 0.0011 -45 17 472 204
bird 0.0012 360 235 454 278
dog 0.0011 419 213 523 342
