person 0.9776 25 89 421 368
person 0.0121 -71 15 258 343
person 0.0090 -97 160 526 349
person 0.0032 -13 303 291 408
person 0.0027 211 174 575 338
person 0.0020 163 3 497 368
person 0.0012 -28 251 542 423
person 0.0011 313 118 521 484
cat 0.0012 -7 301 271 407
dog 0.9924 197 37 536 444
dog 0.9905 140 187 596 316
dog 0.0023 -7 301 271 407
dog 0.0021 135 63 612 301
dog 0.0018 339 115 521 475
dog 0.0017 33 135 471 367
bottle 0.0011 185 69 270 129
chair 0.3497 -71 15 258 343
chair 0.0454 98 52 189 259
chair 0.0303 11 138 439 364
chair 0.0123 -7 301 271 407
chair 0.0103 -63 -3 262 173
chair 0.0066 108 116 173 235
chair 0.0028 160 38 584 263
chair 0.0021 229 -4 500 380
chair 0.0019 75 -47 207 250
chair 0.0016 488 209 502 404
sofa 0.8610 -64 6 259 226
sofa 0.4307 35 10 470 377
sofa 0.1416 160 38 584 263
sofa 0.0336 216 151 568 316
sofa 0.0085 224 -3 495 325
sofa 0.0069 -34 139 520 326
sofa 0.0054 -70 76 256 357
sofa 0.0048 81 -26 201 268
sofa 0.0040 244 18 411 279
sofa 0.0024 -9 -130 205 340
sofa 0.0019 53 25 458 192
sofa 0.0013 480 147 504 439
sofa 0.0010 34 225 478 362
pottedplant 0.0762 159 45 238 145
pottedplant 0.0038 138 43 301 149
pottedplant 0.0036 122 18 255 182
pottedplant 0.0011 -13 303 291 408
diningtable 0.0213 184 -13 380 227
diningtable 0.0032 53 25 458 192
