person 0.9847 220 149 305 366
person 0.9619 3 -20 253 388
person 0.9309 81 47 493 392
person 0.8065 238 151 369 317
person 0.2123 266 169 341 299
person 0.1349 212 90 361 423
person 0.0410 233 192 270 253
person 0.0313 288 176 330 231
person 0.0302 279 162 342 245
person 0.0273 222 191 264 349
person 0.0269 216 81 573 352
person 0.0201 226 172 294 302
person 0.0122 331 194 363 246
person 0.0099 -62 28 307 292
person 0.0076 307 163 355 272
person 0.0042 49 152 190 325
person 0.0038 185 147 266 400
person 0.0032 229 197 263 283
person 0.0032 334 215 360 239
person 0.0027 248 193 305 350
person 0.0023 88 145 249 477
person 0.0016 238 208 256 250
person 0.0016 304 185 343 254
person 0.0014 242 205 264 238
person 0.0010 68 215 174 416
person 0.0010 281 199 359 279
person 0.0010 263 180 303 241
bicycle 0.0020 188 237 256 387
bus 0.0047 154 -6 497 409
train 0.0021 154 -6 497 409
chair 0.0032 188 237 256 387
chair 0.0016 198 285 233 367
