person 0.9977 3 -17 326 361
person 0.0021 429 153 496 197
person 0.0014 465 159 489 175
person 0.0012 -97 75 370 315
person 0.0010 437 159 458 184
car 0.0052 152 114 336 444
car 0.0014 -17 105 353 454
bird 0.0036 221 183 248 205
bird 0.0033 465 159 489 175
bird 0.0031 163 196 262 272
bird 0.0029 217 213 239 237
bird 0.0025 429 153 496 197
bird 0.0022 345 197 370 219
bird 0.0013 496 178 501 199
dog 0.0150 221 183 248 205
dog 0.0125 163 194 262 269
dog 0.0100 292 180 313 199
dog 0.0049 357 192 497 310
dog 0.0034 426 152 490 198
dog 0.0027 366 261 388 275
dog 0.0013 437 159 458 184
horse 0.0463 431 152 488 201
horse 0.0409 220 184 248 207
horse 0.0214 437 159 458 184
horse 0.0177 357 167 396 200
horse 0.0133 292 180 313 199
horse 0.0129 158 197 258 272
horse 0.0095 438 160 478 193
horse 0.0046 465 159 489 175
horse 0.0031 342 194 500 309
horse 0.0022 241 170 406 303
horse 0.0011 401 167 437 183
sheep 0.9967 241 170 406 303
sheep 0.9869 357 192 497 310
sheep 0.9153 357 167 396 200
sheep 0.9152 292 180 313 199
sheep 0.8741 426 152 490 198
sheep 0.6279 221 183 248 205
sheep 0.5796 158 196 259 268
sheep 0.4997 465 159 489 175
sheep 0.4577 437 159 458 184
sheep 0.3665 446 165 482 190
sheep 0.2597 401 167 437 183
sheep 0.0327 366 261 388 275
sheep 0.0157 301 181 317 196
sheep 0.0136 387 160 452 194
sheep 0.0098 217 213 239 237
sheep 0.0088 404 170 419 185
sheep 0.0083 465 168 481 188
sheep 0.0062 496 178 501 199
sheep 0.0050 432 154 464 192
sheep 0.0049 493 159 499 181
sheep 0.0042 474 160 490 170
sheep 0.0039 215 178 253 216
sheep 0.0038 0 12 410 340
sheep 0.0033 222 187 238 204
sheep 0.0032 345 197 370 219
sheep 0.0024 354 178 364 190
sheep 0.0023 385 211 469 299
sheep 0.0023 453 151 514 190
sheep 0.0017 363 176 380 197
sheep 0.0016 199 84 526 313
sheep 0.0015 496 149 500 174
sheep 0.0014 336 212 361 232
sheep 0.0014 307 185 365 283
sheep 0.0013 286 204 294 213
sheep 0.0012 254 148 570 207
sheep 0.0012 116 161 480 230
sheep 0.0012 350 161 404 210
sheep 0.0011 292 183 302 198
sheep 0.0010 281 203 291 212
cow 0.5085 158 197 258 272
cow 0.2604 221 183 248 205
cow 0.0998 292 180 313 199
cow 0.0791 426 152 490 198
cow 0.0525 437 159 458 184
cow 0.0374 465 159 489 175
cow 0.0252 360 168 395 198
cow 0.0251 438 160 475 188
cow 0.0134 352 158 402 208
cow 0.0119 342 194 500 309
cow 0.0044 401 166 434 186
cow 0.0037 241 170 406 303
cow 0.0019 217 213 239 237
cow 0.0013 215 178 253 216
cow 0.0011 222 187 238 204
cow 0.0010 447 163 481 184
cow 0.0010 301 181 317 196
