person 0.0031 480 -19 503 186
person 0.0015 483 -78 501 315
bottle 0.7273 327 133 525 321
bottle 0.6747 352 55 489 402
bottle 0.1554 345 -78 508 546
bottle 0.0064 266 -3 324 160
bottle 0.0045 480 -19 503 186
chair 0.9916 -70 13 361 315
chair 0.0450 186 17 243 130
chair 0.0285 322 117 533 317
chair 0.0118 483 -110 501 427
chair 0.0113 37 -104 234 213
chair 0.0108 156 15 298 343
chair 0.0094 480 -19 503 186
chair 0.0061 467 -73 505 421
chair 0.0037 346 -90 513 522
chair 0.0015 -64 13 321 167
chair 0.0015 254 -38 333 168
chair 0.0014 458 173 507 378
chair 0.0013 195 40 236 111
chair 0.0013 261 14 549 319
chair 0.0010 167 7 270 143
sofa 0.2346 -65 17 351 264
sofa 0.0551 17 -10 275 333
sofa 0.0032 467 -73 505 421
sofa 0.0029 156 15 298 343
sofa 0.0022 483 -110 501 427
sofa 0.0016 -70 130 352 328
sofa 0.0014 480 -19 503 186
sofa 0.0012 327 133 525 321
diningtable 0.0148 302 113 530 322
diningtable 0.0032 166 35 585 299
diningtable 0.0016 483 -110 501 427
diningtable 0.0013 462 202 506 372
