person 0.2476 273 182 520 317
person 0.0131 159 106 176 133
person 0.0066 336 135 517 375
person 0.0026 384 218 450 272
person 0.0010 362 194 424 308
bicycle 0.0021 303 185 519 320
car 0.0016 273 182 520 317
motorbike 0.0574 303 185 519 320
aeroplane 0.9627 -60 33 416 192
aeroplane 0.3654 307 140 510 365
aeroplane 0.0178 19 -65 333 307
aeroplane 0.0065 348 193 510 315
aeroplane 0.0016 30 43 231 269
boat 0.0171 303 185 519 320
bird 0.0275 303 185 519 320
bird 0.0040 315 130 510 399
dog 0.0088 303 185 519 320
horse 0.0293 303 185 519 320
horse 0.0012 315 130 510 399
sheep 0.0225 307 140 510 365
sheep 0.0027 348 193 510 315
sheep 0.0022 297 175 449 320
cow 0.0188 303 185 519 320
chair 0.0210 303 185 519 320
chair 0.0012 348 218 426 299
