person 0.0194 266 145 300 162
person 0.0047 275 141 291 154
person 0.0023 271 148 283 159
person 0.0011 284 149 295 157
boat 0.8306 266 145 300 162
boat 0.0421 252 137 314 171
boat 0.0037 275 141 291 154
boat 0.0014 345 161 355 168
boat 0.0013 271 148 283 159
boat 0.0012 270 153 294 165
boat 0.0010 265 124 301 166
bird 0.0038 308 180 314 185
bird 0.0032 282 190 287 197
bird 0.0031 187 208 193 216
bird 0.0026 214 200 222 206
bird 0.0019 299 191 304 198
bird 0.0016 325 181 331 187
bird 0.0013 266 145 300 162
