person 0.9975 94 108 220 365
person 0.9961 294 130 412 272
person 0.9955 179 135 277 276
person 0.9921 406 116 532 302
person 0.9444 441 166 514 340
person 0.9101 346 121 492 423
person 0.8644 238 156 356 268
person 0.8510 320 145 387 255
person 0.5266 197 155 267 254
person 0.2617 268 167 327 259
person 0.2365 23 115 66 236
person 0.1816 45 163 76 220
person 0.1286 434 133 510 276
person 0.1139 322 190 339 213
person 0.0492 35 150 94 235
person 0.0466 315 190 330 213
person 0.0460 305 177 341 244
person 0.0351 50 168 68 210
person 0.0278 374 164 460 252
person 0.0272 288 166 355 254
person 0.0178 345 152 485 278
person 0.0091 271 200 555 352
person 0.0084 246 194 319 250
person 0.0079 49 170 62 200
person 0.0064 60 219 574 375
person 0.0058 37 152 68 218
person 0.0055 306 193 322 210
person 0.0051 281 176 550 289
person 0.0048 434 208 507 421
person 0.0043 249 122 392 496
person 0.0041 497 201 500 261
person 0.0036 163 136 320 491
person 0.0036 320 184 343 205
person 0.0034 275 180 316 244
person 0.0028 490 147 501 294
person 0.0021 465 136 506 268
person 0.0020 295 179 331 225
person 0.0019 297 198 310 208
person 0.0019 491 195 498 225
person 0.0018 316 186 328 204
person 0.0016 106 149 469 331
person 0.0016 469 188 503 402
person 0.0016 494 181 500 225
person 0.0015 101 182 137 338
person 0.0014 264 213 286 233
person 0.0013 57 191 84 216
person 0.0012 325 193 340 227
person 0.0012 493 144 501 374
person 0.0012 195 129 530 387
person 0.0011 495 195 499 247
person 0.0011 142 154 376 270
person 0.0010 332 188 355 239
person 0.0010 275 213 292 229
person 0.0010 496 169 500 214
bicycle 0.0015 177 142 307 506
dog 0.0015 23 115 66 236
bottle 0.0691 240 217 253 238
bottle 0.0499 314 212 331 248
bottle 0.0391 309 204 336 259
bottle 0.0334 287 228 306 253
bottle 0.0283 316 209 330 236
bottle 0.0196 305 222 319 244
bottle 0.0169 288 218 302 244
bottle 0.0163 283 216 309 264
bottle 0.0138 295 223 307 243
bottle 0.0127 353 212 366 234
bottle 0.0091 340 223 356 253
bottle 0.0068 225 207 239 234
bottle 0.0065 275 213 292 229
bottle 0.0063 360 211 373 233
bottle 0.0054 285 212 298 232
bottle 0.0050 247 222 262 239
bottle 0.0039 189 217 207 248
bottle 0.0035 256 222 271 240
bottle 0.0033 261 221 283 241
bottle 0.0027 264 213 286 233
bottle 0.0018 312 228 330 252
bottle 0.0018 325 219 339 244
bottle 0.0016 222 217 245 239
bottle 0.0015 309 211 319 233
bottle 0.0014 257 205 288 256
bottle 0.0013 325 208 336 234
bottle 0.0010 301 208 327 257
chair 0.9993 264 204 367 409
chair 0.9987 181 215 298 419
chair 0.7903 340 165 480 485
chair 0.6862 338 237 454 412
chair 0.4013 163 136 320 491
chair 0.3800 102 187 142 356
chair 0.2963 344 231 401 420
chair 0.2311 103 211 173 365
chair 0.1420 106 205 127 294
chair 0.0889 96 118 204 382
chair 0.0840 249 122 392 496
chair 0.0172 106 218 131 336
chair 0.0150 264 213 286 233
chair 0.0127 189 217 207 248
chair 0.0098 354 339 483 387
chair 0.0086 113 209 123 231
chair 0.0082 435 246 512 413
chair 0.0078 114 249 146 343
chair 0.0062 136 128 497 388
chair 0.0061 360 211 373 233
chair 0.0054 354 184 391 240
chair 0.0050 453 243 476 314
chair 0.0048 238 199 312 247
chair 0.0047 140 264 200 346
chair 0.0045 110 216 123 246
chair 0.0041 322 190 339 213
chair 0.0038 373 206 485 416
chair 0.0037 275 213 292 229
chair 0.0034 354 247 385 348
chair 0.0034 271 222 296 238
chair 0.0025 458 254 469 305
chair 0.0024 265 183 337 255
chair 0.0023 112 221 124 277
chair 0.0023 116 200 125 227
chair 0.0022 320 184 343 205
chair 0.0022 240 213 252 235
chair 0.0022 339 176 401 249
chair 0.0021 488 303 501 407
chair 0.0020 197 218 210 244
chair 0.0020 247 222 262 239
chair 0.0019 122 273 150 340
chair 0.0019 430 200 439 223
chair 0.0019 48 167 63 213
chair 0.0018 105 237 117 278
chair 0.0016 42 162 67 219
chair 0.0016 202 202 211 220
chair 0.0015 176 235 233 393
chair 0.0014 261 221 283 241
chair 0.0014 428 196 463 247
chair 0.0013 107 221 120 258
chair 0.0013 434 206 455 237
chair 0.0013 369 208 388 235
chair 0.0013 109 263 185 352
chair 0.0013 362 202 377 225
chair 0.0013 199 204 210 239
chair 0.0012 447 235 483 250
chair 0.0011 442 234 514 323
chair 0.0011 184 209 211 254
chair 0.0011 256 222 271 240
chair 0.0011 497 304 500 387
chair 0.0010 353 212 366 234
chair 0.0010 436 220 456 243
chair 0.0010 381 219 401 230
chair 0.0010 148 275 189 326
chair 0.0010 496 314 499 398
sofa 0.0025 341 131 491 495
sofa 0.0016 136 128 497 388
sofa 0.0014 272 135 413 272
pottedplant 0.0149 40 175 97 227
pottedplant 0.0141 309 204 336 259
pottedplant 0.0103 160 71 203 197
pottedplant 0.0072 53 190 76 215
pottedplant 0.0048 170 124 199 181
pottedplant 0.0047 287 201 356 261
pottedplant 0.0042 173 187 422 278
pottedplant 0.0041 160 88 198 141
pottedplant 0.0029 98 59 228 186
pottedplant 0.0025 189 229 207 250
pottedplant 0.0020 281 204 309 259
pottedplant 0.0020 145 79 210 149
pottedplant 0.0018 238 205 312 254
pottedplant 0.0016 238 156 356 268
pottedplant 0.0014 314 212 331 248
pottedplant 0.0010 287 228 306 253
diningtable 0.8577 435 246 512 413
diningtable 0.5153 105 137 463 385
diningtable 0.1295 24 227 544 366
diningtable 0.0278 334 77 501 461
diningtable 0.0275 163 136 320 491
diningtable 0.0209 428 267 522 347
diningtable 0.0115 206 188 466 278
diningtable 0.0077 281 176 550 289
diningtable 0.0036 469 230 502 394
diningtable 0.0032 166 221 291 412
diningtable 0.0031 93 208 427 292
diningtable 0.0021 450 247 477 268
diningtable 0.0014 -45 162 145 267
diningtable 0.0013 453 269 512 330
diningtable 0.0012 436 226 496 273
diningtable 0.0012 320 214 398 260
diningtable 0.0011 249 122 392 496
diningtable 0.0011 414 222 530 375
