person 0.9976 43 127 99 350
person 0.9890 354 152 482 437
person 0.9342 -6 103 41 379
person 0.9038 297 166 339 280
person 0.8467 340 143 423 359
person 0.8364 335 60 491 536
person 0.8315 466 143 507 396
person 0.1818 409 196 426 222
person 0.0401 429 190 459 255
person 0.0269 51 39 448 380
person 0.0242 468 184 505 258
person 0.0223 299 186 324 270
person 0.0219 477 196 497 224
person 0.0196 451 155 498 316
person 0.0170 -48 146 486 278
person 0.0169 286 209 525 375
person 0.0168 403 193 417 225
person 0.0146 328 208 419 417
person 0.0136 492 191 500 232
person 0.0112 -1 121 6 359
person 0.0112 483 172 503 252
person 0.0099 303 181 338 245
person 0.0098 82 185 93 216
person 0.0091 -3 124 12 239
person 0.0072 75 176 102 244
person 0.0070 5 149 44 283
person 0.0066 444 179 512 265
person 0.0065 92 167 114 234
person 0.0060 494 191 499 248
person 0.0060 430 160 474 308
person 0.0059 435 199 452 242
person 0.0057 86 197 98 223
person 0.0056 399 175 497 414
person 0.0053 488 152 501 329
person 0.0051 27 185 62 235
person 0.0047 -3 141 29 292
person 0.0039 401 188 432 231
person 0.0036 315 177 341 265
person 0.0033 0 168 4 215
person 0.0030 98 174 109 211
person 0.0030 -3 164 13 275
person 0.0029 440 98 512 376
person 0.0027 430 198 445 226
person 0.0027 467 96 505 302
person 0.0026 416 195 433 223
person 0.0025 440 183 472 256
person 0.0023 322 196 334 226
person 0.0021 362 163 418 281
person 0.0021 94 201 105 222
person 0.0018 493 155 501 400
person 0.0017 88 159 108 185
person 0.0015 448 214 464 247
person 0.0015 47 164 94 271
person 0.0015 409 151 532 283
person 0.0015 0 138 5 207
person 0.0012 27 173 469 354
person 0.0012 0 191 2 347
person 0.0012 416 178 479 264
person 0.0011 0 134 6 175
person 0.0010 32 190 52 231
person 0.0010 320 156 461 278
person 0.0010 466 199 486 222
person 0.0010 60 172 71 195
bicycle 0.0173 304 181 336 274
bicycle 0.0037 299 186 324 270
bicycle 0.0017 302 219 316 256
bicycle 0.0017 218 211 273 273
car 0.0112 -32 27 201 339
car 0.0030 -3 126 14 219
car 0.0016 0 136 6 189
motorbike 0.0110 297 171 340 284
motorbike 0.0038 299 186 324 270
aeroplane 0.0070 -31 39 177 326
aeroplane 0.0021 21 21 531 378
aeroplane 0.0016 -13 138 567 260
bus 0.0401 21 21 531 378
bus 0.0186 -13 138 567 260
bus 0.0135 -32 27 201 339
bus 0.0020 284 132 423 272
train 0.9910 -12 139 511 261
train 0.9892 37 3 463 397
train 0.3743 -32 27 201 339
train 0.0124 428 162 472 271
train 0.0030 447 162 503 276
train 0.0023 383 154 523 276
bottle 0.0351 382 265 398 291
bottle 0.0276 376 249 404 307
bottle 0.0100 383 257 396 284
bottle 0.0014 380 275 399 295
