person 0.0131 238 63 272 143
person 0.0122 -1 -180 9 534
person 0.0020 -4 -158 20 546
person 0.0018 -1 70 7 234
person 0.0015 232 42 281 160
person 0.0014 -1 36 5 325
person 0.0014 418 185 515 369
person 0.0014 248 78 263 109
person 0.0010 388 70 426 118
person 0.0010 -2 -65 11 341
bicycle 0.0010 418 185 515 369
bird 0.0050 314 80 344 125
bird 0.0041 248 78 263 109
bird 0.0023 238 63 272 143
bird 0.0016 292 101 317 129
cat 0.0242 126 206 189 305
cat 0.0030 238 63 272 143
cat 0.0028 100 194 222 322
cat 0.0021 133 223 172 289
cat 0.0019 373 54 440 132
dog 0.0128 238 63 272 143
dog 0.0036 373 54 440 132
dog 0.0026 126 206 189 305
dog 0.0025 248 78 263 109
dog 0.0013 100 194 222 322
bottle 0.0192 423 38 454 112
bottle 0.0017 438 52 471 122
bottle 0.0014 459 66 497 121
bottle 0.0010 300 300 321 327
chair 0.6698 418 185 515 369
chair 0.0225 379 114 516 440
chair 0.0077 440 189 498 316
chair 0.0033 378 236 533 378
chair 0.0017 467 214 506 362
chair 0.0013 374 163 483 371
chair 0.0011 -9 174 101 363
sofa 0.9919 -99 182 443 324
sofa 0.5279 0 50 345 441
sofa 0.0055 399 192 534 386
sofa 0.0052 -18 121 203 421
sofa 0.0013 133 259 391 369
sofa 0.0011 379 114 516 440
pottedplant 0.2560 372 143 485 364
pottedplant 0.0136 359 26 507 445
pottedplant 0.0093 390 230 446 348
pottedplant 0.0038 382 161 440 302
pottedplant 0.0033 344 148 518 281
pottedplant 0.0015 399 167 464 340
pottedplant 0.0012 370 183 421 318
diningtable 0.0122 -24 98 362 448
diningtable 0.0024 -109 197 454 331
diningtable 0.0014 399 192 534 386
tvmonitor 0.0020 235 201 276 244
tvmonitor 0.0018 227 191 284 254
