person 0.9995 24 7 300 397
person 0.9958 141 65 581 366
person 0.9956 237 25 485 409
person 0.9453 -89 67 386 358
car 0.0121 21 3 394 395
car 0.0084 34 -27 463 164
car 0.0032 184 12 487 389
car 0.0017 -12 -96 511 233
boat 0.0013 4 25 411 401
boat 0.0010 184 12 487 389
bottle 0.0177 21 3 394 395
bottle 0.0033 184 12 487 389
chair 0.1535 -22 53 135 317
chair 0.0299 134 158 592 366
chair 0.0219 369 91 543 252
chair 0.0145 -43 156 160 365
chair 0.0105 -9 189 75 252
chair 0.0074 -89 67 386 358
chair 0.0048 -11 151 72 360
chair 0.0026 -47 93 156 229
chair 0.0024 -26 162 90 277
chair 0.0017 -5 165 29 381
chair 0.0014 390 76 521 356
chair 0.0012 199 33 479 401
chair 0.0011 -29 8 249 422
sofa 0.0023 134 158 592 366
sofa 0.0010 4 25 411 401
diningtable 0.2798 -22 53 135 317
diningtable 0.0061 -62 95 181 255
diningtable 0.0059 -43 156 160 365
tvmonitor 0.0011 25 26 470 364
