person 0.9915 242 80 426 365
person 0.9904 137 56 344 364
person 0.9894 347 156 537 363
person 0.9887 -14 62 263 359
person 0.7166 -10 -27 62 460
person 0.5567 380 79 519 436
person 0.3206 31 76 70 207
person 0.2021 451 53 503 174
person 0.0646 371 57 419 186
person 0.0633 37 91 72 160
person 0.0565 339 61 384 174
person 0.0430 466 81 506 241
person 0.0368 -5 74 57 242
person 0.0205 412 36 522 194
person 0.0189 373 67 412 145
person 0.0101 489 66 503 182
person 0.0100 26 114 60 194
person 0.0097 359 91 401 173
person 0.0087 -39 47 92 395
person 0.0083 425 59 482 179
person 0.0065 478 105 502 406
person 0.0062 335 64 453 207
person 0.0058 342 74 383 135
person 0.0047 496 72 500 158
person 0.0044 468 112 506 175
person 0.0041 488 114 502 250
person 0.0040 408 89 459 195
person 0.0039 460 64 496 128
person 0.0034 495 94 499 174
person 0.0031 410 110 447 179
person 0.0029 47 103 63 127
person 0.0026 48 45 446 388
person 0.0024 381 82 438 192
person 0.0021 4 206 94 421
person 0.0020 447 87 480 160
person 0.0020 23 83 81 167
person 0.0019 405 108 489 179
person 0.0018 20 138 51 203
person 0.0018 496 124 500 183
person 0.0017 483 161 502 243
person 0.0017 492 148 501 372
person 0.0016 6 11 81 349
person 0.0016 23 81 66 272
person 0.0015 489 165 503 295
person 0.0014 16 -29 112 464
person 0.0014 -5 26 35 213
person 0.0012 -1 64 25 405
person 0.0012 -7 -62 41 344
person 0.0012 182 185 324 469
person 0.0010 33 131 53 154
person 0.0010 453 118 515 188
person 0.0010 369 72 496 210
motorbike 0.0010 -12 82 64 458
dog 0.0098 182 185 324 469
horse 0.0049 182 185 324 469
bottle 0.0041 172 154 331 482
bottle 0.0023 192 309 258 399
bottle 0.0020 361 349 376 367
bottle 0.0015 208 323 248 383
bottle 0.0010 230 87 471 362
chair 0.5849 362 113 516 507
chair 0.0573 323 194 560 382
chair 0.0533 366 156 460 431
chair 0.0372 367 180 405 261
chair 0.0230 337 107 464 279
chair 0.0218 378 204 518 418
chair 0.0178 358 162 439 245
chair 0.0106 472 116 504 318
chair 0.0101 492 193 500 227
chair 0.0096 470 175 506 229
chair 0.0089 488 158 503 284
chair 0.0078 490 186 500 218
chair 0.0072 374 251 421 414
chair 0.0066 278 290 309 384
chair 0.0063 344 147 454 218
chair 0.0061 211 145 451 368
chair 0.0060 182 185 324 469
chair 0.0057 371 182 394 295
chair 0.0032 496 180 500 260
chair 0.0031 74 313 91 393
chair 0.0031 475 188 501 215
chair 0.0030 479 165 503 419
chair 0.0029 367 153 410 354
chair 0.0027 407 178 426 206
chair 0.0027 375 176 417 244
chair 0.0027 488 231 502 365
chair 0.0026 428 109 508 436
chair 0.0024 390 117 428 170
chair 0.0022 466 126 507 217
chair 0.0022 406 115 446 188
chair 0.0022 374 106 440 181
chair 0.0021 441 255 512 410
chair 0.0020 492 170 499 215
chair 0.0019 489 112 502 232
chair 0.0016 492 149 501 349
chair 0.0015 417 114 455 174
chair 0.0014 369 181 388 206
chair 0.0014 390 104 462 199
chair 0.0014 497 123 500 222
chair 0.0014 345 139 434 187
chair 0.0012 185 213 469 445
chair 0.0012 450 101 508 252
chair 0.0011 4 206 94 421
chair 0.0011 454 175 514 244
chair 0.0011 468 182 506 276
chair 0.0010 188 244 305 410
chair 0.0010 405 108 489 179
sofa 0.0473 363 -26 519 557
sofa 0.0041 348 135 538 346
sofa 0.0029 211 145 451 368
diningtable 0.0044 490 186 500 218
diningtable 0.0039 492 193 500 227
diningtable 0.0036 332 114 467 249
diningtable 0.0032 182 185 324 469
diningtable 0.0029 470 175 506 229
diningtable 0.0022 483 161 502 243
diningtable 0.0016 363 -26 519 557
diningtable 0.0015 371 149 524 431
diningtable 0.0014 480 120 503 424
diningtable 0.0012 475 188 501 215
diningtable 0.0010 492 170 499 215
