person 0.3205 222 30 243 48
person 0.0471 131 37 154 102
person 0.0320 260 32 323 112
person 0.0229 9 34 445 197
person 0.0189 273 45 314 99
person 0.0074 280 62 306 92
person 0.0045 310 34 373 107
person 0.0045 272 57 296 84
person 0.0032 135 53 149 97
person 0.0029 131 20 162 84
person 0.0026 322 44 360 97
person 0.0022 136 4 184 110
person 0.0021 262 57 286 85
person 0.0020 255 49 293 94
person 0.0019 147 34 185 89
person 0.0015 126 0 166 117
person 0.0015 204 37 284 105
person 0.0012 142 56 156 84
person 0.0011 290 53 310 89
person 0.0011 234 30 254 47
person 0.0010 0 47 4 89
person 0.0010 305 36 334 105
bicycle 0.0078 130 38 163 101
bicycle 0.0025 136 59 156 93
bicycle 0.0018 127 29 191 105
bicycle 0.0016 142 40 175 94
car 0.9691 30 33 477 200
car 0.0227 -163 61 597 189
car 0.0021 493 74 500 101
car 0.0020 -9 -56 512 269
car 0.0017 177 -20 472 167
car 0.0012 490 65 500 95
car 0.0011 146 0 413 63
motorbike 0.0080 9 34 445 197
aeroplane 0.0012 50 45 495 205
bus 0.0027 51 31 492 198
train 0.0024 175 -2 413 64
pottedplant 0.0264 143 30 177 93
pottedplant 0.0111 467 57 507 138
pottedplant 0.0084 126 18 194 104
pottedplant 0.0064 465 -36 506 117
pottedplant 0.0040 486 49 502 148
pottedplant 0.0039 150 42 171 60
pottedplant 0.0039 130 14 162 105
pottedplant 0.0025 437 48 517 132
pottedplant 0.0019 496 60 500 137
pottedplant 0.0012 493 74 500 101
pottedplant 0.0011 474 66 500 92
pottedplant 0.0010 491 101 500 134
diningtable 0.0221 13 43 441 208
