person 0.9377 17 5 310 481
person 0.9256 -54 242 205 467
person 0.0085 -76 182 320 444
person 0.0048 -56 123 386 359
person 0.0043 -47 165 204 392
person 0.0037 -8 117 167 510
person 0.0017 28 458 136 488
person 0.0016 -44 390 126 522
person 0.0015 224 254 337 544
person 0.0011 -84 297 401 475
bottle 0.0022 51 438 128 499
bottle 0.0013 33 459 146 487
chair 0.0153 22 42 302 503
chair 0.0107 -57 182 215 453
chair 0.0078 224 254 337 544
sofa 0.6409 15 113 306 516
sofa 0.3094 -57 182 215 453
sofa 0.0386 -22 25 170 453
sofa 0.0087 -74 232 394 468
sofa 0.0032 224 254 337 544
sofa 0.0018 -56 123 386 359
