person 0.0022 25 54 236 316
person 0.0013 -129 139 505 366
bird 0.0125 107 35 132 67
chair 0.0484 231 125 573 265
chair 0.0333 275 0 534 382
chair 0.0332 471 235 504 426
chair 0.0144 477 110 503 399
chair 0.0045 440 80 510 389
chair 0.0031 468 319 507 392
chair 0.0030 465 33 504 438
chair 0.0024 248 62 379 246
chair 0.0017 485 285 502 407
chair 0.0014 492 215 501 438
chair 0.0013 -3 183 24 442
chair 0.0012 487 171 500 327
sofa 0.9611 275 0 534 382
sofa 0.7452 231 125 573 265
sofa 0.0109 473 174 504 451
sofa 0.0033 479 37 503 358
sofa 0.0017 440 80 510 389
pottedplant 0.9951 239 39 389 237
pottedplant 0.0930 273 69 355 215
pottedplant 0.0026 13 106 367 393
diningtable 0.0013 471 235 504 426
diningtable 0.0013 -18 159 118 427
