person 0.9020 86 -119 236 232
person 0.8601 93 -35 220 137
person 0.3041 335 -52 409 172
person 0.0123 203 -6 269 130
person 0.0039 61 -10 496 327
person 0.0022 343 -31 397 90
person 0.0010 -3 -62 22 186
person 0.0010 340 67 365 123
bicycle 0.0577 27 -23 415 345
bicycle 0.0089 -11 0 68 246
bicycle 0.0072 56 105 456 400
car 0.0044 61 -10 496 327
car 0.0039 -11 0 68 246
car 0.0010 86 -119 236 232
motorbike 0.9957 35 -20 472 395
motorbike 0.8374 -10 38 66 237
motorbike 0.0013 -1 25 8 224
motorbike 0.0010 -5 5 30 237
bus 0.0020 27 -23 415 345
bus 0.0011 86 -119 236 232
bottle 0.0109 340 67 365 123
bottle 0.0049 308 67 336 124
bottle 0.0024 342 89 361 115
bottle 0.0024 256 46 349 142
chair 0.0017 476 36 504 320
chair 0.0011 61 -10 496 327
diningtable 0.0042 61 -10 496 327
diningtable 0.0013 56 105 456 400
