person 0.8994 6 101 356 446
person 0.2072 356 331 380 367
person 0.0040 102 -48 264 403
person 0.0035 311 300 381 523
person 0.0033 348 327 384 392
person 0.0022 323 322 393 403
person 0.0020 59 87 307 265
person 0.0011 0 94 37 275
train 0.0020 60 49 301 478
chair 0.9138 -8 90 30 285
chair 0.1041 356 331 380 367
chair 0.0666 311 300 381 523
chair 0.0624 29 207 129 426
chair 0.0425 320 325 395 412
chair 0.0305 35 183 153 307
chair 0.0266 -8 116 27 220
chair 0.0141 -9 75 59 366
chair 0.0113 -7 181 28 253
chair 0.0108 349 286 378 544
chair 0.0083 34 256 92 414
chair 0.0041 -31 162 84 320
chair 0.0037 11 108 149 523
chair 0.0026 348 327 384 392
chair 0.0022 297 307 399 444
chair 0.0019 348 366 381 432
chair 0.0019 -9 124 29 176
chair 0.0015 -6 143 46 299
chair 0.0014 342 310 380 444
chair 0.0012 43 220 145 287
chair 0.0010 364 368 379 526
sofa 0.0011 325 317 385 436
pottedplant 0.1413 29 207 129 426
pottedplant 0.0337 -13 199 71 400
pottedplant 0.0099 25 213 68 417
pottedplant 0.0083 41 248 111 339
pottedplant 0.0079 40 261 76 323
pottedplant 0.0075 33 224 91 373
pottedplant 0.0060 0 94 37 275
pottedplant 0.0040 6 94 152 500
pottedplant 0.0036 220 162 280 322
pottedplant 0.0032 17 238 83 328
pottedplant 0.0031 66 287 89 316
pottedplant 0.0025 60 275 96 327
pottedplant 0.0010 34 287 102 356
pottedplant 0.0010 54 291 80 316
pottedplant 0.0010 35 259 60 404
diningtable 0.0247 320 325 395 412
diningtable 0.0177 -19 235 379 438
diningtable 0.0066 -31 162 84 320
diningtable 0.0046 -29 210 84 280
diningtable 0.0036 324 304 385 484
diningtable 0.0020 -14 120 69 396
diningtable 0.0013 -8 92 31 298
diningtable 0.0012 -8 193 28 256
diningtable 0.0012 -8 116 27 220
