person 0.9993 207 13 583 363
person 0.9906 -81 95 357 351
person 0.0443 447 84 507 389
person 0.0357 -4 3 273 382
person 0.0156 465 -41 502 475
person 0.0109 -13 109 82 439
person 0.0077 475 46 502 389
person 0.0018 -3 215 494 456
person 0.0016 357 28 523 506
person 0.0015 323 153 550 371
person 0.0012 490 105 501 278
cat 0.0013 448 104 507 403
dog 0.0054 448 104 507 403
dog 0.0023 122 143 597 364
dog 0.0012 105 133 291 487
bottle 0.1033 32 342 150 390
bottle 0.0081 206 339 266 390
bottle 0.0060 38 331 105 394
bottle 0.0037 181 130 224 294
bottle 0.0025 47 326 83 389
bottle 0.0023 75 354 108 380
bottle 0.0013 354 233 406 351
chair 0.2573 146 121 590 352
chair 0.1890 141 138 375 363
chair 0.0864 173 -47 347 510
chair 0.0843 -29 178 374 353
chair 0.0689 235 51 502 401
chair 0.0273 -13 109 82 439
chair 0.0244 195 69 331 405
chair 0.0183 -7 248 54 412
chair 0.0025 17 233 76 390
chair 0.0020 14 300 159 404
chair 0.0019 19 67 320 393
chair 0.0013 46 185 307 469
chair 0.0013 471 128 504 418
chair 0.0011 -30 280 90 414
chair 0.0010 41 266 94 404
sofa 0.6134 146 121 590 352
sofa 0.3588 235 51 502 401
sofa 0.1367 -29 178 374 353
sofa 0.0589 141 138 375 363
sofa 0.0438 19 67 320 393
sofa 0.0099 -3 215 494 456
sofa 0.0082 -13 109 82 439
sofa 0.0076 173 -47 347 510
sofa 0.0044 446 126 509 417
sofa 0.0019 475 158 504 426
sofa 0.0016 187 237 532 440
sofa 0.0016 351 200 520 465
pottedplant 0.0076 261 41 290 151
pottedplant 0.0011 -60 80 331 319
diningtable 0.0042 -3 215 494 456
