person 0.0391 255 127 327 202
person 0.0362 480 159 504 245
person 0.0205 468 114 507 320
person 0.0065 404 331 513 394
person 0.0041 279 117 347 191
person 0.0029 290 120 318 190
person 0.0020 494 162 499 243
person 0.0018 488 153 502 288
person 0.0017 172 136 188 173
person 0.0015 293 146 311 185
person 0.0014 79 130 103 160
person 0.0013 237 106 357 217
person 0.0011 373 144 408 200
person 0.0011 384 140 471 205
person 0.0010 122 135 136 156
person 0.0010 167 125 193 198
bicycle 0.0010 32 165 409 318
car 0.0051 460 133 509 341
car 0.0018 35 106 184 254
car 0.0016 480 159 504 245
car 0.0015 51 117 113 171
car 0.0015 325 136 413 190
car 0.0010 146 122 362 276
motorbike 0.9980 26 175 414 341
motorbike 0.8962 82 53 356 476
motorbike 0.0030 165 84 339 305
motorbike 0.0023 301 87 460 339
motorbike 0.0010 260 127 443 269
bird 0.0011 404 331 513 394
dog 0.0066 146 122 362 276
dog 0.0057 174 172 305 299
dog 0.0053 201 178 266 280
dog 0.0052 32 165 409 318
dog 0.0041 105 17 326 448
dog 0.0039 210 196 256 264
horse 0.0013 32 165 409 318
pottedplant 0.0031 346 97 487 224
