person 0.9972 173 -20 462 497
person 0.9945 -73 97 280 460
person 0.0128 -3 60 14 146
person 0.0052 0 76 5 132
person 0.0048 391 284 497 520
person 0.0028 -1 18 55 184
person 0.0018 -5 148 31 306
person 0.0018 -20 39 105 308
person 0.0016 8 57 36 132
person 0.0013 19 56 46 131
person 0.0011 -1 70 7 101
person 0.0010 -16 140 62 219
train 0.0010 58 -11 447 494
bottle 0.0044 130 -16 450 446
bottle 0.0016 465 289 493 511
chair 0.0601 355 402 528 516
chair 0.0067 377 426 516 474
chair 0.0040 375 446 500 494
chair 0.0032 381 293 503 534
chair 0.0012 337 470 536 489
chair 0.0012 458 443 493 493
