person 0.0095 -5 117 25 352
person 0.0029 0 154 4 192
person 0.0027 -4 -6 34 438
person 0.0018 -3 66 20 480
person 0.0015 0 145 4 179
person 0.0013 8 166 20 201
person 0.0011 185 70 192 84
person 0.0010 -14 55 62 376
car 0.0374 25 171 42 187
car 0.0069 167 190 191 211
car 0.0053 0 154 4 192
car 0.0033 0 145 4 179
car 0.0029 50 206 75 221
car 0.0027 419 275 517 345
car 0.0012 28 336 46 359
car 0.0010 474 50 501 65
aeroplane 0.0045 -48 -41 530 114
bus 0.0010 0 145 4 179
train 0.0345 -48 -41 530 114
train 0.0163 -5 105 25 330
train 0.0060 -8 64 37 215
train 0.0050 0 145 4 179
train 0.0033 -4 -6 34 438
train 0.0026 0 154 4 192
train 0.0023 -4 164 13 278
train 0.0019 -3 118 9 211
train 0.0018 248 20 542 93
train 0.0016 -14 21 65 295
train 0.0013 267 -65 537 127
train 0.0011 2 150 25 233
