person 0.6746 52 92 376 281
person 0.5659 10 34 317 465
person 0.0095 66 166 336 421
person 0.0076 2 343 336 499
person 0.0051 156 56 375 465
person 0.0018 86 360 267 482
person 0.0016 -77 231 361 414
person 0.0015 -5 265 265 541
person 0.0010 115 90 243 365
bird 0.0043 126 155 232 304
cat 0.0143 115 90 243 365
cat 0.0014 -64 231 396 410
chair 0.5062 10 34 317 465
chair 0.2180 13 38 410 283
chair 0.0147 -39 21 129 278
chair 0.0132 -45 202 382 401
chair 0.0081 253 -39 362 85
chair 0.0056 -21 72 106 366
chair 0.0048 57 -55 340 112
sofa 0.8569 11 -6 329 315
sofa 0.1857 -84 22 415 221
sofa 0.0976 -42 25 164 271
sofa 0.0204 -57 95 404 283
sofa 0.0040 77 34 311 473
sofa 0.0025 -12 129 95 306
sofa 0.0016 14 196 317 448
sofa 0.0014 -34 116 143 395
pottedplant 0.0053 57 -55 340 112
diningtable 0.0043 -64 231 396 410
diningtable 0.0024 18 136 311 443
