person 0.9995 -61 49 321 355
person 0.9994 108 73 471 306
person 0.0033 -5 195 19 266
person 0.0023 -6 164 28 342
person 0.0021 92 305 166 406
person 0.0013 0 170 8 210
train 0.0011 19 37 313 365
bottle 0.1627 483 178 504 303
bottle 0.1332 460 227 494 308
bottle 0.1202 478 142 502 335
bottle 0.0155 92 305 166 406
bottle 0.0143 451 183 489 329
bottle 0.0096 16 168 31 212
bottle 0.0053 124 343 229 392
bottle 0.0052 0 170 8 210
bottle 0.0050 6 172 21 208
bottle 0.0046 468 288 506 352
bottle 0.0042 0 161 5 208
bottle 0.0027 449 210 503 371
bottle 0.0023 19 37 313 365
bottle 0.0018 488 152 502 271
bottle 0.0015 452 277 515 363
bottle 0.0015 473 198 500 301
bottle 0.0014 495 191 500 249
chair 0.1915 -12 248 59 413
chair 0.0030 -6 164 28 342
chair 0.0021 -5 222 34 407
chair 0.0021 -23 339 72 391
chair 0.0017 -1 217 7 435
chair 0.0012 86 287 424 412
chair 0.0011 -5 195 19 266
sofa 0.0023 -12 248 59 413
pottedplant 0.0107 478 142 502 335
diningtable 0.0487 125 248 389 443
diningtable 0.0299 -43 239 466 449
diningtable 0.0109 -5 138 24 409
diningtable 0.0051 310 225 521 462
diningtable 0.0019 -2 238 17 336
diningtable 0.0014 -9 149 59 434
diningtable 0.0012 -3 237 28 296
diningtable 0.0011 -6 198 32 267
diningtable 0.0010 0 218 12 377
tvmonitor 0.0022 86 287 424 412
tvmonitor 0.0011 -5 195 19 266
