person 0.9994 -14 107 288 367
person 0.0020 487 145 500 165
boat 0.0474 122 109 442 183
boat 0.0298 276 156 294 161
boat 0.0263 206 149 229 162
boat 0.0175 207 156 229 162
boat 0.0086 168 142 361 168
boat 0.0073 273 153 296 162
boat 0.0058 471 147 506 166
boat 0.0050 487 145 500 165
boat 0.0048 316 157 345 162
boat 0.0036 432 157 443 163
boat 0.0029 189 136 263 171
boat 0.0029 438 157 456 163
boat 0.0023 489 153 499 167
boat 0.0018 469 108 508 182
boat 0.0017 -10 86 285 311
boat 0.0011 484 102 502 186
boat 0.0011 203 130 234 172
bird 0.0012 487 145 500 165
