person 0.9922 16 65 302 501
person 0.0652 -56 153 383 421
person 0.0440 -26 6 276 201
person 0.0065 43 -118 218 238
person 0.0026 -43 56 373 285
person 0.0017 292 317 342 550
bicycle 0.0044 -18 280 144 597
bicycle 0.0018 43 -118 218 238
motorbike 0.0207 20 119 308 531
motorbike 0.0012 -110 316 432 489
aeroplane 0.0010 20 119 308 531
boat 0.0052 20 119 308 531
bird 0.0015 9 236 231 389
horse 0.0025 20 119 308 531
cow 0.0018 20 119 308 531
chair 0.0749 20 119 308 531
chair 0.0119 -64 130 392 380
chair 0.0105 -87 255 420 471
chair 0.0085 -25 294 194 595
chair 0.0038 25 -39 302 392
chair 0.0038 -47 9 301 241
chair 0.0014 20 -54 137 268
sofa 0.0508 20 119 308 531
sofa 0.0050 -64 130 392 380
sofa 0.0015 -87 255 420 471
sofa 0.0010 181 153 364 426
