person 0.4621 381 171 398 212
person 0.4077 376 166 403 218
person 0.3056 154 144 220 217
person 0.1676 354 163 380 223
person 0.1126 359 171 375 211
person 0.0983 399 174 417 211
person 0.0765 257 164 294 218
person 0.0754 93 152 127 211
person 0.0730 220 149 254 219
person 0.0718 32 63 483 319
person 0.0707 392 167 423 216
person 0.0698 164 154 206 209
person 0.0552 488 174 500 212
person 0.0394 100 159 120 187
person 0.0323 407 175 422 209
person 0.0318 491 181 499 217
person 0.0296 390 175 408 212
person 0.0258 202 151 233 217
person 0.0241 227 157 246 193
person 0.0230 263 177 283 209
person 0.0211 146 164 166 195
person 0.0194 469 180 481 220
person 0.0194 246 153 304 230
person 0.0184 464 162 487 226
person 0.0183 368 160 430 226
person 0.0157 493 174 499 193
person 0.0139 478 166 504 219
person 0.0118 92 159 108 187
person 0.0097 347 156 412 230
person 0.0097 353 188 369 213
person 0.0091 168 167 190 193
person 0.0085 474 177 500 208
person 0.0085 188 173 202 195
person 0.0083 373 173 390 213
person 0.0080 178 170 194 191
person 0.0079 78 151 90 173
person 0.0076 201 137 268 232
person 0.0073 111 165 127 204
person 0.0073 298 151 325 216
person 0.0067 173 164 199 185
person 0.0061 113 161 126 184
person 0.0058 93 153 103 175
person 0.0056 209 164 225 199
person 0.0054 373 189 388 210
person 0.0053 87 159 100 186
person 0.0052 302 170 319 210
person 0.0052 257 186 276 213
person 0.0052 86 150 97 176
person 0.0049 167 149 244 229
person 0.0045 272 174 291 210
person 0.0044 283 182 297 216
person 0.0043 179 163 212 217
person 0.0042 475 174 497 193
person 0.0042 188 153 224 215
person 0.0040 329 193 356 213
person 0.0038 105 156 119 175
person 0.0037 158 169 180 194
person 0.0033 226 181 244 216
person 0.0030 216 166 233 197
person 0.0029 481 168 491 179
person 0.0028 142 149 171 201
person 0.0028 78 142 137 208
person 0.0022 74 158 92 187
person 0.0022 477 187 495 211
person 0.0021 390 170 404 198
person 0.0020 357 169 371 199
person 0.0019 266 167 284 200
person 0.0018 131 128 268 232
person 0.0018 491 165 498 181
person 0.0018 453 185 475 216
person 0.0014 403 153 425 217
person 0.0014 84 168 102 198
person 0.0014 98 173 125 204
person 0.0014 85 150 117 202
person 0.0013 67 159 79 188
person 0.0013 241 151 269 216
person 0.0013 266 160 284 187
person 0.0013 235 160 251 203
person 0.0013 250 151 279 217
person 0.0013 289 157 319 225
person 0.0012 306 148 335 219
person 0.0012 384 151 413 218
person 0.0012 61 169 95 229
person 0.0012 344 189 359 213
person 0.0011 112 148 126 173
person 0.0011 134 158 148 189
person 0.0010 362 160 376 188
person 0.0010 243 188 264 212
bicycle 0.0076 491 181 499 217
bicycle 0.0062 469 180 481 220
bicycle 0.0013 477 187 495 211
car 0.5919 468 168 507 215
car 0.4118 70 148 144 218
car 0.3977 457 159 514 224
car 0.2029 60 158 97 228
car 0.1256 474 177 500 208
car 0.0692 93 152 127 211
car 0.0638 488 174 500 212
car 0.0431 453 185 475 216
car 0.0277 108 172 128 206
car 0.0259 85 175 115 203
car 0.0135 450 176 481 223
car 0.0132 53 117 109 230
car 0.0101 475 174 497 193
car 0.0064 68 180 90 220
car 0.0060 493 174 499 193
car 0.0050 491 181 499 217
car 0.0043 100 164 120 201
car 0.0040 84 168 102 198
car 0.0039 40 122 159 237
car 0.0039 470 173 482 213
car 0.0035 65 137 99 208
car 0.0026 68 168 95 196
car 0.0024 85 150 117 202
car 0.0023 79 155 107 209
car 0.0023 92 159 108 187
car 0.0022 -34 144 124 242
car 0.0016 464 162 487 226
car 0.0015 481 168 491 179
car 0.0014 438 171 495 229
car 0.0013 469 173 479 194
car 0.0012 477 187 495 211
car 0.0011 48 127 114 166
car 0.0011 111 152 144 216
car 0.0011 491 165 498 181
car 0.0011 93 158 162 219
car 0.0010 74 158 92 187
motorbike 0.0018 491 181 499 217
motorbike 0.0010 61 169 95 229
bus 0.9999 -14 99 606 299
bus 0.9994 114 68 474 326
bus 0.1132 53 117 109 230
bus 0.0383 48 127 114 166
bus 0.0206 468 160 505 212
bus 0.0085 52 45 149 237
bus 0.0069 62 128 101 198
bus 0.0024 481 147 503 222
bus 0.0021 -30 104 126 258
bus 0.0017 23 -17 174 309
bus 0.0016 62 137 101 156
bus 0.0013 74 95 136 221
bus 0.0013 464 102 506 253
bus 0.0011 493 174 499 193
bus 0.0011 437 155 519 229
bus 0.0011 491 165 498 181
bus 0.0011 45 120 131 187
bus 0.0010 475 174 497 193
pottedplant 0.0010 48 127 114 166
