person 0.0077 124 218 275 538
person 0.0032 93 286 302 471
chair 0.9748 118 98 278 653
chair 0.9644 93 286 302 471
chair 0.6708 141 224 276 534
chair 0.0530 150 193 246 369
chair 0.0210 119 234 265 400
chair 0.0170 -12 329 44 529
chair 0.0024 153 259 230 347
chair 0.0021 146 248 214 392
chair 0.0020 150 264 248 303
chair 0.0014 285 408 344 529
sofa 0.0170 118 98 278 653
sofa 0.0152 93 286 302 471
sofa 0.0076 141 224 276 534
sofa 0.0040 -12 329 44 529
diningtable 0.0031 123 234 277 540
diningtable 0.0013 -12 329 44 529
tvmonitor 0.0420 0 87 79 177
tvmonitor 0.0024 -30 105 102 263
tvmonitor 0.0010 -7 122 48 241
