person 0.7970 40 83 340 493
person 0.0126 -26 191 416 456
person 0.0012 -43 138 173 437
bottle 0.0281 342 -1 354 47
bottle 0.0161 349 0 362 45
bottle 0.0110 358 2 372 46
bottle 0.0081 342 -6 368 51
bottle 0.0039 353 -6 376 53
bottle 0.0019 367 0 376 47
bottle 0.0013 331 -45 377 139
bottle 0.0010 338 45 357 78
chair 0.4595 9 134 422 439
chair 0.3955 209 302 394 600
chair 0.1772 -45 141 175 348
chair 0.0587 180 310 420 484
chair 0.0225 66 190 359 516
chair 0.0064 -23 -23 156 448
chair 0.0061 33 296 411 603
chair 0.0050 275 118 334 221
chair 0.0049 289 223 384 489
chair 0.0017 241 97 352 238
chair 0.0015 -20 70 265 510
sofa 0.8148 8 59 314 461
sofa 0.1567 -45 141 175 348
sofa 0.1214 -54 142 435 373
sofa 0.0937 41 192 349 516
sofa 0.0087 131 74 374 494
sofa 0.0081 209 302 394 600
sofa 0.0057 -23 -23 156 448
sofa 0.0029 175 255 421 485
sofa 0.0020 -26 70 406 284
sofa 0.0012 -4 284 386 615
sofa 0.0010 289 223 384 489
