person 0.0054 1 77 110 242
bird 0.0010 284 -8 393 287
cat 0.0064 -5 54 131 276
cat 0.0051 21 85 106 237
cat 0.0017 -6 -94 144 181
dog 0.9802 13 83 111 240
dog 0.1506 -2 2 128 320
dog 0.0022 -6 -94 144 181
horse 0.0991 283 2 397 332
horse 0.0698 366 45 432 324
horse 0.0157 398 3 510 330
horse 0.0024 14 82 110 250
sheep 0.9925 364 50 432 296
sheep 0.9868 398 -17 509 333
sheep 0.9735 283 -17 397 333
sheep 0.0661 354 61 530 259
sheep 0.0314 406 15 503 190
sheep 0.0186 436 79 499 175
sheep 0.0130 361 -117 513 437
sheep 0.0126 248 49 420 264
sheep 0.0056 317 35 444 308
sheep 0.0045 270 15 398 179
sheep 0.0019 -6 -94 144 181
sheep 0.0019 -5 54 131 276
sheep 0.0018 374 -59 538 128
sheep 0.0017 444 98 488 149
sheep 0.0010 258 -122 410 446
cow 0.0187 283 2 397 332
cow 0.0113 366 45 432 324
cow 0.0015 14 82 110 250
diningtable 0.0030 378 -33 532 74
diningtable 0.0015 369 -12 543 38
