person 0.4378 -7 59 34 295
person 0.0307 -11 40 75 360
person 0.0061 -3 90 18 179
person 0.0049 -39 102 129 324
person 0.0040 84 131 403 274
person 0.0039 -2 86 8 279
person 0.0033 -5 97 27 156
person 0.0013 -3 -10 20 256
person 0.0012 -4 94 28 212
person 0.0010 0 108 4 178
bicycle 0.0046 -18 24 106 379
car 0.3518 -39 102 129 324
car 0.0189 -15 46 85 378
car 0.0012 -29 -47 127 483
motorbike 0.0049 -18 24 106 379
bus 0.0053 -22 36 109 386
train 0.0020 -22 36 109 386
boat 0.0073 -18 24 106 379
bird 0.0040 223 138 243 155
bird 0.0014 87 142 399 277
bird 0.0013 400 138 419 154
bird 0.0010 377 129 465 166
dog 0.0207 130 -2 361 421
dog 0.0091 84 131 403 274
dog 0.0010 383 134 467 166
horse 0.0343 47 68 82 126
horse 0.0085 130 -2 361 421
horse 0.0033 87 142 399 277
horse 0.0019 41 57 101 137
sheep 0.0465 130 -2 361 421
sheep 0.0409 87 142 399 277
sheep 0.0015 47 68 82 126
cow 0.9370 126 -3 365 410
cow 0.9125 84 131 403 274
cow 0.1021 47 68 82 126
cow 0.0063 41 57 101 137
cow 0.0059 -18 24 106 379
cow 0.0022 383 134 467 166
cow 0.0018 52 73 75 116
chair 0.0185 -18 24 106 379
diningtable 0.0047 -18 24 106 379
tvmonitor 0.0210 -39 102 129 324
tvmonitor 0.0013 -11 40 75 360
