person 0.9870 51 20 380 480
person 0.1162 -23 -98 165 286
person 0.0384 120 182 426 480
person 0.0372 56 1 151 198
person 0.0144 -97 116 487 314
person 0.0035 -79 249 292 490
person 0.0019 11 -126 272 300
person 0.0018 162 -23 238 56
person 0.0017 -77 181 461 392
person 0.0013 -67 15 359 161
bottle 0.0150 75 -4 153 203
chair 0.3429 -79 249 292 490
chair 0.1097 17 134 363 514
chair 0.0877 -14 24 140 397
chair 0.0143 155 170 427 490
chair 0.0045 -36 418 87 532
chair 0.0015 215 127 370 236
chair 0.0015 -8 121 121 312
sofa 0.7883 23 73 363 495
sofa 0.3421 -70 144 287 451
sofa 0.1397 -14 24 140 397
sofa 0.0451 155 170 427 490
sofa 0.0255 -86 155 473 347
sofa 0.0094 -88 239 377 495
sofa 0.0014 215 127 370 236
sofa 0.0011 -8 121 121 312
diningtable 0.0051 155 170 427 490
diningtable 0.0027 -79 249 292 490
