person 0.0303 124 484 139 503
person 0.0174 173 472 185 504
person 0.0128 160 470 170 500
person 0.0111 194 464 207 502
person 0.0106 120 488 135 502
person 0.0093 166 485 182 502
person 0.0089 122 472 133 500
person 0.0085 124 473 142 499
person 0.0073 88 468 100 499
person 0.0053 168 471 179 504
person 0.0045 156 486 175 501
person 0.0043 290 488 304 500
person 0.0040 -34 277 398 605
person 0.0029 35 494 80 501
person 0.0027 -3 457 9 489
person 0.0026 84 466 96 500
person 0.0023 100 459 113 494
person 0.0016 97 467 109 499
person 0.0015 -6 436 19 495
person 0.0013 189 459 218 505
person 0.0012 14 495 62 500
person 0.0011 -111 334 473 487
person 0.0011 69 456 85 479
person 0.0011 208 360 400 574
person 0.0010 133 473 150 493
person 0.0010 291 477 304 500
car 0.0068 -43 406 132 530
car 0.0066 46 438 130 495
car 0.0056 -14 484 110 506
car 0.0039 319 385 337 397
car 0.0034 325 382 344 398
car 0.0033 218 447 243 468
car 0.0028 124 473 142 499
car 0.0022 35 494 80 501
car 0.0018 14 389 28 401
car 0.0015 17 389 37 402
car 0.0014 310 386 324 395
car 0.0014 -28 269 325 608
car 0.0011 150 448 234 517
car 0.0011 14 495 62 500
car 0.0010 -33 455 109 520
aeroplane 0.9376 153 319 436 494
aeroplane 0.6374 203 152 393 652
aeroplane 0.4608 -28 269 325 608
aeroplane 0.2329 -109 343 411 484
aeroplane 0.0163 -65 406 181 532
aeroplane 0.0109 100 253 283 382
aeroplane 0.0076 111 415 280 526
aeroplane 0.0055 67 370 213 530
aeroplane 0.0039 83 208 288 528
aeroplane 0.0038 151 421 396 527
aeroplane 0.0036 107 455 438 515
aeroplane 0.0029 59 280 467 467
aeroplane 0.0024 208 360 400 574
aeroplane 0.0023 162 217 375 528
aeroplane 0.0013 -44 386 416 556
aeroplane 0.0013 104 381 171 517
aeroplane 0.0013 114 302 250 345
aeroplane 0.0011 244 352 422 476
aeroplane 0.0011 -38 384 100 522
bus 0.0027 32 364 101 433
bus 0.0026 41 376 80 422
bus 0.0017 53 391 156 428
train 0.0066 -36 264 268 608
boat 0.0062 100 253 283 382
boat 0.0041 203 152 393 652
boat 0.0038 153 319 436 494
boat 0.0021 -109 343 411 484
