person 0.9971 400 18 514 244
person 0.9826 334 13 442 248
person 0.9117 178 17 300 247
person 0.8957 260 42 344 252
person 0.8548 107 28 219 234
person 0.7132 -8 -85 139 352
person 0.5430 -10 12 111 252
person 0.4123 96 -58 233 322
person 0.3315 164 -65 319 332
person 0.1340 254 -40 392 371
person 0.0559 326 -80 461 334
person 0.0469 328 142 358 206
person 0.0390 222 103 425 282
person 0.0270 -38 72 174 260
person 0.0256 393 -73 533 337
person 0.0235 398 79 417 114
person 0.0231 151 105 340 290
person 0.0199 332 150 351 184
person 0.0160 393 27 439 236
person 0.0135 392 74 424 124
person 0.0075 67 110 276 286
person 0.0070 314 134 348 195
person 0.0065 319 143 340 171
person 0.0058 400 44 459 179
person 0.0043 323 146 342 181
person 0.0036 297 97 500 287
person 0.0036 177 37 474 206
person 0.0034 339 156 357 192
person 0.0028 481 -46 502 312
person 0.0028 493 73 501 335
person 0.0026 308 114 340 179
person 0.0023 311 86 362 255
person 0.0020 81 157 97 189
person 0.0020 -5 -30 27 177
person 0.0018 41 49 381 211
person 0.0017 73 151 92 179
person 0.0016 180 35 262 191
person 0.0015 149 41 209 189
person 0.0013 302 126 364 203
person 0.0011 368 33 423 230
person 0.0011 496 141 500 208
person 0.0011 4 157 22 176
person 0.0011 296 88 329 148
person 0.0010 418 34 484 160
person 0.0010 153 31 425 365
car 0.0012 -6 149 32 217
motorbike 0.0018 109 38 243 311
horse 0.9993 341 44 458 337
horse 0.9991 183 25 304 365
horse 0.9988 109 45 243 361
horse 0.9965 417 45 511 378
horse 0.9957 -32 105 175 291
horse 0.9919 265 42 379 340
horse 0.9553 -10 -88 153 497
horse 0.9026 -10 52 139 363
horse 0.8581 151 105 340 290
horse 0.8164 324 -60 477 449
horse 0.6455 170 -83 328 481
horse 0.6056 249 -85 403 463
horse 0.3962 222 103 425 282
horse 0.3531 67 110 276 286
horse 0.0730 297 97 500 287
horse 0.0108 328 109 376 272
horse 0.0090 328 142 358 206
horse 0.0050 -8 96 71 360
horse 0.0047 480 66 505 355
horse 0.0044 278 109 326 269
horse 0.0030 339 156 357 192
horse 0.0030 493 73 501 335
horse 0.0029 423 51 475 285
horse 0.0024 289 77 342 262
horse 0.0023 333 151 352 194
horse 0.0023 413 77 451 305
horse 0.0022 346 151 374 218
horse 0.0020 312 56 393 357
horse 0.0018 -1 90 24 368
horse 0.0016 153 31 425 365
horse 0.0015 0 149 51 337
horse 0.0015 393 54 469 325
horse 0.0015 311 86 362 255
horse 0.0011 349 94 394 283
cow 0.0010 414 52 514 389
