person 0.9865 204 54 305 385
person 0.9810 131 23 223 397
person 0.9742 202 89 244 214
person 0.9497 417 138 471 252
person 0.9216 100 43 161 229
person 0.9128 58 13 154 401
person 0.8095 262 109 306 216
person 0.7376 387 138 439 247
person 0.6705 331 124 430 303
person 0.2882 313 154 337 183
person 0.2049 372 121 490 269
person 0.1438 8 75 56 227
person 0.1192 382 152 421 206
person 0.0903 437 175 502 364
person 0.0774 345 135 381 184
person 0.0740 308 147 342 194
person 0.0726 354 146 378 174
person 0.0587 27 65 79 286
person 0.0475 260 108 379 331
person 0.0330 151 95 190 149
person 0.0243 259 87 305 295
person 0.0242 3 94 201 312
person 0.0225 252 38 402 396
person 0.0212 -4 49 59 305
person 0.0203 141 83 200 162
person 0.0183 333 129 390 192
person 0.0155 270 115 405 238
person 0.0137 159 110 174 137
person 0.0128 473 149 503 357
person 0.0123 410 173 528 335
person 0.0117 441 198 478 277
person 0.0110 185 58 254 373
person 0.0109 229 106 264 166
person 0.0106 326 139 386 291
person 0.0102 82 79 164 340
person 0.0097 459 263 497 330
person 0.0091 493 131 501 345
person 0.0085 262 122 293 196
person 0.0076 294 138 369 221
person 0.0074 53 65 133 161
person 0.0073 140 83 192 233
person 0.0067 275 119 305 189
person 0.0065 398 179 435 236
person 0.0065 -6 55 29 254
person 0.0064 426 249 510 345
person 0.0060 352 136 373 171
person 0.0057 48 71 85 248
person 0.0057 48 117 80 206
person 0.0056 -2 84 14 179
person 0.0054 120 140 384 315
person 0.0052 430 185 484 322
person 0.0048 -7 91 29 173
person 0.0047 268 122 322 265
person 0.0043 479 42 501 389
person 0.0037 390 168 409 193
person 0.0034 0 95 4 168
person 0.0031 342 145 382 215
person 0.0030 62 62 116 212
person 0.0029 283 136 297 164
person 0.0027 283 138 348 288
person 0.0026 330 162 353 179
person 0.0025 33 73 475 256
person 0.0024 143 94 176 169
person 0.0024 333 141 403 219
person 0.0023 196 94 239 338
person 0.0022 125 90 165 299
person 0.0022 37 109 46 135
person 0.0022 56 136 73 162
person 0.0021 77 79 120 143
person 0.0021 39 47 166 199
person 0.0021 265 122 301 168
person 0.0019 400 170 412 190
person 0.0018 194 223 311 351
person 0.0018 497 195 500 280
person 0.0017 237 97 361 253
person 0.0017 -12 67 104 218
person 0.0017 490 204 502 347
person 0.0016 50 51 126 304
person 0.0015 145 37 438 381
person 0.0014 -2 2 351 268
person 0.0014 428 175 465 240
person 0.0012 94 147 157 289
person 0.0012 272 126 295 160
person 0.0012 268 144 283 179
person 0.0012 319 139 339 167
person 0.0011 397 161 416 185
person 0.0010 211 94 267 214
person 0.0010 148 126 165 156
bicycle 0.0060 251 39 395 433
bicycle 0.0012 267 120 392 346
car 0.0047 260 108 379 331
car 0.0041 185 58 254 373
car 0.0040 252 38 402 396
car 0.0037 198 178 231 242
car 0.0035 198 152 235 204
car 0.0021 196 94 239 338
car 0.0016 197 43 296 394
car 0.0013 307 105 454 298
motorbike 0.9895 257 120 381 348
motorbike 0.9406 251 39 395 433
motorbike 0.0066 270 115 405 238
motorbike 0.0037 328 156 383 304
motorbike 0.0036 275 158 345 240
motorbike 0.0029 275 163 309 240
motorbike 0.0026 322 110 451 307
motorbike 0.0018 145 37 438 381
motorbike 0.0017 313 124 397 339
motorbike 0.0016 268 122 322 265
motorbike 0.0013 295 152 367 228
motorbike 0.0011 161 154 488 309
motorbike 0.0010 283 138 348 288
motorbike 0.0010 310 210 369 324
bird 0.0017 459 263 497 330
dog 0.0036 322 110 451 307
dog 0.0029 451 253 514 339
dog 0.0022 464 262 502 330
dog 0.0014 -17 220 53 319
dog 0.0010 349 131 427 288
horse 0.0026 267 120 392 346
horse 0.0017 322 110 451 307
bottle 0.3921 411 221 425 271
bottle 0.3330 419 216 439 275
bottle 0.3108 426 229 442 269
bottle 0.1583 422 219 435 256
bottle 0.1424 405 225 418 269
bottle 0.1293 437 229 453 267
bottle 0.0472 431 221 457 270
bottle 0.0437 427 224 442 252
bottle 0.0418 406 225 415 254
bottle 0.0260 422 221 433 242
bottle 0.0244 419 241 432 268
bottle 0.0150 139 185 162 273
bottle 0.0136 414 241 426 267
bottle 0.0125 143 197 158 225
bottle 0.0119 412 223 425 240
bottle 0.0091 435 225 453 250
bottle 0.0062 441 198 478 277
bottle 0.0041 392 210 463 281
bottle 0.0040 429 223 446 240
bottle 0.0018 459 263 497 330
bottle 0.0017 407 192 455 314
bottle 0.0017 422 225 446 284
bottle 0.0016 391 225 409 247
bottle 0.0012 448 285 465 306
bottle 0.0011 144 210 159 249
bottle 0.0011 334 185 524 323
bottle 0.0010 448 273 467 299
chair 0.0047 322 110 451 307
chair 0.0046 334 137 500 424
chair 0.0042 267 120 392 346
chair 0.0026 441 198 478 277
chair 0.0018 425 176 490 364
chair 0.0018 416 209 440 230
chair 0.0015 328 156 383 304
chair 0.0013 251 39 395 433
chair 0.0012 473 170 505 372
chair 0.0010 398 179 435 236
chair 0.0010 349 131 427 288
pottedplant 0.8465 374 -62 519 209
pottedplant 0.0051 476 -32 503 193
pottedplant 0.0030 327 29 554 229
pottedplant 0.0027 355 -120 526 361
pottedplant 0.0021 482 4 503 88
pottedplant 0.0017 385 295 408 318
pottedplant 0.0010 488 -8 501 138
diningtable 0.2802 334 137 500 424
diningtable 0.0369 311 197 522 344
diningtable 0.0024 347 187 518 287
diningtable 0.0016 374 176 490 371
tvmonitor 0.0051 486 62 503 163
