person 0.9877 340 99 458 403
person 0.2881 463 104 507 284
person 0.1000 327 -13 484 521
person 0.0740 462 38 506 430
person 0.0320 478 145 505 401
person 0.0075 303 156 503 344
person 0.0052 438 106 514 400
person 0.0023 487 114 502 252
person 0.0018 489 169 502 311
person 0.0012 487 205 502 372
person 0.0011 482 109 503 197
bicycle 0.0017 350 105 476 242
bicycle 0.0016 370 95 420 226
bird 0.0015 384 161 393 182
cat 0.0070 463 104 507 284
cat 0.0011 227 220 381 336
dog 0.0182 463 104 507 284
bottle 0.0080 386 182 398 194
bottle 0.0062 422 176 438 204
bottle 0.0061 222 150 235 179
bottle 0.0034 382 164 396 200
bottle 0.0026 408 169 422 196
bottle 0.0024 297 118 335 183
bottle 0.0023 475 212 507 372
bottle 0.0022 407 174 417 193
bottle 0.0019 492 243 500 277
bottle 0.0018 429 178 440 203
bottle 0.0015 487 205 502 372
bottle 0.0013 351 223 390 297
bottle 0.0012 302 243 346 311
bottle 0.0011 227 220 381 336
chair 0.9909 213 95 343 331
chair 0.8072 314 75 394 320
chair 0.5470 247 119 278 143
chair 0.1565 183 14 348 415
chair 0.1211 218 76 260 320
chair 0.0713 203 103 271 180
chair 0.0528 370 95 420 226
chair 0.0430 233 112 291 153
chair 0.0422 268 75 296 154
chair 0.0397 380 115 416 170
chair 0.0395 -52 176 201 366
chair 0.0369 322 86 380 230
chair 0.0323 345 86 403 274
chair 0.0314 240 109 308 193
chair 0.0254 -14 -8 173 541
chair 0.0253 264 118 299 187
chair 0.0242 345 115 371 130
chair 0.0211 203 84 246 313
chair 0.0195 182 100 335 215
chair 0.0183 358 113 384 133
chair 0.0177 194 120 317 167
chair 0.0141 215 112 239 190
chair 0.0139 220 121 254 145
chair 0.0136 309 101 393 170
chair 0.0128 388 125 409 159
chair 0.0111 217 122 233 163
chair 0.0109 291 10 429 364
chair 0.0105 295 87 415 195
chair 0.0094 463 104 507 284
chair 0.0091 309 124 359 310
chair 0.0079 233 77 279 316
chair 0.0062 280 108 309 178
chair 0.0055 253 98 304 255
chair 0.0047 286 132 297 173
chair 0.0045 378 124 417 202
chair 0.0044 350 105 476 242
chair 0.0040 216 115 256 158
chair 0.0040 234 96 286 218
chair 0.0039 122 129 398 224
chair 0.0033 227 115 243 287
chair 0.0032 245 112 280 177
chair 0.0031 326 107 355 177
chair 0.0030 277 73 308 142
chair 0.0030 383 112 439 234
chair 0.0029 261 53 309 185
chair 0.0028 441 238 506 347
chair 0.0026 330 102 412 146
chair 0.0022 292 96 340 213
chair 0.0022 263 123 279 143
chair 0.0022 387 121 410 147
chair 0.0020 478 145 505 401
chair 0.0019 482 109 503 197
chair 0.0019 301 91 450 260
chair 0.0019 275 137 293 168
chair 0.0019 270 110 326 247
chair 0.0018 283 128 304 193
chair 0.0018 392 138 426 205
chair 0.0018 387 243 491 366
chair 0.0017 201 129 326 195
chair 0.0017 256 101 330 183
chair 0.0016 311 110 392 142
chair 0.0015 299 117 336 184
chair 0.0015 219 140 237 280
chair 0.0014 492 243 500 277
chair 0.0014 332 104 366 202
chair 0.0013 351 107 427 177
chair 0.0012 343 103 375 166
chair 0.0012 468 114 507 193
chair 0.0012 219 133 247 193
chair 0.0012 327 -13 484 521
chair 0.0011 352 105 388 162
chair 0.0011 230 131 261 194
chair 0.0011 224 148 239 180
chair 0.0011 138 121 450 275
chair 0.0011 487 205 502 372
chair 0.0010 359 120 381 143
chair 0.0010 489 169 502 311
chair 0.0010 483 152 504 249
chair 0.0010 491 127 500 159
chair 0.0010 274 122 288 143
chair 0.0010 303 170 376 231
sofa 0.9589 -52 176 201 366
sofa 0.4626 -19 -7 168 545
sofa 0.0049 467 79 505 352
sofa 0.0043 478 145 505 401
sofa 0.0037 -23 129 121 416
sofa 0.0018 36 117 172 395
sofa 0.0018 441 238 506 347
sofa 0.0013 438 106 514 400
pottedplant 0.3100 265 29 359 203
pottedplant 0.0785 355 98 422 152
pottedplant 0.0746 463 85 508 277
pottedplant 0.0502 367 110 393 137
pottedplant 0.0348 375 110 402 139
pottedplant 0.0339 385 110 409 140
pottedplant 0.0329 380 106 416 162
pottedplant 0.0227 362 105 398 144
pottedplant 0.0170 468 114 507 193
pottedplant 0.0137 387 121 410 147
pottedplant 0.0125 261 53 309 185
pottedplant 0.0081 482 109 503 197
pottedplant 0.0080 358 113 384 133
pottedplant 0.0067 370 95 420 226
pottedplant 0.0043 478 145 505 401
pottedplant 0.0031 274 77 321 194
pottedplant 0.0029 368 123 392 142
pottedplant 0.0028 291 87 337 196
pottedplant 0.0028 274 73 310 154
pottedplant 0.0023 493 130 500 176
pottedplant 0.0020 379 122 396 142
pottedplant 0.0020 487 96 501 248
pottedplant 0.0018 246 -37 394 271
pottedplant 0.0013 422 176 438 204
pottedplant 0.0012 441 238 506 347
pottedplant 0.0012 434 142 516 399
pottedplant 0.0010 496 149 500 195
diningtable 0.9112 203 10 370 421
diningtable 0.4597 227 98 361 332
diningtable 0.0486 75 140 487 218
diningtable 0.0367 232 123 399 231
diningtable 0.0334 194 120 317 167
diningtable 0.0329 203 84 246 313
diningtable 0.0273 218 76 260 320
diningtable 0.0160 302 65 382 326
diningtable 0.0147 255 151 369 195
diningtable 0.0138 160 153 308 192
diningtable 0.0116 182 100 335 215
diningtable 0.0092 288 127 350 309
diningtable 0.0076 201 129 326 195
diningtable 0.0070 133 140 447 292
diningtable 0.0069 -20 53 161 531
diningtable 0.0066 250 168 377 212
diningtable 0.0021 419 210 514 246
diningtable 0.0017 221 160 235 179
diningtable 0.0017 356 48 513 475
diningtable 0.0016 184 163 344 199
diningtable 0.0014 441 238 506 347
diningtable 0.0014 240 109 308 193
diningtable 0.0012 340 113 420 171
diningtable 0.0012 277 130 348 196
diningtable 0.0011 198 167 236 179
diningtable 0.0010 247 119 278 143
diningtable 0.0010 220 114 291 152
diningtable 0.0010 -56 198 203 372
diningtable 0.0010 296 82 454 235
tvmonitor 0.0157 408 -4 529 168
tvmonitor 0.0072 375 80 534 193
tvmonitor 0.0019 367 -99 527 322
tvmonitor 0.0013 487 205 502 372
tvmonitor 0.0012 439 -16 508 146
