person 0.8539 132 204 145 241
person 0.0708 126 197 150 246
person 0.0657 129 203 139 238
person 0.0484 59 219 70 246
person 0.0348 131 204 140 224
person 0.0329 63 218 73 246
person 0.0147 140 211 149 236
person 0.0122 319 202 329 226
person 0.0110 158 217 176 239
person 0.0108 286 198 300 217
person 0.0096 229 206 241 215
person 0.0077 1 216 7 249
person 0.0066 297 200 306 220
person 0.0047 342 213 376 265
person 0.0037 56 228 69 244
person 0.0035 1 230 9 248
person 0.0030 268 212 277 228
person 0.0025 240 207 248 216
person 0.0022 220 207 234 217
person 0.0017 64 229 73 244
person 0.0017 373 194 388 214
person 0.0016 154 218 170 238
person 0.0014 324 204 333 222
person 0.0012 295 211 305 226
person 0.0012 291 212 300 226
person 0.0010 93 136 483 307
bicycle 0.1775 134 215 146 239
bicycle 0.0193 158 217 176 239
bicycle 0.0081 318 210 330 224
bicycle 0.0024 129 203 139 238
bicycle 0.0024 139 217 150 237
bicycle 0.0016 297 200 306 220
bicycle 0.0013 295 211 305 226
bicycle 0.0013 126 197 150 246
bicycle 0.0011 128 218 137 237
car 0.9850 183 190 286 251
car 0.9289 332 192 393 231
car 0.6009 338 197 384 223
car 0.0839 285 198 301 211
car 0.0522 373 194 388 214
car 0.0256 359 197 378 211
car 0.0235 377 197 394 213
car 0.0234 367 158 446 238
car 0.0075 353 199 371 210
car 0.0060 292 198 307 211
car 0.0047 480 197 491 209
car 0.0034 344 203 361 221
car 0.0031 412 201 429 217
car 0.0031 1 230 9 248
car 0.0029 417 201 436 216
car 0.0023 -6 202 32 215
car 0.0023 132 204 145 241
car 0.0020 1 216 7 249
car 0.0019 154 178 317 263
car 0.0018 248 208 262 232
car 0.0017 297 200 306 220
car 0.0016 495 193 500 212
car 0.0016 496 199 500 219
car 0.0013 314 157 475 242
car 0.0013 457 201 470 217
car 0.0012 428 194 442 213
car 0.0012 205 218 227 238
car 0.0011 172 200 182 210
car 0.0011 220 207 234 217
motorbike 0.0150 134 215 146 239
motorbike 0.0010 126 197 150 246
bus 0.0065 367 158 446 238
dog 0.0063 134 215 146 239
dog 0.0028 158 217 176 239
horse 0.0161 134 215 146 239
horse 0.0015 126 197 150 246
