person 0.9942 12 18 418 321
person 0.0168 37 16 126 264
person 0.0124 -9 7 101 268
person 0.0105 398 -38 511 162
person 0.0083 136 -33 272 113
person 0.0059 -62 241 414 377
person 0.0042 257 71 559 270
person 0.0028 250 41 343 233
person 0.0028 378 48 526 201
person 0.0027 369 -108 511 233
person 0.0024 57 -98 211 268
person 0.0018 289 63 348 209
person 0.0018 -2 31 54 175
person 0.0017 58 267 346 354
person 0.0016 292 -8 529 342
person 0.0014 69 -25 179 183
person 0.0012 33 33 108 123
person 0.0011 4 -59 170 327
person 0.0011 308 98 509 449
cat 0.0016 378 48 526 201
chair 0.0053 257 71 559 270
chair 0.0048 -62 241 414 377
chair 0.0012 303 40 513 460
sofa 0.0735 -62 241 414 377
sofa 0.0161 257 71 559 270
sofa 0.0078 292 -8 529 342
sofa 0.0031 -24 161 433 420
sofa 0.0010 261 148 551 326
pottedplant 0.0073 -19 29 386 230
pottedplant 0.0062 37 -7 326 356
pottedplant 0.0022 57 -98 211 268
pottedplant 0.0017 4 -59 170 327
pottedplant 0.0015 69 -25 179 183
pottedplant 0.0013 261 148 551 326
pottedplant 0.0013 -38 48 231 283
pottedplant 0.0011 78 266 438 358
diningtable 0.0136 249 112 571 209
diningtable 0.0106 292 -8 529 342
diningtable 0.0024 257 71 559 270
diningtable 0.0017 -62 241 414 377
diningtable 0.0011 261 148 551 326
tvmonitor 0.0138 312 48 447 191
tvmonitor 0.0028 299 -1 521 267
tvmonitor 0.0022 90 -5 396 354
tvmonitor 0.0013 -62 241 414 377
