person 0.5465 388 290 408 312
person 0.1925 398 290 417 311
person 0.1127 379 290 401 312
person 0.0710 418 291 435 308
person 0.0557 408 290 426 310
person 0.0192 281 215 483 414
person 0.0050 21 275 42 306
person 0.0039 373 295 392 313
person 0.0028 -1 284 6 310
person 0.0023 350 279 446 318
person 0.0022 16 266 51 314
person 0.0012 8 259 76 323
person 0.0011 427 291 443 306
bicycle 0.0011 7 266 76 324
car 0.9994 286 214 505 418
car 0.3991 459 250 493 267
car 0.0257 243 265 549 380
car 0.0108 447 244 517 275
car 0.0056 -1 284 6 310
car 0.0047 493 248 500 273
car 0.0040 11 248 41 312
car 0.0021 493 257 501 277
car 0.0011 417 246 532 291
car 0.0011 8 259 76 323
pottedplant 0.1533 7 266 76 324
pottedplant 0.0144 18 270 50 320
pottedplant 0.0129 21 275 42 306
pottedplant 0.0110 40 282 64 310
pottedplant 0.0063 -41 253 144 367
pottedplant 0.0052 -6 104 26 368
pottedplant 0.0034 16 235 64 355
pottedplant 0.0033 -1 284 6 310
pottedplant 0.0024 26 281 59 311
pottedplant 0.0014 12 259 40 313
pottedplant 0.0010 30 275 51 304
