person 0.9997 77 70 512 330
person 0.0010 488 17 499 42
car 0.0017 488 26 499 45
bus 0.0043 153 48 445 377
train 0.0020 153 48 445 377
cat 0.0011 240 147 302 221
bottle 0.0014 163 151 242 255
bottle 0.0013 181 69 323 254
chair 0.0905 272 98 327 229
chair 0.0366 284 62 341 132
chair 0.0350 268 43 393 171
chair 0.0065 162 24 327 342
chair 0.0038 276 124 297 203
chair 0.0030 211 102 340 252
chair 0.0015 260 172 323 225
chair 0.0015 109 102 516 328
chair 0.0014 -58 128 355 370
chair 0.0012 263 34 334 242
chair 0.0011 276 99 306 211
chair 0.0011 235 149 331 235
pottedplant 0.0039 168 140 212 253
pottedplant 0.0014 144 127 257 268
pottedplant 0.0012 474 13 504 84
pottedplant 0.0011 109 102 516 328
diningtable 0.0011 268 53 395 176
