person 0.9937 91 -60 202 225
person 0.0233 176 -46 258 178
person 0.0182 62 -133 222 290
person 0.0035 95 -35 126 119
person 0.0033 157 -25 196 184
person 0.0013 159 33 193 123
person 0.0012 492 115 500 154
person 0.0011 488 91 502 196
person 0.0010 177 108 233 210
car 0.0022 207 -14 340 32
car 0.0019 -20 -83 140 178
car 0.0013 243 45 568 340
aeroplane 0.0051 91 2 623 151
aeroplane 0.0039 169 -80 399 173
aeroplane 0.0012 173 -20 391 103
aeroplane 0.0010 162 -12 498 239
bus 0.0010 152 -118 418 242
boat 0.0127 -20 -83 140 178
boat 0.0100 52 52 445 385
boat 0.0094 152 -118 418 242
boat 0.0034 -60 17 183 135
boat 0.0020 26 -3 476 157
boat 0.0014 62 -133 222 290
boat 0.0012 173 -20 391 103
bird 0.0015 34 135 100 246
cat 0.0028 34 135 100 246
cat 0.0012 14 120 118 262
dog 0.0010 34 135 100 246
bottle 0.0235 112 120 176 273
bottle 0.0122 177 108 233 210
bottle 0.0039 143 156 221 392
bottle 0.0030 155 185 221 311
bottle 0.0011 34 135 100 246
chair 0.6176 239 114 578 354
chair 0.0070 423 56 515 380
chair 0.0046 -10 112 63 433
chair 0.0041 -4 106 23 442
chair 0.0039 -5 42 32 114
chair 0.0026 207 151 273 313
chair 0.0020 175 51 473 384
chair 0.0020 -23 -84 139 203
chair 0.0019 143 156 221 392
chair 0.0017 307 57 502 472
chair 0.0015 -44 21 150 132
sofa 0.0017 239 114 578 354
pottedplant 0.0011 -30 23 161 276
diningtable 0.0255 -46 137 314 326
diningtable 0.0085 108 20 466 370
diningtable 0.0032 -20 7 156 351
diningtable 0.0017 19 13 245 428
diningtable 0.0016 152 -118 418 242
diningtable 0.0012 -23 -84 139 203
diningtable 0.0011 -10 86 66 425
diningtable 0.0010 -60 17 183 135
tvmonitor 0.0014 169 -80 399 173
