person 0.9996 320 105 456 401
person 0.9915 309 -13 472 525
person 0.4128 276 169 509 338
person 0.0100 305 211 334 231
person 0.0033 265 188 297 254
person 0.0022 301 158 311 187
person 0.0019 303 201 337 257
person 0.0019 266 199 282 240
person 0.0016 249 181 277 244
person 0.0010 253 203 273 236
bicycle 0.1874 307 217 486 371
bicycle 0.0255 334 209 391 352
bicycle 0.0063 309 -13 472 525
bicycle 0.0030 382 258 468 341
bicycle 0.0012 299 157 463 430
car 0.0038 305 211 334 231
car 0.0016 258 171 383 297
motorbike 0.0034 311 169 483 424
dog 0.0011 311 169 483 424
