person 0.0300 202 165 234 219
person 0.0270 227 164 259 224
person 0.0262 209 184 226 214
person 0.0256 178 175 210 247
person 0.0153 186 186 205 214
person 0.0109 227 175 244 215
person 0.0102 215 184 234 215
person 0.0079 233 173 251 216
person 0.0065 192 156 258 230
person 0.0037 138 155 215 234
person 0.0034 181 183 199 217
person 0.0033 209 167 227 204
person 0.0030 296 164 313 187
person 0.0030 303 173 315 187
person 0.0029 173 165 203 222
person 0.0028 151 165 185 223
person 0.0022 199 186 214 213
person 0.0020 109 229 118 252
person 0.0020 160 215 177 228
person 0.0019 178 202 197 240
person 0.0018 213 152 276 235
person 0.0018 191 165 224 218
person 0.0017 285 160 297 189
person 0.0013 257 206 275 238
person 0.0011 238 156 266 227
person 0.0010 156 186 177 214
person 0.0010 287 168 299 192
aeroplane 0.0017 -20 45 533 283
aeroplane 0.0011 85 81 92 86
boat 0.9788 -17 114 525 282
boat 0.7349 87 23 420 300
boat 0.0302 28 72 481 384
boat 0.0012 0 184 7 198
boat 0.0010 57 186 84 192
boat 0.0010 77 186 102 191
bird 0.1358 85 81 92 86
bird 0.0067 471 157 482 166
bird 0.0037 452 172 460 179
bird 0.0035 367 50 374 59
bird 0.0031 440 172 451 179
bird 0.0026 109 229 118 252
bird 0.0016 82 82 88 86
bird 0.0014 435 172 444 178
bird 0.0014 411 164 426 170
bird 0.0012 141 137 159 154
bird 0.0011 421 164 430 170
diningtable 0.0015 87 23 420 300
