person 0.0154 13 48 321 346
person 0.0021 120 35 598 313
person 0.0012 -117 143 406 335
car 0.0036 26 -8 461 177
car 0.0010 46 13 453 336
cat 0.9944 -101 68 362 295
cat 0.3890 3 32 285 363
cat 0.0448 119 113 596 326
dog 0.9583 119 113 596 326
dog 0.0055 216 56 500 348
dog 0.0028 -75 80 294 309
chair 0.0211 26 -8 461 177
chair 0.0179 19 21 325 336
chair 0.0067 120 35 598 313
chair 0.0041 340 17 545 260
chair 0.0041 236 -7 478 350
chair 0.0015 200 -136 454 270
chair 0.0011 -117 143 406 335
sofa 0.1237 120 35 598 313
sofa 0.1035 19 21 325 336
sofa 0.0478 26 -8 461 177
sofa 0.0391 236 -7 478 350
sofa 0.0162 -117 143 406 335
sofa 0.0144 340 17 545 260
sofa 0.0051 -98 36 359 241
sofa 0.0031 -25 123 357 453
