person 0.9988 -63 103 363 327
person 0.9956 208 131 503 345
person 0.1172 472 197 504 426
person 0.0532 430 157 510 425
person 0.0262 481 63 503 487
person 0.0068 466 27 505 482
person 0.0032 402 246 533 421
person 0.0026 487 240 501 394
person 0.0023 -3 15 289 368
person 0.0019 441 256 512 406
person 0.0011 493 168 500 428
bicycle 0.0012 372 140 539 280
bottle 0.0221 402 330 492 396
bottle 0.0152 -9 335 33 389
bottle 0.0029 -10 -87 73 442
bottle 0.0018 472 197 504 426
chair 0.1401 394 137 517 406
chair 0.0333 364 43 518 500
chair 0.0255 -40 168 365 361
chair 0.0176 372 140 539 280
chair 0.0127 471 241 505 417
chair 0.0120 236 147 483 454
chair 0.0084 -34 239 103 431
chair 0.0080 161 159 519 348
chair 0.0039 418 179 459 402
chair 0.0037 210 284 284 336
chair 0.0029 481 63 503 487
chair 0.0027 269 257 322 369
chair 0.0025 12 119 159 274
chair 0.0022 442 188 508 398
chair 0.0019 8 173 553 445
chair 0.0013 -12 257 63 412
chair 0.0013 180 296 291 364
chair 0.0013 335 169 547 362
chair 0.0012 251 279 276 353
chair 0.0012 482 281 503 391
chair 0.0011 402 246 533 421
sofa 0.0079 393 112 518 405
sofa 0.0028 161 159 519 348
sofa 0.0016 472 197 504 426
sofa 0.0010 431 180 510 437
pottedplant 0.0071 -12 -75 72 467
diningtable 0.5445 -7 239 507 434
diningtable 0.0174 33 240 244 452
diningtable 0.0124 241 261 475 436
diningtable 0.0099 168 290 384 411
diningtable 0.0047 -34 239 103 431
diningtable 0.0023 174 282 294 391
diningtable 0.0014 471 241 505 417
diningtable 0.0012 55 225 448 367
diningtable 0.0011 -20 189 294 429
