person 0.9993 83 42 352 516
person 0.7428 -15 78 110 280
person 0.7415 232 12 401 333
person 0.6687 54 93 114 230
person 0.3771 94 -54 190 231
person 0.3480 230 32 291 172
person 0.2100 61 20 245 321
person 0.1521 312 259 381 529
person 0.1469 97 306 450 493
person 0.1369 4 111 446 410
person 0.0944 28 73 140 251
person 0.0704 -19 -5 132 350
person 0.0511 -41 175 161 420
person 0.0254 138 3 255 135
person 0.0198 84 -29 192 429
person 0.0190 34 70 265 436
person 0.0154 182 114 416 464
person 0.0151 56 91 91 168
person 0.0094 162 26 242 99
person 0.0093 87 95 141 230
person 0.0074 52 62 103 193
person 0.0063 133 -11 185 144
person 0.0062 73 31 126 182
person 0.0054 44 98 75 181
person 0.0054 109 -26 171 129
person 0.0047 260 -49 405 104
person 0.0046 150 12 205 161
person 0.0046 237 43 283 135
person 0.0045 273 -23 360 68
person 0.0044 204 15 308 186
person 0.0042 284 189 391 564
person 0.0042 144 269 398 615
person 0.0040 146 0 239 251
person 0.0039 72 -99 238 231
person 0.0038 -4 89 50 207
person 0.0035 147 18 180 87
person 0.0030 268 -106 387 468
person 0.0029 128 -2 158 66
person 0.0028 158 39 191 105
person 0.0028 222 -21 282 112
person 0.0027 170 -9 225 109
person 0.0025 76 57 117 123
person 0.0023 165 49 183 76
person 0.0016 136 13 172 73
person 0.0015 22 13 333 185
person 0.0014 172 51 191 75
person 0.0013 173 34 212 89
person 0.0013 76 7 166 281
person 0.0012 49 141 70 170
person 0.0012 180 50 206 76
person 0.0011 65 110 106 205
person 0.0011 152 109 208 254
person 0.0011 82 126 183 360
person 0.0010 100 -5 150 142
person 0.0010 182 43 221 97
bottle 0.0054 109 167 122 194
bottle 0.0047 181 164 245 286
bottle 0.0029 157 149 269 302
bottle 0.0010 102 165 113 204
chair 0.9470 -40 214 158 452
chair 0.0703 52 110 344 532
chair 0.0621 -17 42 139 593
chair 0.0479 77 134 175 385
chair 0.0062 284 124 386 398
chair 0.0054 182 114 416 464
chair 0.0049 15 247 432 485
chair 0.0040 314 98 377 497
chair 0.0037 19 191 268 457
chair 0.0028 -36 322 241 590
chair 0.0016 105 457 482 518
chair 0.0015 331 239 378 433
chair 0.0013 78 165 156 226
chair 0.0011 285 237 390 556
chair 0.0010 146 309 432 489
sofa 0.0864 -42 224 166 480
sofa 0.0820 52 110 344 532
sofa 0.0248 97 306 450 493
sofa 0.0125 -39 292 414 609
sofa 0.0072 -93 366 469 501
sofa 0.0024 -15 243 407 485
sofa 0.0022 194 156 396 653
sofa 0.0020 -26 312 185 598
sofa 0.0017 285 237 390 556
sofa 0.0016 -17 42 139 593
sofa 0.0013 168 196 419 457
diningtable 0.0011 -23 13 139 399
