person 0.0192 416 247 512 415
person 0.0090 466 287 505 407
person 0.0043 488 285 502 372
person 0.0026 310 251 322 289
person 0.0025 383 195 518 479
person 0.0025 363 277 420 400
person 0.0015 487 314 503 398
person 0.0013 350 277 471 416
cat 0.0013 165 237 328 431
cat 0.0010 307 244 334 296
dog 0.0021 370 289 424 403
bottle 0.0978 77 205 91 232
bottle 0.0395 488 285 502 372
bottle 0.0253 247 257 264 283
bottle 0.0207 493 304 501 351
bottle 0.0172 35 168 132 249
bottle 0.0164 312 253 327 291
bottle 0.0121 39 200 66 228
bottle 0.0106 440 299 470 348
bottle 0.0099 62 205 76 225
bottle 0.0096 53 204 71 225
bottle 0.0072 237 260 253 282
bottle 0.0054 495 301 500 336
bottle 0.0040 58 211 81 229
bottle 0.0040 487 314 503 398
bottle 0.0031 256 258 273 280
bottle 0.0031 490 328 500 362
bottle 0.0028 85 182 117 240
bottle 0.0020 242 244 270 293
bottle 0.0020 359 344 381 371
bottle 0.0019 27 189 82 240
bottle 0.0019 81 202 94 227
bottle 0.0019 491 346 501 385
bottle 0.0016 449 361 469 382
bottle 0.0016 307 244 334 296
bottle 0.0012 468 256 502 412
bottle 0.0010 40 200 53 229
chair 0.9970 190 187 326 480
chair 0.8731 198 250 317 414
chair 0.5246 416 247 512 415
chair 0.3830 370 289 424 403
chair 0.1917 421 268 525 346
chair 0.1651 350 277 471 416
chair 0.0421 439 257 506 374
chair 0.0152 383 195 518 479
chair 0.0110 310 272 374 404
chair 0.0094 406 293 452 399
chair 0.0065 468 256 502 412
chair 0.0062 390 317 424 392
chair 0.0057 408 328 448 386
chair 0.0057 421 286 481 405
chair 0.0055 357 277 402 389
chair 0.0053 491 346 501 385
chair 0.0041 434 337 518 391
chair 0.0039 449 359 469 380
chair 0.0035 495 301 500 336
chair 0.0035 487 314 503 398
chair 0.0030 376 311 461 401
chair 0.0025 497 279 500 339
chair 0.0025 491 254 501 383
chair 0.0024 35 168 132 249
chair 0.0019 143 283 252 413
chair 0.0016 291 232 413 394
chair 0.0015 493 304 501 351
chair 0.0015 307 260 399 321
chair 0.0014 448 287 515 350
chair 0.0014 496 256 500 302
chair 0.0010 295 260 344 409
chair 0.0010 490 328 500 362
sofa 0.0454 416 247 512 415
sofa 0.0092 421 268 525 346
sofa 0.0012 383 195 518 479
sofa 0.0010 191 248 302 415
pottedplant 0.0027 23 165 145 255
diningtable 0.4714 399 268 531 423
diningtable 0.0310 434 258 507 406
diningtable 0.0177 434 337 518 391
diningtable 0.0100 196 198 353 470
diningtable 0.0088 421 268 525 346
diningtable 0.0082 421 286 481 405
diningtable 0.0079 383 195 518 479
diningtable 0.0047 466 287 505 407
diningtable 0.0027 485 329 504 399
diningtable 0.0014 491 346 501 385
tvmonitor 0.8894 250 205 337 300
tvmonitor 0.0041 314 286 368 403
tvmonitor 0.0033 250 243 271 260
tvmonitor 0.0031 492 141 501 340
tvmonitor 0.0025 307 260 399 321
tvmonitor 0.0023 483 32 502 398
tvmonitor 0.0010 491 100 503 227
