person 0.0107 252 221 300 339
person 0.0067 264 250 283 277
person 0.0056 255 259 293 324
person 0.0026 255 238 289 288
person 0.0026 273 249 289 276
person 0.0017 261 266 279 298
bird 0.9350 133 150 287 510
bird 0.6543 153 244 278 419
bird 0.5885 46 62 282 497
bird 0.0184 -37 108 360 408
bird 0.0165 118 230 247 371
bird 0.0087 182 204 330 355
bird 0.0085 207 244 240 299
bird 0.0042 255 259 293 324
bird 0.0040 236 251 309 335
bird 0.0029 310 270 331 297
bird 0.0025 157 248 234 340
bird 0.0021 264 250 283 277
bird 0.0017 187 262 224 323
bird 0.0013 193 235 256 309
bird 0.0012 317 268 339 297
bird 0.0011 237 229 307 285
bird 0.0010 135 255 198 351
bird 0.0010 145 268 185 339
pottedplant 0.0154 46 62 282 497
