person 0.0089 54 240 67 252
person 0.0025 271 268 308 311
person 0.0016 263 259 322 319
person 0.0013 46 242 62 252
bicycle 0.7913 239 199 303 288
bicycle 0.2714 251 214 293 272
bicycle 0.0109 289 221 318 277
bicycle 0.0039 291 223 309 263
bicycle 0.0030 250 233 279 265
bicycle 0.0011 260 223 285 258
car 0.0015 493 241 500 256
car 0.0013 0 229 10 248
boat 0.0015 0 229 10 248
boat 0.0010 -1 218 12 246
bird 0.0041 275 270 296 302
bird 0.0038 271 268 308 311
bird 0.0030 263 259 322 319
bottle 0.0026 327 278 354 311
chair 0.0090 239 199 303 288
chair 0.0052 251 214 293 272
pottedplant 0.1204 77 246 148 327
pottedplant 0.0154 62 221 180 335
pottedplant 0.0089 138 269 171 291
pottedplant 0.0014 88 256 134 315
pottedplant 0.0013 -58 241 190 336
pottedplant 0.0011 125 274 152 300
pottedplant 0.0011 118 249 157 308
pottedplant 0.0011 81 240 176 300
pottedplant 0.0010 114 257 184 315
