person 0.1473 87 187 124 261
person 0.0126 52 168 182 273
person 0.0038 97 195 113 220
person 0.0032 77 193 96 219
person 0.0023 -35 138 436 411
person 0.0021 75 179 137 270
person 0.0020 0 261 5 284
person 0.0015 3 255 15 275
person 0.0014 103 192 122 220
person 0.0014 115 189 194 266
person 0.0010 202 200 216 230
car 0.0027 3 255 15 275
car 0.0012 51 111 354 436
aeroplane 0.0010 229 61 237 68
bus 0.9993 57 96 368 423
bus 0.0377 -52 120 482 312
train 0.0014 62 102 364 443
bird 0.0123 22 20 30 28
