person 0.9846 175 108 279 334
person 0.9420 305 168 550 370
person 0.6032 290 143 313 176
person 0.2190 168 19 326 423
person 0.1754 -22 77 153 385
person 0.1370 341 -14 515 540
person 0.0079 288 149 305 171
person 0.0072 0 130 6 176
person 0.0067 9 139 22 169
person 0.0042 159 172 501 369
person 0.0038 -63 161 363 487
person 0.0038 284 142 321 201
person 0.0034 12 136 31 173
person 0.0028 -17 216 53 301
person 0.0028 32 137 49 171
person 0.0027 0 141 4 184
person 0.0024 6 130 37 180
person 0.0021 -2 112 13 193
person 0.0021 471 154 504 430
person 0.0013 16 156 31 171
person 0.0012 72 142 90 161
person 0.0011 494 142 499 185
person 0.0011 8 151 23 172
person 0.0010 0 121 64 188
person 0.0010 491 163 499 199
person 0.0010 275 127 328 186
car 0.0010 55 137 130 168
train 0.0018 -51 25 192 270
train 0.0013 9 19 416 354
dog 0.0014 -63 161 363 487
dog 0.0010 344 91 517 510
chair 0.8451 180 175 564 369
chair 0.7027 -54 143 375 492
chair 0.5425 137 120 235 319
chair 0.4749 68 120 182 307
chair 0.4490 -22 77 153 385
chair 0.3066 42 41 208 395
chair 0.2454 135 139 186 318
chair 0.2150 138 50 287 403
chair 0.1572 -100 249 419 373
chair 0.0971 332 16 499 505
chair 0.0596 -20 162 69 223
chair 0.0523 246 138 322 223
chair 0.0508 467 173 506 370
chair 0.0445 272 124 434 306
chair 0.0334 241 109 358 444
chair 0.0307 -6 113 174 256
chair 0.0227 -33 146 99 329
chair 0.0221 -21 212 65 307
chair 0.0182 263 150 303 211
chair 0.0167 45 145 459 381
chair 0.0152 247 12 412 518
chair 0.0151 194 25 373 418
chair 0.0134 176 121 276 334
chair 0.0102 -8 168 31 218
chair 0.0080 445 180 501 340
chair 0.0079 286 124 388 425
chair 0.0077 14 156 156 324
chair 0.0074 217 130 348 235
chair 0.0040 264 66 465 392
chair 0.0032 343 161 416 202
chair 0.0031 436 155 510 430
chair 0.0030 55 137 130 168
chair 0.0029 312 189 508 318
chair 0.0029 370 168 393 178
chair 0.0026 267 143 337 206
chair 0.0025 303 162 321 185
chair 0.0025 361 156 402 244
chair 0.0024 -105 154 443 301
chair 0.0023 -6 200 41 314
chair 0.0022 0 170 11 216
chair 0.0020 -6 119 30 315
chair 0.0019 5 191 58 207
chair 0.0019 -16 155 210 462
chair 0.0018 -29 136 86 248
chair 0.0018 -2 158 19 225
chair 0.0017 284 142 321 201
chair 0.0017 31 258 52 283
chair 0.0015 345 215 401 342
chair 0.0015 -9 178 64 409
chair 0.0013 34 137 104 245
chair 0.0013 -62 177 243 351
chair 0.0013 -10 117 57 233
chair 0.0013 71 146 111 161
chair 0.0012 358 171 403 190
chair 0.0011 288 149 305 171
chair 0.0011 305 145 369 284
chair 0.0011 469 250 506 418
chair 0.0011 249 161 280 221
chair 0.0010 290 143 313 176
chair 0.0010 271 158 297 191
chair 0.0010 308 163 433 184
sofa 0.0410 -22 77 153 385
sofa 0.0377 180 175 564 369
sofa 0.0304 168 19 326 423
sofa 0.0131 42 41 208 395
sofa 0.0120 467 173 506 370
sofa 0.0110 -54 143 375 492
sofa 0.0064 332 16 499 505
sofa 0.0061 45 145 459 381
sofa 0.0055 -100 249 419 373
sofa 0.0041 433 152 512 398
sofa 0.0027 445 180 501 340
sofa 0.0021 227 53 429 399
diningtable 0.0361 -67 161 384 487
diningtable 0.0075 -23 154 70 213
diningtable 0.0010 -22 77 153 385
tvmonitor 0.0040 -10 96 59 215
