person 0.9968 329 12 539 214
person 0.8623 355 -200 518 424
person 0.0140 228 -125 389 373
person 0.0019 384 -49 518 283
person 0.0011 -21 148 157 480
motorbike 0.0027 44 160 461 378
boat 0.0064 44 160 461 378
bird 0.0064 -21 148 157 480
bird 0.0013 -7 276 59 398
cat 0.7853 223 1 376 260
cat 0.2159 220 -147 375 397
cat 0.0376 173 36 410 207
cat 0.0021 -21 148 157 480
cat 0.0016 165 168 351 311
dog 0.9376 215 -144 375 409
dog 0.5415 173 36 410 207
dog 0.3830 221 -11 377 258
dog 0.0037 -21 148 157 480
chair 0.0018 -21 148 157 480
chair 0.0011 226 -41 369 256
sofa 0.0013 320 -14 548 188
sofa 0.0010 226 -41 369 256
diningtable 0.0919 44 160 461 378
