person 0.0097 242 -38 315 115
person 0.0066 216 -57 344 132
person 0.0048 319 -19 397 38
person 0.0044 295 -35 457 78
person 0.0033 293 -27 344 78
person 0.0023 168 -44 226 126
person 0.0022 323 -27 381 70
person 0.0015 194 -87 390 179
person 0.0013 244 -36 392 84
person 0.0011 328 -8 368 44
bicycle 0.0632 328 -28 492 375
bicycle 0.0026 354 60 464 249
bicycle 0.0025 282 87 533 262
bottle 0.0010 328 -8 368 44
chair 0.9909 11 45 386 227
chair 0.0792 129 93 313 446
chair 0.0406 328 -28 492 375
chair 0.0091 91 -107 309 363
chair 0.0047 41 296 200 351
chair 0.0033 440 67 509 361
chair 0.0014 323 -27 381 70
chair 0.0012 328 -8 368 44
chair 0.0010 265 -38 407 82
chair 0.0010 354 60 464 249
sofa 0.0018 -5 39 373 232
sofa 0.0018 440 67 509 361
pottedplant 0.0230 11 45 390 260
pottedplant 0.0081 -66 79 251 252
pottedplant 0.0074 126 43 521 216
pottedplant 0.0066 281 10 358 96
pottedplant 0.0030 295 -35 457 78
pottedplant 0.0027 194 -87 390 179
pottedplant 0.0024 -22 -55 193 388
pottedplant 0.0021 243 -41 389 121
pottedplant 0.0019 403 58 502 253
pottedplant 0.0013 328 -28 492 375
pottedplant 0.0013 315 -27 399 60
pottedplant 0.0011 183 16 330 186
pottedplant 0.0010 421 70 487 206
pottedplant 0.0010 188 -71 459 317
diningtable 0.0146 41 296 200 351
