person 0.9997 113 232 249 560
person 0.9832 90 302 286 488
person 0.5161 106 109 270 697
person 0.0105 174 233 262 522
person 0.0020 -2 329 6 350
person 0.0011 200 366 282 457
bicycle 0.9836 85 232 285 639
bicycle 0.1415 37 353 333 506
bicycle 0.0672 90 302 286 488
bicycle 0.0212 127 252 255 562
bicycle 0.0045 210 390 268 511
bicycle 0.0011 148 377 290 529
bicycle 0.0010 98 332 210 456
car 0.0027 198 366 285 462
car 0.0020 372 337 378 348
motorbike 0.0017 106 109 270 697
boat 0.0046 32 40 348 458
bottle 0.0220 172 377 187 414
bottle 0.0096 164 397 194 458
bottle 0.0059 168 380 182 413
bottle 0.0029 170 409 189 446
bottle 0.0022 111 350 192 432
bottle 0.0021 167 369 193 427
bottle 0.0012 159 365 190 451
pottedplant 0.0103 177 234 256 441
pottedplant 0.0014 -14 276 97 551
