person 0.0046 91 -129 316 286
person 0.0036 39 15 380 149
person 0.0028 21 14 423 302
car 0.0019 48 44 439 318
boat 0.0060 48 44 439 318
bird 0.0453 65 56 523 271
bird 0.0182 91 -129 316 286
bird 0.0087 39 15 380 149
bird 0.0028 -40 21 396 228
bird 0.0013 288 30 455 413
bird 0.0013 331 111 453 332
cat 0.0395 46 16 446 307
cat 0.0068 115 85 526 283
cat 0.0042 -95 73 380 244
dog 0.3925 46 16 446 307
dog 0.0143 115 85 526 283
dog 0.0025 -95 73 380 244
horse 0.0014 46 16 446 307
sheep 0.0641 48 44 439 318
cow 0.0013 115 85 526 283
bottle 0.0013 96 -132 276 292
chair 0.0141 48 44 439 318
sofa 0.0139 48 44 439 318
pottedplant 0.0014 48 44 439 318
diningtable 0.0182 48 44 439 318
