person 0.0112 45 3 446 220
person 0.0093 238 60 489 205
person 0.0022 274 -66 458 350
car 0.0010 19 23 408 233
motorbike 0.0275 19 23 408 233
boat 0.0015 19 23 408 233
bird 0.0030 19 23 408 233
cat 0.0018 45 3 446 220
dog 0.9399 29 14 348 217
dog 0.9032 -125 28 493 200
dog 0.0016 -8 -28 172 316
horse 0.0015 19 23 408 233
sheep 0.0014 45 3 446 220
cow 0.3348 20 1 402 226
chair 0.0065 238 60 489 205
chair 0.0028 45 3 446 220
chair 0.0020 311 -79 458 342
chair 0.0013 337 3 457 253
sofa 0.0111 45 3 446 220
sofa 0.0032 238 60 489 205
diningtable 0.0081 19 23 408 233
