person 0.9953 73 72 256 302
person 0.9757 103 3 229 364
person 0.0180 337 128 418 203
person 0.0098 265 123 337 206
person 0.0073 207 90 226 127
person 0.0059 0 78 10 111
person 0.0033 -7 56 31 118
person 0.0023 124 87 139 122
person 0.0023 -19 -7 113 365
person 0.0021 -61 101 189 319
person 0.0020 298 99 327 127
person 0.0019 125 126 575 333
person 0.0018 208 78 237 131
person 0.0018 303 126 378 205
person 0.0016 486 105 502 202
person 0.0015 -3 62 17 128
person 0.0014 125 83 138 110
person 0.0012 0 83 25 110
person 0.0011 216 83 233 126
person 0.0011 253 98 274 126
person 0.0010 480 32 502 321
car 0.9990 83 128 576 334
car 0.7328 -51 85 181 282
car 0.4956 -22 -78 157 467
car 0.0134 14 77 168 211
car 0.0074 70 103 153 147
car 0.0049 427 80 511 392
car 0.0044 -11 22 56 142
car 0.0041 -42 -2 140 169
car 0.0026 12 75 429 305
car 0.0023 218 117 407 154
car 0.0022 73 72 256 302
car 0.0022 23 50 154 344
car 0.0021 -18 -43 205 250
car 0.0020 488 84 501 106
car 0.0019 8 83 80 131
car 0.0019 40 97 64 119
car 0.0017 12 103 171 144
car 0.0015 28 97 59 118
car 0.0014 186 45 481 270
car 0.0013 -1 44 173 154
car 0.0012 -18 -5 107 323
bus 0.0102 -28 -32 216 194
bus 0.0081 -14 89 287 286
bus 0.0061 -48 52 178 269
bus 0.0031 24 28 224 138
bus 0.0018 39 -31 307 243
bus 0.0011 -8 22 42 141
train 0.0011 -28 -32 216 194
pottedplant 0.0102 -42 -2 140 169
pottedplant 0.0049 254 116 279 147
pottedplant 0.0034 207 99 225 125
pottedplant 0.0012 248 101 282 151
