person 0.9987 134 18 509 374
person 0.6797 -14 -21 95 455
person 0.6781 139 161 441 365
person 0.5945 -34 81 122 369
person 0.0046 -10 203 71 418
person 0.0033 199 -10 368 537
person 0.0031 -8 54 57 181
person 0.0019 -12 -13 70 257
person 0.0018 481 23 502 404
person 0.0011 235 92 582 355
person 0.0010 489 167 502 294
boat 0.0079 52 51 463 386
dog 0.0018 -10 203 71 418
bottle 0.0153 -8 54 57 181
bottle 0.0041 129 7 515 321
bottle 0.0018 -24 36 82 200
bottle 0.0016 403 217 451 361
bottle 0.0014 410 221 428 337
bottle 0.0011 473 22 504 340
chair 0.1368 -22 110 293 363
chair 0.1115 52 51 463 386
chair 0.0121 51 165 162 420
chair 0.0087 -38 134 138 368
chair 0.0050 418 25 485 326
chair 0.0049 -10 203 71 418
chair 0.0047 -13 -4 84 508
chair 0.0034 139 161 441 365
chair 0.0032 489 168 502 310
chair 0.0026 481 23 502 404
chair 0.0018 26 230 481 440
sofa 0.0161 110 42 481 385
sofa 0.0101 -13 -12 85 479
sofa 0.0017 -34 81 122 369
sofa 0.0011 -10 203 71 418
diningtable 0.8101 333 105 521 519
diningtable 0.0275 269 226 567 363
diningtable 0.0048 47 128 167 420
diningtable 0.0038 0 136 263 365
diningtable 0.0036 52 51 463 386
diningtable 0.0026 386 194 520 427
diningtable 0.0013 -38 134 138 368
diningtable 0.0010 281 296 551 407
tvmonitor 0.0027 52 51 463 386
tvmonitor 0.0010 476 25 503 367
