person 0.0111 34 11 465 377
person 0.0076 117 165 594 363
person 0.0013 202 66 498 385
dog 0.9465 172 52 479 393
dog 0.8267 73 110 577 345
dog 0.0123 23 214 482 391
dog 0.0051 -16 147 276 486
dog 0.0024 127 -50 348 336
dog 0.0021 235 160 562 360
dog 0.0019 34 18 410 371
sheep 0.0017 23 214 482 391
chair 0.0078 42 53 470 393
chair 0.0024 117 165 594 363
sofa 0.1318 42 53 470 393
sofa 0.0319 117 165 594 363
sofa 0.0032 -87 245 602 370
sofa 0.0027 -36 172 549 485
diningtable 0.0013 -42 229 138 436
tvmonitor 0.0020 -7 5 31 72
