person 0.1110 217 165 234 204
person 0.0711 212 157 238 212
person 0.0393 309 101 368 216
person 0.0344 248 90 308 224
person 0.0273 278 86 399 234
person 0.0201 272 95 326 221
person 0.0139 247 113 283 172
person 0.0121 215 73 345 242
person 0.0079 340 124 379 202
person 0.0059 263 106 306 181
person 0.0053 284 113 325 194
person 0.0049 240 167 254 200
person 0.0047 -59 64 511 267
person 0.0041 242 178 267 201
person 0.0039 237 105 295 180
person 0.0037 76 158 92 184
person 0.0036 304 144 342 201
person 0.0036 257 106 293 164
person 0.0034 54 15 393 312
person 0.0033 326 112 392 216
person 0.0029 237 157 270 208
person 0.0027 387 167 409 201
person 0.0025 183 126 212 198
person 0.0022 495 174 500 229
person 0.0022 394 168 419 196
person 0.0019 292 133 354 213
person 0.0017 267 117 286 149
person 0.0016 217 149 248 215
person 0.0016 254 126 276 160
person 0.0013 285 152 323 212
person 0.0013 409 139 440 208
person 0.0012 201 141 270 223
person 0.0011 322 114 359 172
person 0.0011 323 127 341 157
person 0.0010 389 160 424 202
person 0.0010 415 163 435 200
person 0.0010 350 135 372 170
person 0.0010 313 117 352 191
bus 0.9999 -39 70 510 280
bus 0.8890 365 45 460 317
bus 0.6116 54 15 393 312
bus 0.1489 332 -45 479 406
bus 0.0042 430 82 511 316
pottedplant 0.0021 425 28 511 331
