person 0.0433 58 155 446 383
person 0.0149 84 6 477 362
person 0.0103 7 0 347 320
person 0.0021 -74 178 266 362
person 0.0017 -72 188 576 355
cat 0.9786 19 -13 420 374
cat 0.0087 169 -9 480 313
cat 0.0081 -74 178 266 362
cat 0.0035 58 155 446 383
cat 0.0026 43 39 540 256
cat 0.0013 -62 128 403 329
cat 0.0012 -25 55 163 411
dog 0.0202 84 6 477 362
sheep 0.0010 7 0 347 320
chair 0.0182 -43 2 166 214
chair 0.0143 41 -8 453 326
chair 0.0044 -18 -167 144 372
sofa 0.1578 48 59 449 378
sofa 0.0288 -43 2 166 214
sofa 0.0209 7 0 347 320
sofa 0.0055 -18 -167 144 372
sofa 0.0015 82 214 592 368
sofa 0.0015 169 -9 480 313
sofa 0.0010 -95 6 365 197
pottedplant 0.0011 58 155 446 383
