bird 0.0122 21 50 51 105
bird 0.0081 15 42 68 149
bird 0.0025 34 60 43 78
cat 0.0171 15 42 68 149
cat 0.0011 -4 28 96 165
dog 0.0066 15 42 68 149
horse 0.0023 15 42 68 149
bottle 0.0012 44 91 61 133
chair 0.9523 -79 67 303 382
chair 0.2977 5 6 235 436
chair 0.0379 15 42 68 149
chair 0.0260 -62 67 282 240
chair 0.0157 84 49 121 92
chair 0.0066 -57 206 256 374
chair 0.0039 -4 28 96 165
chair 0.0015 7 26 157 145
chair 0.0012 -19 81 80 224
sofa 0.4506 -57 49 297 350
pottedplant 0.9914 195 15 594 368
pottedplant 0.9588 285 -24 494 404
pottedplant 0.1794 15 42 68 149
pottedplant 0.0231 224 33 448 346
pottedplant 0.0101 -4 28 96 165
pottedplant 0.0074 37 78 67 137
pottedplant 0.0040 303 86 558 357
pottedplant 0.0020 286 -45 426 130
pottedplant 0.0012 21 50 51 105
pottedplant 0.0011 427 -22 511 378
diningtable 0.0076 248 3 499 419
diningtable 0.0021 218 131 439 481
diningtable 0.0010 148 219 585 371
