person 0.9997 206 103 440 346
person 0.9859 341 151 536 359
person 0.9317 366 78 501 423
person 0.7889 335 91 446 341
person 0.4145 362 -50 517 564
person 0.1787 420 105 514 362
person 0.1007 380 114 441 240
person 0.0666 391 137 428 207
person 0.0597 365 123 425 261
person 0.0579 344 177 410 324
person 0.0424 426 118 505 194
person 0.0279 352 99 468 253
person 0.0212 406 138 446 187
person 0.0161 382 93 519 257
person 0.0150 375 199 390 218
person 0.0139 430 132 467 178
person 0.0123 226 81 366 236
person 0.0121 442 138 465 164
person 0.0119 428 153 451 175
person 0.0105 368 167 428 237
person 0.0097 468 139 507 204
person 0.0095 -61 13 282 359
person 0.0095 278 83 399 347
person 0.0092 402 132 471 194
person 0.0090 348 131 402 265
person 0.0070 413 150 440 178
person 0.0063 402 149 419 177
person 0.0062 468 115 505 318
person 0.0060 380 113 451 177
person 0.0056 379 176 420 228
person 0.0055 409 154 423 176
person 0.0049 414 160 437 183
person 0.0049 417 136 439 167
person 0.0043 455 131 492 180
person 0.0042 231 124 299 204
person 0.0040 491 143 499 181
person 0.0040 440 131 507 260
person 0.0038 352 176 389 222
person 0.0031 261 95 327 224
person 0.0030 418 114 489 242
person 0.0029 215 -29 366 334
person 0.0025 374 192 386 213
person 0.0024 419 141 457 184
person 0.0023 476 133 503 414
person 0.0022 483 127 503 236
person 0.0021 357 187 382 214
person 0.0020 335 148 389 286
person 0.0018 340 178 400 246
person 0.0017 413 161 424 182
person 0.0017 255 130 293 194
person 0.0015 495 133 500 212
person 0.0015 114 -27 215 339
person 0.0014 299 4 434 443
person 0.0014 461 60 510 485
person 0.0012 475 149 496 175
person 0.0012 421 203 481 340
person 0.0011 464 138 488 169
train 0.0016 194 97 449 306
bottle 0.0106 233 120 353 239
bottle 0.0027 260 124 326 232
bottle 0.0021 272 159 292 190
bottle 0.0016 266 151 299 199
bottle 0.0011 255 130 293 194
bottle 0.0010 357 198 366 208
chair 0.1221 340 184 404 262
chair 0.0431 347 193 377 252
chair 0.0341 351 202 367 241
chair 0.0287 330 172 387 300
chair 0.0157 375 199 390 218
chair 0.0075 354 202 368 219
chair 0.0074 352 176 389 222
chair 0.0072 344 177 410 324
chair 0.0065 151 13 327 498
chair 0.0057 357 202 379 219
chair 0.0055 385 122 520 425
chair 0.0053 357 -38 515 502
chair 0.0051 357 187 382 214
chair 0.0051 214 105 255 186
chair 0.0043 359 199 398 245
chair 0.0033 108 165 372 349
chair 0.0030 362 209 396 236
chair 0.0029 374 192 386 213
chair 0.0025 348 206 359 251
chair 0.0024 202 91 266 199
chair 0.0019 357 198 366 208
chair 0.0019 342 195 365 264
chair 0.0018 356 204 381 235
chair 0.0015 313 160 433 345
chair 0.0012 415 229 482 323
chair 0.0011 358 143 425 238
sofa 0.0040 340 184 404 262
sofa 0.0013 385 122 520 425
pottedplant 0.0015 212 112 254 189
diningtable 0.0033 155 24 335 438
diningtable 0.0032 159 134 362 256
diningtable 0.0022 196 135 456 362
diningtable 0.0013 124 182 281 471
tvmonitor 0.9940 10 -19 251 391
tvmonitor 0.9302 -74 19 332 304
tvmonitor 0.0338 224 55 290 215
tvmonitor 0.0125 214 105 255 186
tvmonitor 0.0108 -44 23 166 345
tvmonitor 0.0072 190 42 319 231
tvmonitor 0.0058 202 91 266 199
tvmonitor 0.0047 118 -40 211 317
tvmonitor 0.0046 250 49 308 195
tvmonitor 0.0042 380 113 451 177
tvmonitor 0.0019 155 24 335 438
tvmonitor 0.0016 353 163 389 224
tvmonitor 0.0015 6 183 255 473
tvmonitor 0.0013 226 68 264 144
tvmonitor 0.0010 62 170 379 354
tvmonitor 0.0010 211 76 279 150
tvmonitor 0.0010 72 17 283 221
