person 0.9965 341 -26 519 509
person 0.9899 313 151 550 326
person 0.9864 -17 0 114 223
person 0.9779 403 26 514 176
person 0.9711 153 11 227 122
person 0.9686 97 -4 204 134
person 0.9669 78 18 138 114
person 0.9421 243 30 344 131
person 0.9194 388 45 444 155
person 0.6815 58 1 156 129
person 0.6414 -8 11 29 85
person 0.1747 128 -5 245 150
person 0.0466 0 20 9 74
person 0.0339 364 33 465 166
person 0.0327 -1 2 5 51
person 0.0240 -2 -7 14 81
person 0.0231 348 116 488 382
person 0.0112 -5 -1 32 161
person 0.0092 -14 13 140 121
person 0.0082 276 45 326 116
person 0.0056 412 177 515 372
person 0.0043 3 36 22 75
person 0.0042 0 -11 3 49
person 0.0027 259 65 295 110
person 0.0021 15 28 107 99
person 0.0020 -36 -41 302 158
person 0.0020 -7 -6 503 178
person 0.0018 252 63 314 119
person 0.0018 -1 1 9 148
person 0.0016 396 57 439 115
person 0.0015 0 41 5 85
person 0.0013 414 49 501 142
person 0.0012 492 37 502 169
person 0.0010 16 14 80 139
person 0.0010 470 173 505 335
person 0.0010 497 55 499 152
bicycle 0.0025 -18 -69 126 303
motorbike 0.0412 362 105 522 450
motorbike 0.0381 396 178 515 371
motorbike 0.0021 370 237 492 371
motorbike 0.0018 440 234 513 358
motorbike 0.0012 304 151 535 330
dog 0.0053 362 105 522 450
dog 0.0028 396 178 515 371
horse 0.0048 362 105 522 450
horse 0.0010 396 178 515 371
