person 0.7045 124 83 134 110
person 0.2917 64 43 113 197
person 0.2740 42 95 105 252
person 0.2703 81 66 113 145
person 0.1276 118 86 129 121
person 0.0847 194 85 203 103
person 0.0392 183 86 192 104
person 0.0362 101 84 113 111
person 0.0346 88 49 99 86
person 0.0318 62 151 96 230
person 0.0313 96 83 110 126
person 0.0235 60 105 98 199
person 0.0158 174 85 182 102
person 0.0144 199 85 207 105
person 0.0116 110 74 134 134
person 0.0111 125 79 135 99
person 0.0110 193 83 201 96
person 0.0095 71 89 105 179
person 0.0092 13 79 122 269
person 0.0081 295 62 306 84
person 0.0078 115 69 141 124
person 0.0072 76 44 123 161
person 0.0056 164 86 173 103
person 0.0044 106 56 116 83
person 0.0035 185 83 192 96
person 0.0033 194 92 203 117
person 0.0030 184 90 192 117
person 0.0029 192 102 203 126
person 0.0029 49 59 114 337
person 0.0028 145 84 154 105
person 0.0028 95 75 121 134
person 0.0027 84 68 100 103
person 0.0025 117 76 127 99
person 0.0025 152 93 161 116
person 0.0023 92 71 107 105
person 0.0023 165 83 173 95
person 0.0021 60 117 100 351
person 0.0021 201 103 213 126
person 0.0020 80 52 106 124
person 0.0020 133 84 141 106
person 0.0019 118 72 136 156
person 0.0019 165 95 173 115
person 0.0018 31 30 142 209
person 0.0018 200 81 208 94
person 0.0017 146 82 154 95
person 0.0016 47 35 99 207
person 0.0015 200 91 210 118
person 0.0012 70 185 86 215
person 0.0012 153 86 161 106
person 0.0011 113 68 122 87
person 0.0010 73 58 147 135
train 0.9966 1 -25 260 393
train 0.0580 -65 4 287 238
train 0.0011 59 26 366 402
