person 0.0267 471 236 481 246
person 0.0225 410 236 419 247
person 0.0154 462 238 472 246
person 0.0112 25 222 42 252
person 0.0080 407 235 416 246
person 0.0073 478 237 487 245
person 0.0052 282 236 300 246
person 0.0028 230 233 242 249
person 0.0027 35 227 46 249
person 0.0022 438 238 455 247
person 0.0015 244 235 263 249
person 0.0013 383 237 394 246
car 0.0608 59 226 97 240
car 0.0207 282 236 300 246
car 0.0105 438 238 455 247
car 0.0094 337 234 360 249
car 0.0090 478 237 487 245
car 0.0085 471 236 481 246
car 0.0083 29 221 116 246
car 0.0082 462 238 472 246
car 0.0069 9 225 42 242
car 0.0069 1 220 160 256
car 0.0052 312 237 347 249
car 0.0050 447 239 463 247
car 0.0046 407 235 416 246
car 0.0044 410 236 419 247
car 0.0035 22 223 44 244
car 0.0034 -12 211 60 266
car 0.0032 427 238 451 247
car 0.0030 -1 231 10 271
car 0.0026 384 236 412 247
car 0.0024 -7 222 31 280
car 0.0020 254 233 372 253
car 0.0018 166 229 189 245
car 0.0015 232 236 259 249
car 0.0015 296 238 328 248
car 0.0014 293 237 310 246
car 0.0014 383 237 394 246
car 0.0014 336 241 364 254
car 0.0013 366 237 392 247
car 0.0011 120 221 215 257
car 0.0010 53 226 77 239
car 0.0010 292 228 389 255
aeroplane 0.0082 0 96 495 368
aeroplane 0.0021 35 163 463 291
bus 0.0017 -74 187 567 331
bus 0.0014 -10 221 191 255
train 0.0101 -74 187 567 331
train 0.0036 0 96 495 368
boat 0.0865 -92 204 269 297
boat 0.0626 -74 187 567 331
boat 0.0339 0 96 495 368
boat 0.0193 35 163 463 291
boat 0.0148 -7 222 31 280
boat 0.0129 -17 134 215 330
boat 0.0097 -1 231 10 271
boat 0.0087 -16 214 47 286
boat 0.0053 -10 221 191 255
boat 0.0040 -4 221 15 294
boat 0.0028 486 240 500 261
boat 0.0020 205 152 328 283
boat 0.0018 0 247 27 273
boat 0.0016 -4 164 33 310
boat 0.0014 138 148 293 289
boat 0.0012 -48 189 147 286
bird 0.0924 205 152 328 283
bird 0.0057 230 163 302 272
pottedplant 0.0020 205 150 337 285
pottedplant 0.0012 278 191 364 268
