person 0.2145 181 177 192 189
person 0.1247 190 177 200 189
person 0.0951 145 174 157 191
person 0.0936 151 175 163 190
person 0.0798 176 176 186 190
person 0.0579 95 177 108 189
person 0.0405 101 177 114 190
person 0.0292 131 176 143 190
person 0.0288 124 177 137 189
person 0.0229 160 176 171 189
person 0.0120 202 177 213 188
person 0.0087 210 178 222 189
person 0.0052 218 179 229 190
person 0.0030 262 176 272 191
person 0.0022 116 177 127 189
person 0.0018 74 177 85 188
person 0.0014 266 176 276 191
person 0.0014 89 177 99 190
person 0.0010 151 177 162 200
train 0.9886 -54 89 376 283
