person 0.0613 459 186 468 203
person 0.0338 91 231 98 254
person 0.0078 124 234 131 249
person 0.0071 210 223 222 239
person 0.0030 258 215 272 229
person 0.0023 394 190 403 210
person 0.0016 92 233 101 252
person 0.0012 405 181 416 208
person 0.0011 133 234 146 249
person 0.0010 453 188 466 204
car 0.0245 215 222 238 239
car 0.0106 255 213 290 229
car 0.0072 370 208 391 218
car 0.0057 258 215 272 229
car 0.0055 210 223 222 239
car 0.0041 190 205 265 249
car 0.0037 201 226 213 239
car 0.0028 224 220 246 239
car 0.0028 278 209 323 221
car 0.0019 221 214 252 233
car 0.0017 377 205 398 216
car 0.0014 282 214 307 226
car 0.0013 202 232 212 241
car 0.0012 218 231 231 242
car 0.0010 209 216 244 231
car 0.0010 191 225 202 239
car 0.0010 459 186 468 203
bus 0.0012 188 206 267 242
train 0.0018 188 206 267 242
boat 0.0038 118 224 198 257
boat 0.0012 99 152 231 284
bird 0.0033 459 186 468 203
bird 0.0025 451 193 461 203
dog 0.0014 370 208 391 218
dog 0.0012 459 186 468 203
dog 0.0011 451 193 461 203
horse 0.0073 255 213 290 229
horse 0.0019 258 215 272 229
sheep 0.7452 326 222 356 237
sheep 0.5516 370 208 391 218
sheep 0.3771 255 213 290 229
sheep 0.3588 377 205 398 216
sheep 0.1416 325 227 343 238
sheep 0.1239 451 193 461 203
sheep 0.0842 233 218 253 238
sheep 0.0795 224 220 246 239
sheep 0.0714 282 211 318 224
sheep 0.0548 459 186 468 203
sheep 0.0399 258 215 272 229
sheep 0.0310 339 223 355 234
sheep 0.0250 282 214 307 226
sheep 0.0210 198 206 269 248
sheep 0.0206 2 153 493 298
sheep 0.0160 279 221 289 231
sheep 0.0133 221 214 252 233
sheep 0.0108 308 215 373 245
sheep 0.0098 215 222 238 239
sheep 0.0090 453 188 466 204
sheep 0.0084 371 211 385 221
sheep 0.0070 257 222 272 231
sheep 0.0068 247 222 260 235
sheep 0.0062 240 206 306 237
sheep 0.0060 365 208 381 217
sheep 0.0047 65 193 451 247
sheep 0.0037 267 205 333 233
sheep 0.0037 218 231 231 242
sheep 0.0034 264 221 281 232
sheep 0.0033 251 211 261 231
sheep 0.0027 113 192 368 273
sheep 0.0018 204 185 506 254
sheep 0.0015 270 206 336 293
sheep 0.0015 224 208 260 246
sheep 0.0014 227 231 240 243
sheep 0.0013 302 218 325 281
sheep 0.0012 304 214 316 223
sheep 0.0011 391 205 401 214
sheep 0.0011 471 198 480 205
cow 0.0238 255 213 290 229
cow 0.0174 326 222 356 237
cow 0.0170 377 205 398 216
cow 0.0083 370 208 391 218
cow 0.0043 233 218 253 238
cow 0.0039 282 211 318 224
cow 0.0031 224 220 246 239
cow 0.0027 196 205 270 243
cow 0.0021 325 227 343 238
cow 0.0020 459 186 468 203
cow 0.0017 451 193 461 203
cow 0.0017 258 215 272 229
cow 0.0015 355 309 421 403
cow 0.0011 282 214 307 226
cow 0.0011 215 222 238 239
