person 0.9953 5 -4 259 384
person 0.5808 -63 31 324 281
person 0.0862 -1 53 8 176
person 0.0256 0 58 2 173
person 0.0149 -1 5 5 280
person 0.0053 -77 184 347 363
person 0.0038 -3 -25 14 224
person 0.0022 0 53 3 139
person 0.0018 354 -127 527 262
person 0.0014 -17 56 142 380
person 0.0014 0 101 8 282
person 0.0014 175 9 587 238
person 0.0010 -3 56 18 338
bicycle 0.0019 -1 64 7 181
car 0.0053 -1 53 8 176
car 0.0012 0 58 2 173
dog 0.0099 175 9 587 238
dog 0.0038 -1 64 7 181
dog 0.0028 0 78 3 166
horse 0.0795 175 9 587 238
sheep 0.9851 198 13 579 257
sheep 0.0021 438 -89 507 327
sheep 0.0018 354 -127 527 262
sheep 0.0010 480 -50 503 326
cow 0.0291 198 13 579 257
chair 0.0053 -1 64 7 181
chair 0.0037 0 78 3 166
chair 0.0034 -31 119 119 264
