person 0.0312 165 92 205 164
person 0.0133 210 126 237 152
person 0.0120 153 79 240 178
person 0.0113 194 111 257 166
person 0.0110 -94 100 459 247
person 0.0046 204 118 242 158
person 0.0043 253 118 315 173
person 0.0020 173 117 198 153
person 0.0015 216 102 293 172
person 0.0014 154 82 323 187
car 0.9895 -109 100 545 248
car 0.7455 29 45 411 263
car 0.0046 361 130 503 247
car 0.0015 385 144 468 229
motorbike 0.0315 29 45 411 263
motorbike 0.0209 -98 80 535 238
bus 0.0928 48 33 426 269
bus 0.0242 -98 80 535 238
dog 0.0013 253 118 315 173
dog 0.0010 -98 80 535 238
diningtable 0.0067 36 77 440 268
