person 0.0045 -1 30 8 68
person 0.0017 0 26 5 55
person 0.0012 -1 8 3 48
bicycle 0.0740 -27 88 450 288
car 0.9533 58 29 86 78
car 0.8496 0 7 89 96
car 0.6894 -1 30 8 68
car 0.1361 63 34 81 63
car 0.1294 -13 20 41 80
car 0.0490 71 34 84 78
car 0.0426 0 26 5 55
car 0.0384 -4 19 14 77
car 0.0270 64 36 82 47
car 0.0101 -27 88 450 288
car 0.0066 45 19 97 89
car 0.0049 -2 -17 9 96
car 0.0043 -2 35 27 63
car 0.0035 73 35 82 45
car 0.0032 16 38 29 58
car 0.0016 56 36 69 47
car 0.0014 0 33 3 99
car 0.0014 58 37 70 56
car 0.0012 -1 8 3 48
car 0.0012 20 27 66 83
motorbike 0.0062 -27 88 450 288
bus 0.0015 -2 9 101 94
boat 0.0032 -27 88 450 288
pottedplant 0.0013 -27 88 450 288
