person 0.1116 349 163 385 224
person 0.0925 177 167 194 202
person 0.0883 335 151 362 228
person 0.0702 385 173 401 203
person 0.0588 397 170 416 202
person 0.0547 389 169 409 202
person 0.0480 297 175 332 222
person 0.0214 289 164 353 236
person 0.0204 7 159 21 186
person 0.0194 239 181 253 208
person 0.0174 247 180 261 209
person 0.0154 217 179 231 204
person 0.0146 340 161 356 205
person 0.0137 475 166 491 198
person 0.0136 258 180 272 209
person 0.0135 408 172 424 198
person 0.0132 338 151 396 235
person 0.0131 420 121 435 144
person 0.0126 29 163 42 186
person 0.0124 459 124 472 143
person 0.0116 57 170 71 189
person 0.0112 0 158 8 189
person 0.0112 284 176 302 210
person 0.0105 401 122 419 144
person 0.0104 381 120 398 144
person 0.0091 387 121 408 144
person 0.0083 266 180 281 210
person 0.0082 219 200 233 223
person 0.0079 439 171 453 199
person 0.0077 203 176 215 204
person 0.0076 461 171 475 195
person 0.0074 208 177 223 203
person 0.0065 406 120 428 145
person 0.0061 479 126 493 143
person 0.0055 358 173 377 210
person 0.0054 209 198 223 224
person 0.0052 492 164 499 198
person 0.0046 303 177 324 211
person 0.0041 62 171 76 189
person 0.0037 431 171 445 200
person 0.0037 15 158 29 186
person 0.0035 372 121 389 144
person 0.0034 172 161 200 207
person 0.0033 493 123 500 145
person 0.0032 0 160 5 200
person 0.0031 203 197 215 223
person 0.0031 213 18 537 336
person 0.0031 8 151 22 179
person 0.0028 377 164 406 206
person 0.0027 422 179 435 198
person 0.0027 278 170 309 215
person 0.0027 123 169 136 200
person 0.0026 469 167 484 197
person 0.0026 132 178 145 199
person 0.0023 31 170 41 189
person 0.0022 312 178 329 209
person 0.0022 452 123 466 143
person 0.0018 370 157 430 213
person 0.0018 -6 34 486 364
person 0.0017 173 168 187 201
person 0.0017 468 125 480 142
person 0.0017 35 163 46 188
person 0.0015 305 152 338 215
person 0.0013 0 140 5 185
person 0.0012 139 167 154 202
person 0.0012 229 180 243 206
person 0.0011 306 144 375 238
person 0.0011 362 122 380 144
person 0.0010 440 125 455 143
person 0.0010 494 154 499 196
person 0.0010 -3 123 12 221
person 0.0010 -1 141 30 201
car 0.0114 -9 230 54 353
car 0.0010 2 59 431 357
aeroplane 0.0011 -6 83 78 114
bus 0.9976 -5 28 442 370
bus 0.9862 273 -28 530 374
bus 0.9851 -37 70 103 261
bus 0.9637 231 107 567 239
bus 0.9366 -60 138 496 252
bus 0.5835 -15 102 64 237
bus 0.0251 0 89 166 275
bus 0.0169 -6 11 24 268
bus 0.0086 97 132 256 160
bus 0.0069 41 135 126 168
bus 0.0063 30 109 101 247
bus 0.0044 -5 62 22 182
bus 0.0024 -3 120 12 206
bus 0.0022 119 136 143 153
bus 0.0020 18 56 250 320
bus 0.0019 0 140 5 185
bus 0.0012 0 158 8 189
bus 0.0011 0 131 28 198
train 0.0011 2 59 431 357
boat 0.0042 -6 83 78 114
boat 0.0023 -2 44 83 126
boat 0.0021 -26 20 92 144
