person 0.2039 117 112 137 136
person 0.0263 90 113 107 129
person 0.0190 85 113 101 129
person 0.0149 105 104 140 142
person 0.0148 70 24 473 294
person 0.0084 139 112 157 133
person 0.0070 0 61 10 76
person 0.0061 129 111 146 135
person 0.0035 96 95 160 151
person 0.0030 0 122 8 146
person 0.0025 2 125 24 144
person 0.0017 386 289 405 317
person 0.0016 350 215 371 250
person 0.0014 1 65 8 79
person 0.0012 -4 54 30 76
car 0.1094 118 53 154 72
car 0.0743 149 55 187 73
car 0.0697 370 36 487 66
car 0.0267 -4 54 30 76
car 0.0215 0 61 10 76
car 0.0120 94 48 168 79
car 0.0112 136 48 204 81
car 0.0098 -11 42 40 87
car 0.0091 158 50 193 70
car 0.0073 90 76 115 89
car 0.0072 64 55 85 72
car 0.0050 86 56 118 72
car 0.0048 1 65 8 79
car 0.0036 412 47 464 59
car 0.0025 149 57 168 73
car 0.0015 145 58 157 72
car 0.0013 16 55 30 75
car 0.0011 64 47 92 73
aeroplane 0.9920 51 21 460 299
aeroplane 0.0076 305 -41 488 98
aeroplane 0.0036 347 -2 518 89
aeroplane 0.0029 370 36 487 66
aeroplane 0.0027 -11 42 40 87
aeroplane 0.0017 -9 4 39 115
aeroplane 0.0011 -43 49 547 220
aeroplane 0.0010 -38 -15 102 105
bus 0.0049 -4 54 30 76
bus 0.0033 -11 42 40 87
bus 0.0019 112 52 153 73
bus 0.0011 0 61 10 76
train 0.0018 70 24 473 294
bird 0.0072 386 289 405 317
