person 0.0020 146 15 477 354
bicycle 0.0015 108 19 477 347
dog 0.9983 12 154 408 370
dog 0.0028 55 22 372 343
chair 0.4154 -43 16 171 358
chair 0.3624 108 19 477 347
chair 0.0651 11 136 409 337
chair 0.0109 -5 -55 30 485
chair 0.0055 -4 -83 19 285
chair 0.0048 19 81 573 283
chair 0.0033 -85 57 348 316
chair 0.0018 345 20 535 338
chair 0.0015 -2 75 14 174
chair 0.0013 468 -40 504 509
chair 0.0011 485 -56 501 528
chair 0.0010 -9 -88 60 515
sofa 0.0050 27 196 392 380
sofa 0.0037 27 -62 568 116
sofa 0.0033 -43 16 171 358
sofa 0.0026 112 2 482 316
sofa 0.0011 -38 138 399 330
diningtable 0.0520 112 2 482 316
diningtable 0.0155 -43 16 171 358
diningtable 0.0017 19 81 573 283
