person 0.9979 165 97 242 456
person 0.3734 85 161 129 241
person 0.3586 73 150 110 235
person 0.1959 250 170 283 251
person 0.1203 353 72 385 125
person 0.0802 220 178 255 244
person 0.0580 376 69 399 129
person 0.0577 52 136 162 262
person 0.0486 37 10 169 154
person 0.0468 368 84 388 123
person 0.0466 82 11 465 342
person 0.0443 330 69 367 120
person 0.0317 359 76 378 119
person 0.0246 164 54 226 123
person 0.0226 129 156 192 223
person 0.0224 70 23 132 139
person 0.0207 257 148 294 285
person 0.0175 263 183 279 222
person 0.0172 319 59 379 130
person 0.0160 294 68 330 110
person 0.0150 243 151 287 315
person 0.0144 353 74 370 118
person 0.0137 175 63 215 113
person 0.0114 231 190 251 232
person 0.0104 313 77 332 110
person 0.0095 338 79 361 114
person 0.0094 115 24 169 135
person 0.0092 347 60 408 138
person 0.0087 286 57 342 120
person 0.0085 138 165 177 214
person 0.0079 203 170 233 235
person 0.0063 205 172 265 251
person 0.0061 306 174 321 208
person 0.0060 334 187 352 211
person 0.0058 122 49 195 124
person 0.0053 325 177 338 210
person 0.0053 330 75 352 112
person 0.0050 43 173 378 346
person 0.0045 372 185 388 221
person 0.0045 60 140 125 245
person 0.0045 385 189 434 346
person 0.0043 181 71 209 103
person 0.0042 90 17 235 149
person 0.0031 253 122 291 380
person 0.0031 364 181 376 223
person 0.0030 138 43 179 110
person 0.0028 365 172 393 227
person 0.0027 299 76 322 108
person 0.0027 166 178 186 205
person 0.0026 144 174 171 207
person 0.0024 95 176 108 208
person 0.0022 49 167 77 235
person 0.0021 42 51 123 143
person 0.0021 77 181 90 223
person 0.0020 52 182 67 223
person 0.0020 236 202 251 240
person 0.0019 396 93 415 132
person 0.0019 109 43 153 114
person 0.0019 155 176 182 206
person 0.0018 157 167 195 238
person 0.0018 302 162 325 220
person 0.0018 165 72 190 102
person 0.0017 94 185 110 219
person 0.0016 238 161 306 261
person 0.0015 95 10 156 120
person 0.0015 159 64 196 108
person 0.0015 403 206 434 295
person 0.0014 23 180 44 263
person 0.0013 321 75 339 111
person 0.0013 99 41 164 91
person 0.0012 442 170 456 197
person 0.0012 144 166 207 255
person 0.0012 85 172 96 212
person 0.0012 382 70 413 137
person 0.0011 88 146 150 252
person 0.0011 381 77 393 100
person 0.0011 39 155 105 246
person 0.0011 200 150 245 277
person 0.0011 230 194 255 261
person 0.0011 277 135 319 264
person 0.0010 174 79 202 108
person 0.0010 294 177 308 208
person 0.0010 228 202 246 237
person 0.0010 228 186 247 220
person 0.0010 261 165 282 294
person 0.0010 270 169 292 250
person 0.0010 81 183 95 220
person 0.0010 79 32 121 101
car 0.0013 497 195 500 247
car 0.0012 364 137 514 396
car 0.0012 495 205 499 254
bus 0.9984 51 -9 436 330
bus 0.0900 357 101 517 297
bus 0.0865 208 24 512 276
bus 0.0046 425 125 486 270
bus 0.0017 401 131 463 268
bird 0.0011 496 2 501 35
bottle 0.0040 200 276 213 300
bottle 0.0023 198 278 217 312
bottle 0.0012 194 270 221 320
