person 0.0397 73 -19 106 263
person 0.0132 35 -6 105 252
person 0.0052 45 22 87 149
person 0.0041 494 87 500 126
person 0.0041 477 12 504 308
person 0.0033 76 128 108 199
person 0.0029 50 34 74 141
person 0.0026 496 66 500 126
person 0.0019 44 82 100 228
person 0.0017 59 36 82 135
person 0.0016 490 44 502 147
person 0.0015 181 58 221 260
person 0.0012 64 119 113 232
person 0.0010 494 19 501 250
bicycle 0.5602 -60 110 464 277
bicycle 0.1674 226 -26 446 342
bicycle 0.0275 486 120 502 264
bicycle 0.0245 157 -14 354 396
bicycle 0.0126 476 63 503 292
bicycle 0.0082 184 140 331 285
bicycle 0.0075 491 64 501 302
bicycle 0.0053 139 88 512 220
bicycle 0.0016 49 55 392 316
bicycle 0.0015 471 133 508 251
car 0.0598 476 103 502 279
car 0.0154 256 -14 446 325
car 0.0143 45 -3 455 224
car 0.0103 486 120 502 264
car 0.0066 494 87 500 126
car 0.0051 478 -23 504 305
car 0.0035 491 64 501 302
car 0.0017 496 66 500 126
car 0.0015 490 53 502 156
car 0.0012 437 97 471 115
motorbike 0.9277 226 -26 446 342
motorbike 0.8725 -60 110 464 277
motorbike 0.3240 476 63 503 292
motorbike 0.0662 139 88 512 220
motorbike 0.0541 157 -14 354 396
motorbike 0.0142 486 120 502 264
motorbike 0.0081 184 140 331 285
motorbike 0.0037 49 55 392 316
motorbike 0.0036 491 64 501 302
motorbike 0.0027 471 133 508 251
motorbike 0.0026 285 66 455 255
bus 0.0113 45 -3 455 224
bus 0.0014 478 -23 504 305
train 0.0312 45 -3 455 224
bottle 0.0012 12 128 68 194
tvmonitor 0.0179 -4 33 15 141
