person 0.7755 314 202 326 236
person 0.3521 206 196 220 241
person 0.3392 308 201 320 236
person 0.0544 336 207 347 231
person 0.0220 450 209 466 228
person 0.0061 449 210 480 239
person 0.0061 363 213 381 235
person 0.0053 453 212 475 227
person 0.0042 344 201 355 220
person 0.0042 367 213 392 235
person 0.0039 342 206 358 227
person 0.0034 370 211 386 231
person 0.0031 377 215 398 235
person 0.0031 305 194 335 242
person 0.0030 337 201 349 221
person 0.0030 325 206 337 230
person 0.0024 228 202 237 229
person 0.0011 133 186 144 195
person 0.0011 464 212 481 237
car 0.0100 306 188 435 251
car 0.0100 317 205 422 242
car 0.0085 434 204 492 243
car 0.0081 449 210 480 239
car 0.0069 377 189 512 254
car 0.0051 383 208 418 231
car 0.0025 453 212 475 227
car 0.0019 16 191 33 202
car 0.0016 21 191 41 202
car 0.0015 367 213 392 235
car 0.0014 377 215 398 235
car 0.0013 364 195 431 241
aeroplane 0.9997 55 38 432 327
aeroplane 0.0906 -11 118 504 234
aeroplane 0.0035 288 165 458 253
aeroplane 0.0010 377 189 512 254
bus 0.0035 306 188 435 251
bus 0.0017 382 195 508 251
diningtable 0.0010 42 47 519 320
