person 0.0933 462 35 507 287
person 0.0067 -6 71 36 291
person 0.0065 481 83 504 185
person 0.0060 18 81 437 273
person 0.0058 448 117 508 271
person 0.0046 223 110 304 164
person 0.0027 189 85 367 183
person 0.0019 465 -50 506 480
person 0.0018 472 94 503 331
person 0.0014 441 -74 511 317
person 0.0012 62 124 104 182
person 0.0011 492 84 502 300
person 0.0010 238 121 275 153
car 0.9928 -93 101 593 251
car 0.9383 57 62 437 264
car 0.9223 -6 117 37 280
car 0.1548 463 51 506 303
car 0.0107 10 6 490 358
car 0.0082 448 117 508 271
car 0.0061 -9 45 40 345
car 0.0019 443 -19 510 303
car 0.0014 25 186 96 240
car 0.0011 -7 180 34 258
car 0.0010 -20 19 133 365
motorbike 0.1179 463 51 506 303
motorbike 0.0028 448 117 508 271
motorbike 0.0017 443 -19 510 303
motorbike 0.0013 18 81 437 273
bus 0.0014 57 62 437 264
pottedplant 0.0022 171 -104 481 230
pottedplant 0.0011 97 0 553 137
