person 0.6560 30 44 96 168
person 0.3700 4 31 129 193
person 0.1471 121 76 276 160
person 0.1085 143 95 232 149
person 0.0734 176 93 255 148
person 0.0286 190 111 218 138
person 0.0172 -58 13 526 269
person 0.0103 142 122 182 196
person 0.0068 158 112 184 140
person 0.0041 29 89 60 158
person 0.0034 178 127 216 180
person 0.0029 56 95 144 163
person 0.0026 34 71 67 91
person 0.0023 2 -35 177 234
person 0.0016 52 65 88 143
person 0.0015 40 90 81 158
person 0.0012 163 116 249 190
person 0.0012 133 109 200 208
person 0.0011 21 59 100 114
bicycle 0.0021 121 76 276 160
boat 0.9875 -77 9 520 296
boat 0.5316 12 63 433 205
boat 0.4091 -181 100 625 206
bird 0.0014 121 76 276 160
cat 0.0025 176 93 255 148
cat 0.0020 56 95 144 163
dog 0.2376 176 93 255 148
dog 0.0939 56 95 144 163
dog 0.0683 121 76 276 160
dog 0.0336 143 95 232 149
dog 0.0138 6 37 155 189
dog 0.0130 190 111 218 138
dog 0.0083 29 50 96 172
dog 0.0044 92 105 128 147
dog 0.0020 210 105 240 137
dog 0.0011 158 111 192 141
horse 0.0045 4 31 129 193
horse 0.0014 56 95 144 163
