person 0.0285 30 176 41 205
person 0.0275 24 69 429 349
person 0.0200 42 116 174 237
person 0.0153 333 187 352 222
person 0.0132 491 184 500 222
person 0.0116 74 139 164 207
person 0.0091 448 149 460 192
person 0.0077 227 171 247 209
person 0.0071 224 164 260 218
person 0.0052 62 144 95 197
person 0.0048 34 174 56 203
person 0.0046 489 106 500 125
person 0.0043 172 140 230 248
person 0.0042 494 171 498 216
person 0.0034 487 137 503 249
person 0.0028 478 150 491 180
person 0.0028 97 155 165 227
person 0.0027 329 152 355 233
person 0.0026 233 172 254 208
person 0.0026 494 146 499 196
person 0.0025 113 136 254 254
person 0.0025 445 140 464 206
person 0.0025 214 157 270 225
person 0.0025 246 187 257 232
person 0.0024 -5 170 15 230
person 0.0022 307 163 322 201
person 0.0020 243 161 260 241
person 0.0019 300 165 364 238
person 0.0018 68 155 89 186
person 0.0017 109 161 133 186
person 0.0017 270 175 283 203
person 0.0017 118 163 139 184
person 0.0016 245 173 258 210
person 0.0016 460 107 475 125
person 0.0013 372 189 381 216
person 0.0013 462 156 475 183
person 0.0012 -1 173 9 195
person 0.0010 108 146 149 199
person 0.0010 0 172 11 214
person 0.0010 132 119 191 234
bicycle 0.0055 490 186 500 233
bicycle 0.0024 485 173 504 247
bicycle 0.0015 30 176 41 205
bicycle 0.0011 34 174 56 203
bicycle 0.0011 494 187 499 251
car 0.6675 -5 170 15 230
car 0.3112 -8 165 49 217
car 0.1862 37 175 62 196
car 0.0929 3 176 40 207
car 0.0767 0 172 11 214
car 0.0701 -1 173 9 195
car 0.0189 29 163 111 218
car 0.0169 490 186 500 233
car 0.0156 22 175 44 191
car 0.0156 484 164 503 241
car 0.0109 30 176 41 205
car 0.0076 27 170 62 208
car 0.0072 10 162 75 208
car 0.0053 -2 177 29 192
car 0.0037 0 188 7 228
car 0.0021 -1 159 5 188
car 0.0015 494 187 499 251
car 0.0013 448 149 516 255
motorbike 0.0090 490 186 500 233
motorbike 0.0071 485 173 504 247
bus 0.9999 57 44 444 354
bus 0.9304 442 36 510 284
bus 0.0046 -11 125 142 231
bus 0.0040 463 128 505 264
bus 0.0017 -1 173 9 195
bus 0.0016 -1 159 5 188
bus 0.0012 487 137 503 249
bus 0.0011 -14 165 59 206
bus 0.0010 -8 107 29 251
bus 0.0010 -5 145 14 222
train 0.0052 64 14 446 310
