person 0.9997 380 6 511 433
person 0.9991 355 107 531 332
person 0.9850 52 57 189 230
person 0.3459 479 55 503 341
person 0.3015 306 111 351 174
person 0.1049 87 75 164 210
person 0.0680 25 39 529 348
person 0.0635 295 96 356 189
person 0.0509 347 88 398 188
person 0.0494 469 17 504 445
person 0.0328 314 118 330 148
person 0.0292 215 114 265 283
person 0.0158 347 118 361 153
person 0.0148 195 108 247 246
person 0.0130 372 103 411 166
person 0.0125 339 112 367 174
person 0.0124 491 95 501 307
person 0.0100 268 132 281 171
person 0.0098 361 112 395 176
person 0.0088 190 132 225 193
person 0.0071 482 104 504 203
person 0.0069 356 120 418 184
person 0.0056 267 108 295 182
person 0.0054 308 117 322 154
person 0.0052 183 110 228 241
person 0.0043 19 -1 184 277
person 0.0040 191 145 207 185
person 0.0039 317 75 432 203
person 0.0037 111 103 252 248
person 0.0035 198 155 219 186
person 0.0032 372 140 401 169
person 0.0032 379 126 402 158
person 0.0032 494 112 500 156
person 0.0028 367 128 406 174
person 0.0027 319 125 343 158
person 0.0026 492 116 500 400
person 0.0024 364 94 429 174
person 0.0024 202 136 230 228
person 0.0023 228 145 258 216
person 0.0023 205 144 223 181
person 0.0021 258 84 301 271
person 0.0020 210 135 236 210
person 0.0020 305 108 326 178
person 0.0020 85 41 345 286
person 0.0019 462 130 489 157
person 0.0017 135 95 187 226
person 0.0017 411 98 440 153
person 0.0016 79 116 97 152
person 0.0016 -7 206 30 375
person 0.0016 75 28 209 181
person 0.0015 272 132 289 173
person 0.0015 416 119 437 146
person 0.0014 457 121 494 165
person 0.0014 228 124 259 182
person 0.0013 409 86 484 159
person 0.0012 -1 102 6 302
person 0.0012 377 110 404 137
person 0.0012 474 186 505 360
person 0.0011 73 107 102 161
person 0.0011 369 125 389 159
person 0.0011 188 138 211 205
person 0.0011 199 138 218 169
person 0.0010 158 110 292 281
person 0.0010 343 92 378 162
person 0.0010 332 126 346 159
person 0.0010 443 47 510 415
bicycle 0.0040 474 186 505 360
car 0.7897 -17 175 100 373
car 0.0239 -28 21 127 483
car 0.0134 -6 159 27 389
car 0.0077 -9 61 74 411
car 0.0039 479 55 503 341
car 0.0031 -2 141 7 281
car 0.0018 0 158 2 225
car 0.0018 0 199 3 261
car 0.0013 -42 143 138 323
car 0.0013 -2 52 19 380
car 0.0011 -33 124 226 431
motorbike 0.0034 -17 119 102 394
bus 0.9998 28 -14 466 337
bus 0.0063 -10 -12 66 367
bus 0.0038 -2 12 20 343
bus 0.0037 -17 119 102 394
bus 0.0023 -3 -117 33 435
bus 0.0020 -44 85 135 323
bus 0.0012 478 3 502 239
chair 0.0098 474 186 505 360
chair 0.0010 468 247 507 328
