person 0.3909 482 -92 503 252
person 0.0120 489 87 502 196
person 0.0110 488 -5 503 96
person 0.0084 491 -34 502 147
person 0.0067 492 7 501 219
person 0.0055 139 65 216 108
person 0.0047 490 16 501 58
person 0.0045 495 -79 501 250
person 0.0031 83 -23 463 305
person 0.0026 495 105 500 180
person 0.0025 491 126 501 174
person 0.0019 470 -128 505 287
person 0.0018 114 59 223 124
person 0.0014 497 69 499 197
bicycle 0.0024 490 60 502 204
car 0.5196 67 44 454 333
car 0.0231 -3 35 10 61
car 0.0104 491 26 500 63
car 0.0052 488 -5 503 96
car 0.0048 -1 41 7 63
car 0.0033 490 60 502 204
car 0.0017 -7 14 31 63
car 0.0017 483 -9 503 246
car 0.0013 491 -34 502 147
car 0.0011 0 31 26 58
motorbike 0.0045 490 60 502 204
motorbike 0.0033 483 -9 503 246
bus 0.0163 75 45 467 333
bus 0.0013 -3 35 10 61
bird 0.0026 491 126 501 174
bird 0.0014 201 67 306 108
bird 0.0013 487 98 502 203
dog 0.0048 487 98 502 203
dog 0.0034 491 126 501 174
dog 0.0013 495 105 500 180
dog 0.0011 201 67 306 108
horse 0.0017 490 60 502 204
cow 0.0014 489 87 502 196
diningtable 0.0024 67 44 454 333
