person 0.0031 -50 372 139 546
bicycle 0.0010 129 188 267 440
bottle 0.0143 164 336 196 422
bottle 0.0021 152 342 188 401
bottle 0.0019 139 331 206 411
bottle 0.0012 125 353 185 433
chair 0.9948 98 233 293 390
chair 0.6735 -49 390 137 545
chair 0.5889 129 188 267 440
chair 0.1648 -9 216 41 372
chair 0.1258 278 456 350 517
chair 0.0942 -32 301 192 592
chair 0.0358 -9 332 413 480
chair 0.0152 -29 461 420 511
chair 0.0134 285 373 343 537
chair 0.0062 -3 226 20 360
chair 0.0060 17 318 181 428
chair 0.0053 261 476 355 509
chair 0.0048 188 266 349 551
chair 0.0046 66 388 345 550
chair 0.0045 -14 132 134 456
chair 0.0040 -42 212 123 387
chair 0.0039 256 411 359 537
chair 0.0035 72 209 340 611
chair 0.0033 11 278 44 347
chair 0.0032 5 61 181 547
chair 0.0027 18 485 246 504
chair 0.0025 -99 453 255 517
chair 0.0024 -26 454 100 517
chair 0.0021 26 424 207 526
chair 0.0021 -10 413 48 525
chair 0.0020 1 231 29 335
chair 0.0019 -95 275 430 593
chair 0.0018 282 489 347 500
chair 0.0015 56 455 190 516
chair 0.0013 307 411 338 458
chair 0.0013 18 259 68 375
chair 0.0013 -8 267 58 356
chair 0.0012 -49 484 123 504
chair 0.0011 293 473 337 497
pottedplant 0.9855 5 71 185 553
pottedplant 0.8231 22 185 170 450
pottedplant 0.7080 -36 232 229 397
pottedplant 0.0041 259 141 331 210
pottedplant 0.0015 222 197 333 402
pottedplant 0.0011 127 174 272 434
diningtable 0.9915 -131 327 460 479
diningtable 0.1752 -15 248 338 497
diningtable 0.0173 -95 275 430 593
diningtable 0.0032 -32 301 192 592
diningtable 0.0010 -99 453 255 517
