person 0.0060 -4 203 26 423
person 0.0036 142 62 215 155
person 0.0023 164 92 178 121
person 0.0022 169 91 183 121
person 0.0017 158 78 194 138
person 0.0013 -2 55 17 495
bus 0.0012 105 47 237 177
bottle 0.0084 263 83 297 150
bottle 0.0034 361 109 380 154
bottle 0.0026 356 91 387 157
bottle 0.0017 49 114 59 142
bottle 0.0010 37 135 458 322
bottle 0.0010 -3 -6 10 104
bottle 0.0010 292 107 310 142
chair 0.0581 -4 247 27 415
chair 0.0066 460 236 506 417
chair 0.0045 -2 279 16 393
chair 0.0041 209 177 581 359
chair 0.0027 439 172 508 417
chair 0.0019 -1 217 7 417
chair 0.0016 -2 55 17 495
chair 0.0010 -9 211 63 417
sofa 0.9901 96 171 619 363
sofa 0.0042 206 113 517 422
sofa 0.0026 -4 203 26 423
pottedplant 0.1261 282 50 431 179
pottedplant 0.0248 263 83 297 150
pottedplant 0.0234 345 60 399 171
pottedplant 0.0165 356 91 387 157
pottedplant 0.0117 329 78 410 150
pottedplant 0.0114 297 87 399 161
pottedplant 0.0088 278 94 343 151
pottedplant 0.0031 289 47 344 160
pottedplant 0.0027 319 105 344 125
pottedplant 0.0021 347 96 372 129
pottedplant 0.0016 74 108 140 161
pottedplant 0.0014 252 74 314 160
pottedplant 0.0012 361 111 379 144
pottedplant 0.0011 309 48 362 161
diningtable 0.0403 460 236 506 417
diningtable 0.0033 -23 227 230 443
diningtable 0.0025 -4 247 27 415
tvmonitor 0.9852 111 46 239 179
tvmonitor 0.2607 140 62 215 164
