person 0.0159 493 126 500 157
person 0.0147 94 114 131 134
person 0.0051 496 106 500 161
person 0.0018 472 127 485 156
person 0.0017 491 81 502 184
person 0.0017 78 103 141 146
person 0.0016 105 114 127 131
car 0.0117 79 103 137 160
car 0.0038 -12 97 44 150
car 0.0028 86 121 122 184
car 0.0021 -5 111 31 135
car 0.0012 87 118 131 145
car 0.0011 94 114 131 134
car 0.0011 16 35 421 245
car 0.0010 85 82 129 233
boat 0.0057 224 95 345 227
boat 0.0046 16 35 421 245
boat 0.0013 249 114 332 188
horse 0.9987 22 75 420 263
horse 0.0163 89 -39 342 373
horse 0.0073 224 95 345 227
