person 0.0338 169 62 194 128
person 0.0259 138 44 199 193
person 0.0034 172 72 188 117
person 0.0020 223 -40 349 196
person 0.0020 7 117 24 149
person 0.0019 177 74 191 100
person 0.0017 0 104 34 157
person 0.0012 13 117 28 150
person 0.0010 167 135 190 166
person 0.0010 401 63 470 188
bird 0.0055 138 44 199 193
bird 0.0010 169 62 194 128
bird 0.0010 128 74 206 156
cat 0.6907 163 151 294 266
cat 0.0046 138 44 199 193
cat 0.0023 190 161 257 259
dog 0.0066 138 44 199 193
dog 0.0027 163 151 294 266
dog 0.0016 128 74 206 156
horse 0.0035 138 44 199 193
chair 0.0343 73 185 469 370
chair 0.0021 277 137 446 294
chair 0.0015 -103 205 619 347
sofa 0.9991 58 209 468 378
sofa 0.9972 -136 228 655 364
sofa 0.0354 9 124 507 493
