person 0.9829 23 48 75 219
person 0.4043 132 100 146 121
person 0.4040 141 97 154 120
person 0.2784 7 110 25 181
person 0.2126 12 112 32 189
person 0.1895 122 96 136 120
person 0.1256 11 121 22 168
person 0.0881 112 96 126 118
person 0.0658 90 97 110 117
person 0.0616 -1 94 10 211
person 0.0378 17 123 28 164
person 0.0339 20 130 30 174
person 0.0217 23 -2 422 283
person 0.0210 1 109 4 195
person 0.0164 58 107 87 183
person 0.0156 99 103 119 125
person 0.0127 -5 80 25 227
person 0.0120 12 124 22 147
person 0.0088 24 102 44 185
person 0.0080 31 93 52 194
person 0.0079 166 88 183 118
person 0.0079 2 76 53 204
person 0.0071 85 92 117 136
person 0.0059 19 2 186 275
person 0.0059 136 110 163 135
person 0.0057 85 96 103 118
person 0.0051 66 116 80 151
person 0.0050 27 128 36 175
person 0.0047 16 65 84 142
person 0.0041 40 93 65 194
person 0.0037 131 93 165 135
person 0.0035 -25 48 122 227
person 0.0027 104 92 136 133
person 0.0027 102 96 121 119
person 0.0026 76 86 143 141
person 0.0022 148 103 162 126
person 0.0021 169 85 186 109
person 0.0015 103 87 176 142
person 0.0015 26 119 38 150
person 0.0015 35 124 46 178
person 0.0014 52 100 74 186
person 0.0013 0 102 28 170
person 0.0010 58 113 68 151
person 0.0010 160 80 191 128
person 0.0010 162 94 176 127
bicycle 0.0032 35 3 458 278
bicycle 0.0019 12 112 32 189
bicycle 0.0010 20 130 30 174
car 0.0130 35 3 458 278
car 0.0045 0 94 11 194
car 0.0030 0 96 3 193
car 0.0029 7 110 25 181
car 0.0021 11 121 22 168
car 0.0019 116 95 178 153
car 0.0016 51 87 131 162
car 0.0015 17 123 28 164
motorbike 0.9993 21 33 470 349
motorbike 0.1763 21 52 192 232
motorbike 0.0038 107 97 172 167
motorbike 0.0036 90 76 157 200
motorbike 0.0026 54 76 122 205
motorbike 0.0023 136 110 163 135
motorbike 0.0012 52 71 231 174
motorbike 0.0010 120 106 161 159
bird 0.0011 0 33 4 57
chair 0.0014 12 112 32 189
chair 0.0012 20 130 30 174
chair 0.0010 10 125 22 176
