person 0.1384 153 -66 555 284
person 0.0331 481 120 491 148
person 0.0157 95 44 608 176
person 0.0150 493 114 498 157
person 0.0132 494 125 501 165
person 0.0118 449 94 468 177
person 0.0086 469 112 478 142
person 0.0057 463 111 473 142
person 0.0043 226 64 261 112
person 0.0038 488 86 502 183
person 0.0036 235 71 256 106
person 0.0027 456 97 476 171
person 0.0026 496 89 499 164
person 0.0020 212 53 278 123
person 0.0016 463 104 484 165
person 0.0012 277 84 291 113
person 0.0011 454 110 464 141
person 0.0011 392 80 409 98
person 0.0011 400 78 418 97
person 0.0010 397 83 415 107
person 0.0010 366 -33 520 262
car 0.0051 494 125 501 165
train 0.9928 143 -82 512 305
train 0.9858 90 46 570 178
train 0.4823 -37 -66 232 286
train 0.2134 345 12 550 220
train 0.1324 -83 36 279 174
train 0.0671 384 39 511 194
train 0.0542 469 43 504 192
train 0.0119 99 12 260 195
train 0.0104 70 -46 266 265
train 0.0055 485 57 502 176
train 0.0023 9 -64 411 288
train 0.0021 -18 -2 122 212
