person 0.9979 70 -175 244 413
person 0.9665 35 40 280 206
person 0.7469 91 -32 229 273
person 0.0795 335 63 351 94
person 0.0363 283 100 531 449
person 0.0214 -1 6 12 124
person 0.0203 491 88 500 136
person 0.0129 484 78 502 145
person 0.0106 78 -2 104 23
person 0.0100 -4 -31 22 158
person 0.0098 469 86 505 138
person 0.0084 397 7 411 41
person 0.0078 42 -14 119 31
person 0.0056 236 175 569 335
person 0.0045 448 102 463 126
person 0.0045 0 32 5 95
person 0.0044 59 -4 72 19
person 0.0038 351 83 367 123
person 0.0033 454 76 514 147
person 0.0032 494 74 500 116
person 0.0029 330 59 357 107
person 0.0028 468 96 484 130
person 0.0025 475 94 495 132
person 0.0022 460 95 476 128
person 0.0020 475 93 495 114
person 0.0019 377 140 540 334
person 0.0019 427 105 446 121
person 0.0018 467 93 482 116
person 0.0018 414 103 442 122
person 0.0017 -3 -100 15 335
person 0.0014 306 74 339 97
person 0.0013 460 89 491 135
person 0.0012 0 -2 2 97
person 0.0012 437 104 457 123
person 0.0011 334 62 365 127
person 0.0011 323 66 340 86
person 0.0010 344 84 362 121
person 0.0010 -91 91 389 263
bicycle 0.0027 -91 91 389 263
bicycle 0.0010 29 300 190 350
car 0.0322 171 24 241 68
car 0.0279 -1 6 12 124
car 0.0266 151 13 296 115
car 0.0262 -4 -31 22 158
car 0.0193 285 58 378 132
car 0.0163 216 50 408 141
car 0.0109 150 31 285 82
car 0.0101 318 53 498 95
car 0.0064 304 33 516 153
car 0.0055 0 21 4 92
car 0.0032 283 100 531 449
car 0.0031 289 63 359 108
car 0.0027 450 68 515 120
car 0.0027 186 34 224 57
car 0.0022 42 -14 119 31
car 0.0018 394 87 482 134
car 0.0017 0 -2 2 97
car 0.0016 227 198 575 334
car 0.0016 69 -93 251 293
car 0.0013 491 88 500 136
car 0.0010 467 73 506 139
car 0.0010 211 44 317 83
motorbike 0.9973 -93 116 410 264
motorbike 0.3454 -33 -13 328 406
motorbike 0.0355 236 175 569 335
motorbike 0.0265 283 100 531 449
motorbike 0.0099 22 38 271 207
motorbike 0.0029 216 50 408 141
motorbike 0.0014 29 300 190 350
motorbike 0.0011 140 19 308 129
motorbike 0.0011 -4 -8 21 161
motorbike 0.0010 -2 18 15 133
bus 0.0171 -29 -120 241 206
bus 0.0025 304 33 516 153
bus 0.0024 -5 16 286 186
train 0.0017 -29 -120 241 206
boat 0.0045 283 100 531 449
boat 0.0014 236 175 569 335
chair 0.0013 394 87 482 134
