person 0.0108 100 131 153 221
bird 0.0013 436 52 445 59
bird 0.0010 439 52 448 58
dog 0.0220 100 131 153 221
dog 0.0038 268 73 555 269
dog 0.0020 107 176 126 200
horse 0.6214 106 141 152 211
horse 0.2044 91 126 156 226
horse 0.0110 268 73 555 269
horse 0.0030 109 169 125 201
horse 0.0017 312 116 470 312
horse 0.0016 71 117 180 237
sheep 0.0402 106 141 152 211
sheep 0.0112 91 126 156 226
sheep 0.0022 107 176 126 200
sheep 0.0010 268 73 555 269
cow 0.9853 271 59 555 255
cow 0.3064 97 135 157 222
cow 0.0196 312 -78 511 386
cow 0.0052 107 176 126 200
cow 0.0031 104 155 139 206
cow 0.0015 121 141 150 207
