person 0.9963 32 162 144 383
person 0.6445 21 86 155 458
person 0.0750 409 171 431 245
person 0.0098 -15 146 610 308
person 0.0044 378 188 397 207
person 0.0040 411 181 426 222
person 0.0036 471 206 487 240
person 0.0026 420 190 450 245
person 0.0025 44 266 62 289
person 0.0023 427 199 443 238
person 0.0019 112 96 488 315
person 0.0016 233 209 363 333
person 0.0012 39 237 67 298
person 0.0012 80 200 143 354
car 0.0017 7 147 622 307
aeroplane 0.0039 -2 18 11 32
bus 0.0012 7 147 622 307
train 0.9997 10 122 616 287
train 0.3070 135 60 491 296
train 0.0428 80 13 554 385
bird 0.0541 66 105 92 122
bird 0.0261 -2 18 11 32
bird 0.0020 114 59 122 65
bird 0.0017 -1 11 8 30
bird 0.0014 233 12 243 22
pottedplant 0.0028 380 182 525 394
pottedplant 0.0021 410 210 480 366
