person 0.0042 -77 65 588 376
person 0.0012 60 186 82 202
car 0.3355 30 171 108 224
car 0.1414 342 168 433 256
car 0.0193 6 170 159 222
car 0.0092 121 186 140 204
car 0.0071 192 191 220 209
car 0.0040 308 158 524 264
car 0.0025 138 181 218 217
car 0.0020 88 171 212 215
car 0.0015 -18 157 232 226
car 0.0010 183 192 210 208
aeroplane 0.9745 27 140 477 311
aeroplane 0.8645 -77 65 588 376
aeroplane 0.0047 -90 180 667 322
aeroplane 0.0019 -117 135 633 261
bus 0.0021 -4 158 182 227
boat 0.0053 -11 56 576 390
boat 0.0022 -69 166 638 289
bird 0.0012 298 95 306 103
