person 0.9982 21 43 363 507
person 0.0112 -85 212 320 460
person 0.0021 -54 -20 333 44
person 0.0015 138 -26 443 57
cat 0.0283 -13 228 305 456
bottle 0.4134 -57 245 303 483
chair 0.0327 22 123 355 505
chair 0.0301 110 -23 400 57
chair 0.0088 -54 -20 333 44
chair 0.0027 28 -17 348 365
chair 0.0025 126 -18 239 44
chair 0.0016 205 -20 453 49
chair 0.0014 169 -45 423 93
chair 0.0012 -41 -5 99 14
chair 0.0010 -70 -7 185 18
chair 0.0010 265 -17 390 42
sofa 0.1273 70 -1 361 436
sofa 0.0273 -12 117 333 524
sofa 0.0022 128 -28 454 70
sofa 0.0015 -27 286 312 490
diningtable 0.0040 -7 -19 330 456
