person 0.3030 53 140 73 162
person 0.2576 112 101 183 184
person 0.1802 217 122 237 152
person 0.1281 46 139 64 162
person 0.1132 26 141 45 161
person 0.1065 59 139 78 163
person 0.0807 83 85 204 230
person 0.0792 212 118 242 167
person 0.0669 191 105 246 216
person 0.0605 235 99 279 220
person 0.0546 216 105 265 218
person 0.0446 129 110 166 163
person 0.0347 425 138 443 171
person 0.0276 44 128 79 166
person 0.0258 156 91 282 232
person 0.0164 34 142 48 160
person 0.0142 468 123 506 183
person 0.0126 171 118 240 170
person 0.0123 463 113 507 238
person 0.0106 247 110 275 177
person 0.0105 455 139 473 168
person 0.0084 33 118 91 176
person 0.0084 491 127 501 163
person 0.0079 413 131 446 181
person 0.0074 475 138 499 165
person 0.0074 493 135 500 171
person 0.0059 188 131 221 152
person 0.0056 20 123 49 169
person 0.0046 464 143 506 203
person 0.0046 410 143 428 166
person 0.0044 140 125 156 148
person 0.0044 485 116 503 210
person 0.0041 396 142 417 165
person 0.0041 196 111 256 174
person 0.0038 75 137 88 168
person 0.0037 418 143 438 180
person 0.0035 102 100 157 217
person 0.0034 252 122 270 162
person 0.0034 390 143 408 164
person 0.0030 440 134 516 213
person 0.0029 183 124 210 144
person 0.0029 146 123 225 204
person 0.0027 449 127 480 180
person 0.0027 495 129 499 196
person 0.0026 222 123 243 160
person 0.0026 318 160 342 183
person 0.0025 230 135 260 212
person 0.0023 247 118 266 154
person 0.0023 333 164 350 183
person 0.0019 132 120 189 226
person 0.0019 395 147 420 176
person 0.0017 495 150 500 212
person 0.0017 179 120 216 187
person 0.0017 175 119 232 224
person 0.0015 389 129 424 181
person 0.0013 382 142 396 166
person 0.0013 376 131 441 190
person 0.0012 82 135 93 171
person 0.0011 143 136 152 151
person 0.0011 230 114 258 172
car 0.9555 329 135 397 246
car 0.9096 306 139 362 239
car 0.2618 287 123 387 256
car 0.0253 339 152 385 218
car 0.0078 314 159 333 184
car 0.0061 356 131 543 269
car 0.0053 350 10 527 337
car 0.0031 318 160 342 183
car 0.0024 354 164 382 181
car 0.0015 313 132 478 255
car 0.0014 310 152 351 194
car 0.0011 333 164 350 183
bus 0.9996 4 72 402 286
bus 0.9919 353 -34 525 344
bus 0.9515 1 66 107 243
bus 0.1861 -4 -11 31 287
bus 0.1131 -10 0 119 313
bus 0.0302 364 63 497 255
bus 0.0192 462 88 505 231
bus 0.0147 -9 10 62 269
bus 0.0032 314 94 562 279
bus 0.0026 -2 77 8 231
bus 0.0021 431 52 515 259
train 0.0020 1 66 107 243
pottedplant 0.1025 353 46 516 423
pottedplant 0.0062 346 150 548 271
pottedplant 0.0035 369 167 448 258
pottedplant 0.0025 317 181 548 330
pottedplant 0.0010 383 208 398 236
