person 0.0457 39 46 71 104
person 0.0120 59 46 88 102
person 0.0101 19 47 51 104
person 0.0055 22 35 84 115
person 0.0053 27 55 45 96
person 0.0047 45 52 63 98
person 0.0030 70 53 86 98
person 0.0024 50 51 69 99
person 0.0022 105 -100 373 307
person 0.0020 347 130 377 210
person 0.0010 31 63 52 100
bottle 0.0026 441 69 483 137
bottle 0.0024 438 103 510 255
bottle 0.0012 159 152 314 269
chair 0.0290 -23 115 112 270
chair 0.0135 37 232 363 386
chair 0.0015 -4 125 72 300
diningtable 0.0013 -31 176 402 366
diningtable 0.0011 -22 129 583 416
tvmonitor 0.9961 51 36 417 195
tvmonitor 0.2477 110 -90 365 323
