person 0.0037 87 0 331 439
bottle 0.9963 130 2 334 472
chair 0.0739 -12 79 73 407
chair 0.0338 -25 182 182 417
chair 0.0076 283 205 313 383
chair 0.0069 87 0 331 439
chair 0.0052 -49 151 127 362
chair 0.0025 101 128 190 403
chair 0.0012 -6 112 62 294
chair 0.0011 -43 -22 133 523
chair 0.0010 -30 120 95 246
sofa 0.0051 -25 182 182 417
sofa 0.0021 -8 95 71 419
sofa 0.0020 87 0 331 439
pottedplant 0.0012 87 0 331 439
diningtable 0.6894 -110 320 418 491
diningtable 0.1946 -50 285 362 593
diningtable 0.1907 14 160 296 497
diningtable 0.1190 -91 210 398 458
diningtable 0.0094 -25 182 182 417
diningtable 0.0087 72 29 343 450
diningtable 0.0053 -13 204 167 598
