person 0.2085 233 131 258 158
person 0.0243 196 131 217 157
person 0.0182 219 118 288 170
person 0.0158 201 102 216 125
person 0.0148 191 126 223 174
person 0.0084 228 129 263 169
person 0.0054 226 130 245 155
person 0.0037 179 120 252 182
person 0.0030 195 81 221 168
person 0.0028 154 129 175 195
person 0.0025 238 137 267 159
person 0.0016 251 129 274 155
person 0.0015 159 140 170 165
person 0.0012 178 137 200 165
person 0.0012 198 147 219 169
person 0.0011 153 145 167 180
person 0.0010 188 131 209 157
person 0.0010 157 136 172 185
car 0.0056 86 88 198 194
car 0.0033 106 9 474 338
car 0.0015 12 101 514 256
aeroplane 0.0017 12 101 514 256
boat 0.9959 46 122 524 265
boat 0.6710 106 9 474 338
boat 0.1464 90 99 194 183
boat 0.0021 130 51 309 190
boat 0.0020 89 105 151 157
pottedplant 0.0042 82 103 545 245
