person 0.0039 292 209 314 247
bicycle 0.0016 123 244 382 469
car 0.1155 115 157 391 431
car 0.0451 -59 177 228 421
car 0.0070 -4 228 55 336
car 0.0020 236 136 351 386
car 0.0016 131 233 198 297
motorbike 0.9964 -55 205 226 452
motorbike 0.9625 116 193 389 460
motorbike 0.0047 -58 306 234 491
motorbike 0.0021 244 185 344 407
motorbike 0.0020 -5 98 183 559
motorbike 0.0018 157 59 344 516
motorbike 0.0012 -11 188 62 483
motorbike 0.0011 -6 216 27 459
aeroplane 0.0107 118 80 387 427
bus 0.0194 118 80 387 427
bus 0.0019 -59 177 228 421
train 0.0045 118 80 387 427
boat 0.0024 118 80 387 427
