person 0.9934 143 96 486 330
person 0.3694 317 5 545 326
person 0.0072 15 -12 405 343
person 0.0069 391 28 519 401
person 0.0027 310 105 483 441
person 0.0012 96 74 240 392
car 0.0459 15 -12 405 343
motorbike 0.0016 317 5 545 326
bird 0.0019 317 5 545 326
cat 0.0016 96 74 240 392
dog 0.9971 91 -64 251 538
dog 0.9909 59 148 284 321
dog 0.8894 96 74 240 392
dog 0.0442 148 99 455 330
dog 0.0023 317 5 545 326
dog 0.0011 15 -12 405 343
bottle 0.0012 317 5 545 326
chair 0.0940 15 -12 405 343
chair 0.0198 31 128 310 307
chair 0.0021 -16 67 82 394
chair 0.0021 317 5 545 326
chair 0.0011 282 103 453 440
chair 0.0010 391 28 519 401
sofa 0.0629 15 -12 405 343
sofa 0.0046 317 5 545 326
sofa 0.0038 31 128 310 307
tvmonitor 0.0050 15 -12 405 343
