person 0.2801 70 57 138 126
person 0.0752 80 65 113 115
person 0.0277 102 84 126 110
person 0.0109 88 76 105 107
person 0.0046 125 87 139 108
person 0.0045 77 80 94 108
person 0.0037 94 74 131 113
person 0.0020 58 87 75 110
person 0.0018 330 414 386 524
person 0.0016 95 80 112 104
person 0.0015 244 50 270 69
person 0.0013 -41 250 342 627
person 0.0013 122 21 147 83
person 0.0012 212 118 308 214
person 0.0012 -104 365 461 493
person 0.0010 52 32 70 71
person 0.0010 46 21 74 82
bird 0.0165 122 21 147 83
bird 0.0041 96 221 131 305
bird 0.0033 136 51 153 75
bird 0.0026 144 51 159 76
bird 0.0011 127 51 142 76
cat 0.0017 267 -16 400 39
cat 0.0011 96 221 131 305
bottle 0.0228 308 58 338 124
bottle 0.0137 310 70 326 112
bottle 0.0101 339 73 351 95
bottle 0.0069 320 87 336 114
bottle 0.0067 68 17 84 47
bottle 0.0052 339 -2 371 16
bottle 0.0050 98 137 117 165
bottle 0.0042 125 87 139 108
bottle 0.0039 122 5 146 85
bottle 0.0035 317 77 334 109
bottle 0.0034 327 88 339 116
bottle 0.0029 311 65 329 97
bottle 0.0024 97 208 128 306
bottle 0.0020 75 18 92 47
bottle 0.0019 58 87 75 110
bottle 0.0015 41 -11 71 41
bottle 0.0015 46 4 74 83
bottle 0.0013 96 128 113 152
bottle 0.0012 50 -6 67 34
bottle 0.0011 311 87 325 110
bottle 0.0011 52 32 70 71
chair 0.9820 33 124 121 288
chair 0.9583 96 109 168 296
chair 0.9517 153 108 226 286
chair 0.9354 -12 126 56 279
chair 0.8811 227 116 295 249
chair 0.5995 53 121 120 163
chair 0.5251 103 124 167 160
chair 0.3767 126 85 242 312
chair 0.3477 116 129 155 152
chair 0.2132 67 128 108 151
chair 0.1889 109 129 125 154
chair 0.1326 -8 161 32 393
chair 0.0975 96 128 113 152
chair 0.0819 -41 250 342 627
chair 0.0736 144 128 157 155
chair 0.0698 206 94 334 272
chair 0.0624 216 129 305 189
chair 0.0607 69 136 104 160
chair 0.0605 113 135 137 157
chair 0.0565 -98 362 401 492
chair 0.0503 -5 151 24 172
chair 0.0500 132 136 156 156
chair 0.0386 121 136 147 157
chair 0.0384 330 414 386 524
chair 0.0356 66 129 82 153
chair 0.0349 98 137 117 165
chair 0.0260 -7 144 27 187
chair 0.0234 -4 40 173 368
chair 0.0163 129 120 221 211
chair 0.0119 137 98 178 274
chair 0.0112 166 136 202 186
chair 0.0106 31 117 240 210
chair 0.0094 93 124 122 172
chair 0.0079 79 112 125 291
chair 0.0073 107 126 142 165
chair 0.0072 291 402 405 538
chair 0.0069 -20 134 61 199
chair 0.0064 49 131 127 183
chair 0.0064 -14 119 175 237
chair 0.0064 -13 132 107 185
chair 0.0060 65 101 207 261
chair 0.0060 225 131 255 206
chair 0.0053 95 100 151 234
chair 0.0049 131 125 160 190
chair 0.0049 61 123 88 169
chair 0.0047 65 129 76 163
chair 0.0047 61 184 170 414
chair 0.0044 56 102 111 229
chair 0.0043 233 126 262 228
chair 0.0037 242 146 296 157
chair 0.0034 98 126 171 187
chair 0.0030 68 125 165 171
chair 0.0027 23 139 113 216
chair 0.0024 14 116 67 251
chair 0.0023 181 139 199 181
chair 0.0020 239 142 257 170
chair 0.0020 150 142 172 271
chair 0.0020 196 412 433 535
chair 0.0019 35 139 59 237
chair 0.0019 231 134 264 184
chair 0.0018 75 126 113 167
chair 0.0018 77 140 116 196
chair 0.0017 22 148 55 226
chair 0.0017 -59 118 257 179
chair 0.0016 141 104 161 231
chair 0.0016 234 141 252 174
chair 0.0014 -6 145 29 229
chair 0.0010 237 145 261 159
chair 0.0010 -38 119 94 216
chair 0.0010 93 169 170 242
chair 0.0010 -19 358 250 571
chair 0.0010 145 159 165 273
sofa 0.8286 -98 362 401 492
sofa 0.7111 -8 161 32 393
sofa 0.6279 -41 250 342 627
sofa 0.0351 227 116 295 249
sofa 0.0071 216 129 305 189
sofa 0.0055 206 94 334 272
sofa 0.0031 339 418 384 521
sofa 0.0030 8 300 367 515
sofa 0.0026 -76 123 243 203
sofa 0.0013 150 109 228 286
sofa 0.0012 -19 358 250 571
sofa 0.0010 291 402 405 538
pottedplant 0.4107 273 -15 383 41
pottedplant 0.0402 339 -2 371 16
pottedplant 0.0350 317 -8 396 23
pottedplant 0.0062 237 -20 452 44
pottedplant 0.0040 260 -35 406 81
pottedplant 0.0035 345 -1 382 12
pottedplant 0.0033 122 5 146 85
pottedplant 0.0032 98 137 117 165
pottedplant 0.0031 21 -34 110 138
pottedplant 0.0027 228 159 248 194
pottedplant 0.0023 59 -13 96 58
pottedplant 0.0020 46 4 74 83
pottedplant 0.0018 34 -26 85 88
pottedplant 0.0016 295 0 321 30
pottedplant 0.0011 316 0 356 13
pottedplant 0.0011 225 131 255 206
pottedplant 0.0010 44 -21 110 68
pottedplant 0.0010 97 208 128 306
diningtable 0.5989 -33 38 243 370
diningtable 0.4568 -76 123 243 203
diningtable 0.0327 -107 149 318 280
diningtable 0.0144 216 129 305 189
diningtable 0.0129 63 103 189 307
diningtable 0.0128 -14 119 175 237
diningtable 0.0096 143 118 177 284
diningtable 0.0091 55 140 136 194
diningtable 0.0087 -13 132 107 185
diningtable 0.0070 36 142 195 454
diningtable 0.0064 -80 252 374 486
diningtable 0.0058 129 120 221 211
diningtable 0.0058 12 99 141 314
diningtable 0.0035 144 110 225 285
diningtable 0.0029 29 121 110 287
diningtable 0.0028 233 115 297 251
diningtable 0.0022 82 168 112 184
diningtable 0.0018 74 137 178 199
diningtable 0.0017 79 159 114 178
diningtable 0.0017 206 94 334 272
diningtable 0.0017 -104 365 461 493
diningtable 0.0014 79 112 125 291
diningtable 0.0014 23 139 113 216
diningtable 0.0013 142 160 222 197
diningtable 0.0010 78 143 115 211
tvmonitor 0.9554 273 113 342 264
tvmonitor 0.1644 251 91 361 283
tvmonitor 0.0110 233 115 297 251
tvmonitor 0.0059 113 45 175 131
tvmonitor 0.0015 267 -16 400 39
