person 0.0037 397 230 519 405
person 0.0015 -25 165 185 471
person 0.0011 379 171 527 461
bicycle 0.0014 379 171 527 461
bird 0.0114 329 142 475 399
bird 0.0069 379 171 527 461
bird 0.0042 398 236 518 411
bird 0.0010 181 183 258 317
cat 0.0048 379 171 527 461
cat 0.0033 -25 165 185 471
cat 0.0022 397 230 519 405
dog 0.2308 -25 165 185 471
dog 0.1214 379 171 527 461
dog 0.1123 398 236 518 411
dog 0.0064 117 168 316 471
dog 0.0047 329 142 475 399
dog 0.0021 -27 207 107 327
dog 0.0017 -19 254 68 355
horse 0.0362 398 236 518 411
horse 0.0186 -32 159 180 477
horse 0.0181 379 171 527 461
horse 0.0050 -13 156 142 303
horse 0.0029 117 168 316 471
horse 0.0028 -33 205 105 331
horse 0.0014 310 179 503 355
horse 0.0011 181 183 258 317
sheep 0.9879 -13 156 142 303
sheep 0.9868 310 174 486 358
sheep 0.9836 158 166 280 331
sheep 0.9703 120 160 310 492
sheep 0.9332 413 196 529 315
sheep 0.9320 -21 190 70 284
sheep 0.7468 -33 205 105 331
sheep 0.7390 397 230 519 405
sheep 0.7162 -33 170 183 480
sheep 0.5320 379 171 527 461
sheep 0.3127 451 226 514 317
sheep 0.0221 483 238 503 318
sheep 0.0217 74 190 113 252
sheep 0.0198 493 245 500 311
sheep 0.0150 457 243 500 300
sheep 0.0130 493 222 500 275
sheep 0.0097 424 212 524 275
sheep 0.0081 28 169 102 295
sheep 0.0062 -3 215 89 309
sheep 0.0055 484 214 503 285
sheep 0.0051 -1 203 15 276
sheep 0.0044 -11 252 59 363
sheep 0.0043 65 178 112 283
sheep 0.0041 405 218 471 295
sheep 0.0038 468 215 507 405
sheep 0.0038 1 199 6 280
sheep 0.0036 467 224 508 274
sheep 0.0035 -4 211 32 228
sheep 0.0028 -8 208 31 270
sheep 0.0025 490 215 502 377
sheep 0.0022 362 214 503 331
sheep 0.0022 30 224 74 299
sheep 0.0021 469 250 502 271
sheep 0.0018 87 200 108 225
sheep 0.0015 422 220 491 261
sheep 0.0015 -85 245 222 347
sheep 0.0014 496 236 500 336
sheep 0.0012 -56 131 249 322
sheep 0.0011 1 176 123 265
sheep 0.0011 353 203 434 333
sheep 0.0011 496 157 500 208
sheep 0.0010 1 207 7 236
sheep 0.0010 439 229 471 248
sheep 0.0010 468 195 505 321
cow 0.4714 -33 170 183 480
cow 0.2447 120 160 310 492
cow 0.0996 -33 205 105 331
cow 0.0890 379 171 527 461
cow 0.0226 310 179 503 355
cow 0.0190 398 236 518 411
cow 0.0180 158 166 280 331
cow 0.0164 -13 156 142 303
cow 0.0062 -23 183 76 298
cow 0.0048 -24 241 84 369
cow 0.0033 413 196 529 315
