person 0.9442 127 93 202 196
person 0.5136 174 89 233 193
person 0.2335 151 74 258 210
person 0.2015 493 116 500 170
person 0.0538 141 106 189 182
person 0.0220 496 114 500 156
person 0.0201 490 103 503 183
person 0.0188 0 90 2 195
person 0.0162 -2 92 6 194
person 0.0148 0 114 2 154
person 0.0119 186 100 227 170
person 0.0106 -18 61 540 278
person 0.0094 236 137 272 186
person 0.0080 280 113 308 193
person 0.0071 493 81 501 222
person 0.0070 495 118 499 182
person 0.0069 42 114 61 132
person 0.0047 226 128 285 197
person 0.0042 145 140 155 165
person 0.0037 254 100 278 186
person 0.0034 -1 60 5 243
person 0.0031 242 145 266 179
person 0.0024 476 84 499 184
person 0.0021 185 112 210 138
person 0.0019 170 108 204 179
person 0.0018 429 116 448 149
person 0.0014 210 119 242 171
person 0.0012 287 90 313 181
person 0.0012 215 128 236 162
person 0.0012 209 131 222 156
person 0.0011 66 115 82 132
person 0.0011 207 122 223 145
person 0.0011 89 78 214 207
person 0.0011 197 111 217 140
person 0.0010 249 80 306 202
person 0.0010 292 122 307 166
person 0.0010 209 141 224 162
person 0.0010 257 113 275 153
person 0.0010 124 135 136 171
car 0.0072 493 116 500 170
car 0.0058 496 114 500 156
car 0.0028 0 90 2 195
car 0.0013 0 114 2 154
bus 0.9997 -16 45 542 268
bus 0.9982 9 -4 133 246
bus 0.0010 398 24 429 255
