person 0.9880 30 10 406 337
person 0.0235 434 159 512 383
person 0.0066 473 140 504 368
person 0.0033 -11 68 77 394
person 0.0031 483 7 502 423
person 0.0026 470 -89 503 518
person 0.0024 439 -54 507 483
person 0.0021 488 -181 500 496
person 0.0015 459 212 508 371
person 0.0015 491 158 502 320
person 0.0011 -54 20 183 316
person 0.0011 221 -4 488 332
bicycle 0.0017 434 159 512 383
car 0.0043 24 -35 411 300
motorbike 0.0062 434 159 512 383
sheep 0.0020 19 44 417 337
bottle 0.0011 -14 60 86 255
chair 0.0165 19 44 417 337
chair 0.0124 434 159 512 383
chair 0.0059 459 212 508 371
chair 0.0043 -11 68 77 394
chair 0.0017 168 -4 483 335
chair 0.0014 473 140 504 368
chair 0.0010 449 270 515 361
sofa 0.1878 47 40 438 342
sofa 0.0025 221 -4 488 332
diningtable 0.0017 24 -35 411 300
tvmonitor 0.0068 19 44 417 337
