person 0.9984 39 35 290 321
person 0.9930 233 85 491 292
person 0.0501 270 -59 455 391
person 0.0012 152 -108 367 312
bicycle 0.0405 152 -108 367 312
bicycle 0.0069 100 29 422 175
car 0.0147 169 -87 392 317
car 0.0044 112 39 457 196
car 0.0016 142 67 532 282
motorbike 0.6391 161 -97 401 300
motorbike 0.4034 111 29 456 171
motorbike 0.0085 142 67 532 282
aeroplane 0.0065 112 39 457 196
aeroplane 0.0032 161 -97 401 300
train 0.0020 363 87 517 391
boat 0.0181 169 -87 392 317
boat 0.0152 112 39 457 196
boat 0.0124 147 91 533 291
horse 0.0020 112 39 457 196
horse 0.0013 151 -99 371 328
horse 0.0010 142 67 532 282
bottle 0.0011 196 75 245 195
chair 0.5466 91 115 226 417
chair 0.2393 61 167 195 348
chair 0.1130 86 185 155 329
chair 0.0392 42 66 252 319
chair 0.0131 104 192 180 350
chair 0.0071 122 187 234 355
chair 0.0040 194 244 219 328
chair 0.0029 181 141 218 219
chair 0.0027 93 226 132 311
chair 0.0022 178 198 224 350
chair 0.0021 160 88 238 373
chair 0.0019 120 107 249 238
chair 0.0018 174 115 223 231
chair 0.0010 147 91 533 291
chair 0.0010 104 228 171 307
tvmonitor 0.0015 363 87 517 391
