person 0.1316 272 116 352 203
person 0.0842 258 98 380 216
person 0.0236 297 106 369 194
person 0.0160 240 114 309 210
person 0.0146 284 132 324 189
person 0.0111 207 114 284 212
person 0.0091 253 129 295 194
person 0.0079 331 134 368 186
person 0.0077 423 115 440 149
person 0.0069 26 112 574 306
person 0.0056 203 17 446 320
person 0.0054 310 120 352 180
person 0.0049 345 106 415 198
person 0.0046 199 128 232 201
person 0.0044 360 120 398 184
person 0.0037 321 124 382 196
person 0.0037 223 129 264 196
person 0.0014 180 125 253 216
person 0.0013 166 105 311 238
person 0.0013 206 140 245 199
person 0.0013 414 107 445 156
person 0.0011 338 145 361 178
person 0.0011 148 36 362 373
person 0.0010 297 92 448 220
bicycle 0.0027 -36 301 107 349
bicycle 0.0026 -33 203 102 392
car 0.8414 17 113 610 301
car 0.8340 147 81 476 336
car 0.0673 -38 300 120 349
car 0.0318 395 37 519 319
car 0.0076 255 281 346 310
car 0.0055 466 70 505 281
car 0.0037 -33 250 102 369
car 0.0024 486 134 503 247
car 0.0020 152 78 441 156
car 0.0015 85 168 551 398
car 0.0011 273 19 450 318
motorbike 0.0643 -38 300 120 349
motorbike 0.0449 -38 254 123 365
motorbike 0.0202 147 81 476 336
motorbike 0.0158 3 152 622 311
motorbike 0.0013 -9 215 61 373
motorbike 0.0010 -19 116 136 441
boat 0.0030 125 71 476 344
dog 0.0043 297 106 369 194
dog 0.0030 264 94 400 215
