person 0.9956 349 74 412 296
person 0.9923 221 116 271 269
person 0.9865 100 92 156 277
person 0.7595 422 213 451 260
person 0.3674 462 214 475 253
person 0.2851 -3 194 28 272
person 0.2135 488 216 502 254
person 0.1943 25 204 42 241
person 0.1513 18 197 49 268
person 0.1388 -1 202 8 245
person 0.1368 137 50 349 383
person 0.1298 27 200 59 266
person 0.1150 7 204 22 241
person 0.1035 282 179 320 269
person 0.0959 44 207 60 240
person 0.0807 34 207 51 239
person 0.0699 483 205 504 264
person 0.0652 14 209 31 240
person 0.0628 10 52 211 378
person 0.0550 9 213 41 267
person 0.0449 0 206 5 259
person 0.0435 36 201 66 252
person 0.0428 291 228 310 253
person 0.0397 114 104 170 249
person 0.0365 257 27 486 400
person 0.0350 347 229 375 250
person 0.0343 52 206 67 240
person 0.0337 370 233 386 249
person 0.0287 164 202 192 263
person 0.0279 356 232 381 248
person 0.0276 159 169 205 286
person 0.0272 55 204 70 229
person 0.0266 494 209 500 242
person 0.0232 168 214 186 254
person 0.0230 487 175 502 275
person 0.0193 303 214 321 255
person 0.0189 388 111 438 262
person 0.0175 134 110 180 272
person 0.0172 45 203 75 262
person 0.0170 496 182 500 246
person 0.0169 390 143 427 193
person 0.0160 10 195 77 272
person 0.0152 294 163 324 251
person 0.0147 287 155 337 275
person 0.0137 461 209 489 260
person 0.0135 343 220 361 254
person 0.0131 64 217 79 252
person 0.0130 297 207 326 259
person 0.0126 422 219 439 253
person 0.0122 0 192 6 220
person 0.0121 -4 185 14 248
person 0.0114 325 83 456 267
person 0.0106 408 204 468 268
person 0.0095 378 132 437 204
person 0.0095 17 204 33 230
person 0.0084 201 143 538 283
person 0.0084 478 217 494 253
person 0.0082 464 217 483 253
person 0.0066 329 214 394 259
person 0.0065 70 104 213 272
person 0.0062 165 184 203 247
person 0.0058 283 157 301 181
person 0.0056 426 227 447 254
person 0.0056 60 80 509 338
person 0.0055 42 226 64 257
person 0.0055 26 222 42 260
person 0.0052 14 222 35 261
person 0.0051 142 146 178 207
person 0.0050 -11 190 60 259
person 0.0047 51 214 69 253
person 0.0045 463 219 471 236
person 0.0043 109 230 133 253
person 0.0043 55 208 84 261
person 0.0042 402 152 418 180
person 0.0039 390 150 410 186
person 0.0037 341 218 378 254
person 0.0036 162 217 179 252
person 0.0036 154 205 184 261
person 0.0036 438 225 457 256
person 0.0035 4 224 22 260
person 0.0034 176 208 192 239
person 0.0031 82 219 101 248
person 0.0030 32 225 52 257
person 0.0029 131 132 163 202
person 0.0027 130 199 191 270
person 0.0024 34 193 49 219
person 0.0024 206 230 226 252
person 0.0023 -31 170 94 291
person 0.0022 125 135 188 219
person 0.0019 300 179 318 211
person 0.0017 227 137 265 215
person 0.0017 224 233 245 253
person 0.0014 216 230 235 253
person 0.0014 407 151 423 178
person 0.0013 66 190 81 218
person 0.0013 -1 163 9 341
person 0.0013 492 132 502 279
person 0.0012 472 180 499 269
person 0.0012 412 219 427 247
person 0.0012 123 127 155 190
bicycle 0.0014 164 202 192 263
bicycle 0.0013 168 214 186 254
car 0.0047 98 50 352 401
car 0.0019 36 39 212 394
car 0.0015 146 171 214 257
car 0.0012 110 167 288 286
bus 0.0011 36 39 212 394
train 0.0020 36 39 212 394
bird 0.0031 488 216 502 254
dog 0.0897 438 225 457 256
dog 0.0423 426 227 447 254
dog 0.0259 488 216 502 254
dog 0.0201 216 230 235 253
dog 0.0163 422 213 451 260
dog 0.0109 224 233 245 253
dog 0.0095 231 236 258 252
dog 0.0094 291 228 310 253
dog 0.0082 206 230 226 252
dog 0.0065 444 229 465 253
dog 0.0064 462 214 475 253
dog 0.0040 347 229 375 250
dog 0.0034 483 205 504 264
dog 0.0033 413 216 478 263
dog 0.0023 356 232 381 248
dog 0.0017 370 233 386 249
dog 0.0012 201 225 273 258
dog 0.0011 478 217 494 253
dog 0.0010 468 232 484 251
dog 0.0010 429 221 462 259
horse 0.9988 259 36 485 414
horse 0.9940 34 38 213 409
horse 0.9918 139 35 344 414
horse 0.6744 206 158 529 288
horse 0.1882 56 120 184 330
horse 0.0168 61 163 427 290
horse 0.0151 282 179 320 269
horse 0.0145 109 230 133 253
horse 0.0080 10 195 77 272
horse 0.0073 -3 194 18 272
horse 0.0068 422 213 451 260
horse 0.0065 87 222 152 260
horse 0.0057 426 227 447 254
horse 0.0038 268 170 337 279
horse 0.0037 408 204 468 268
horse 0.0034 159 169 205 286
horse 0.0034 100 229 125 253
horse 0.0028 -31 170 94 291
horse 0.0023 27 200 59 266
horse 0.0022 110 167 288 286
horse 0.0022 488 216 502 254
horse 0.0022 0 220 7 263
horse 0.0018 -19 189 48 279
horse 0.0016 353 116 479 262
horse 0.0015 249 163 387 291
horse 0.0015 18 197 49 268
horse 0.0015 483 205 504 264
horse 0.0013 399 123 455 258
horse 0.0012 -30 136 289 283
horse 0.0011 201 225 273 258
horse 0.0010 82 219 101 248
horse 0.0010 -1 202 8 245
sheep 0.0385 231 236 258 252
sheep 0.0347 438 225 457 256
sheep 0.0190 216 230 235 253
sheep 0.0137 224 233 245 253
sheep 0.0122 426 227 447 254
sheep 0.0088 488 216 502 254
sheep 0.0070 422 213 451 260
sheep 0.0057 206 230 226 252
sheep 0.0026 444 229 465 253
sheep 0.0025 483 205 504 264
sheep 0.0020 206 228 280 258
sheep 0.0016 370 233 386 249
sheep 0.0015 242 239 262 251
sheep 0.0011 413 216 478 263
sheep 0.0010 109 230 133 253
sheep 0.0010 462 214 475 253
chair 0.0241 488 216 502 254
chair 0.0171 231 236 258 252
chair 0.0077 224 233 245 253
chair 0.0048 216 230 235 253
chair 0.0047 483 205 504 264
chair 0.0037 426 227 447 254
chair 0.0017 206 230 226 252
chair 0.0015 242 239 262 251
chair 0.0015 370 233 386 249
chair 0.0014 477 226 494 254
chair 0.0013 468 232 484 251
chair 0.0012 462 214 475 253
chair 0.0011 438 225 457 256
chair 0.0010 291 228 310 253
diningtable 0.0011 488 216 502 254
