person 0.9465 82 132 134 257
person 0.0814 45 126 165 265
person 0.0333 92 144 131 224
person 0.0126 42 176 79 244
person 0.0101 80 189 115 247
person 0.0087 -3 134 24 336
person 0.0058 24 165 86 253
person 0.0048 42 176 123 263
person 0.0040 63 168 76 214
person 0.0038 199 163 211 178
person 0.0037 186 166 203 178
person 0.0033 490 154 500 185
person 0.0024 199 143 210 184
person 0.0022 90 179 107 205
person 0.0022 41 188 51 230
person 0.0022 -1 132 11 286
person 0.0022 69 175 147 226
person 0.0021 52 181 71 216
person 0.0018 187 144 203 183
person 0.0017 57 163 81 235
person 0.0016 -6 158 145 269
person 0.0015 179 163 201 180
person 0.0015 86 199 109 237
person 0.0015 96 154 154 269
person 0.0013 54 189 85 249
person 0.0013 116 143 163 251
person 0.0012 137 169 158 195
person 0.0012 37 153 71 230
person 0.0011 34 174 54 242
person 0.0011 180 142 210 221
person 0.0011 493 150 501 177
person 0.0011 430 144 472 250
person 0.0010 50 196 74 224
person 0.0010 42 191 62 227
car 0.0019 493 150 501 177
car 0.0017 490 154 500 185
car 0.0017 298 191 331 212
car 0.0013 137 169 158 195
bird 0.0011 430 144 472 250
horse 0.0016 430 144 472 250
bottle 0.0166 236 238 247 271
bottle 0.0013 233 218 253 280
chair 0.0780 198 159 234 221
chair 0.0131 -4 153 25 353
chair 0.0063 -10 167 73 370
chair 0.0051 430 144 472 250
chair 0.0045 206 173 226 207
chair 0.0039 203 169 230 194
chair 0.0039 184 148 247 232
chair 0.0031 42 176 123 263
chair 0.0026 -23 126 146 420
chair 0.0023 43 189 81 245
chair 0.0021 55 158 191 267
chair 0.0020 30 197 92 261
chair 0.0020 -1 156 9 339
chair 0.0019 205 171 244 227
chair 0.0019 93 196 127 224
chair 0.0018 207 186 241 211
chair 0.0017 -32 174 124 337
chair 0.0017 186 166 203 178
chair 0.0016 220 181 247 239
chair 0.0016 4 207 37 268
chair 0.0015 180 157 212 224
chair 0.0014 80 189 115 247
chair 0.0013 91 186 131 234
chair 0.0013 74 178 143 257
chair 0.0013 49 203 76 235
chair 0.0010 108 203 130 229
chair 0.0010 38 218 73 237
chair 0.0010 101 188 295 313
sofa 0.0024 430 144 472 250
pottedplant 0.0160 427 74 473 242
pottedplant 0.0106 -10 -40 67 354
pottedplant 0.0087 -3 57 22 334
pottedplant 0.0054 469 156 506 226
pottedplant 0.0048 -6 -79 35 429
pottedplant 0.0040 484 143 502 236
pottedplant 0.0032 -43 10 229 259
pottedplant 0.0031 134 157 161 242
pottedplant 0.0030 464 129 506 257
pottedplant 0.0017 433 158 445 187
pottedplant 0.0016 -4 -106 133 210
pottedplant 0.0014 494 159 499 221
pottedplant 0.0014 430 127 465 195
pottedplant 0.0012 -2 111 11 271
diningtable 0.0494 -4 199 173 340
diningtable 0.0119 168 145 243 235
diningtable 0.0105 167 160 245 202
diningtable 0.0060 -6 225 169 272
diningtable 0.0040 59 183 146 237
diningtable 0.0035 198 159 234 221
diningtable 0.0031 203 169 230 194
diningtable 0.0026 30 208 92 266
diningtable 0.0025 182 173 210 185
diningtable 0.0021 186 166 203 178
diningtable 0.0020 82 186 288 317
diningtable 0.0019 86 191 112 208
diningtable 0.0019 180 157 212 224
diningtable 0.0017 26 158 186 268
diningtable 0.0016 24 132 244 368
diningtable 0.0013 93 194 126 209
diningtable 0.0012 -34 185 169 284
diningtable 0.0012 42 176 123 263
diningtable 0.0011 190 172 223 188
diningtable 0.0011 202 168 231 180
diningtable 0.0010 38 218 73 237
