person 0.0082 -17 205 369 440
person 0.0019 87 152 286 503
bird 0.0025 111 222 251 377
bird 0.0016 87 152 286 503
bird 0.0014 -17 205 369 440
cat 0.0081 -8 144 365 429
cat 0.0076 111 222 251 377
cat 0.0034 89 102 280 473
dog 0.0030 -17 205 369 440
dog 0.0028 89 102 280 473
dog 0.0023 111 222 251 377
horse 0.0062 -17 205 369 440
horse 0.0050 87 152 286 503
horse 0.0012 111 222 251 377
cow 0.0011 111 222 251 377
bottle 0.0335 64 14 298 501
bottle 0.0061 -8 144 365 429
bottle 0.0010 -19 44 396 311
pottedplant 0.0051 56 39 298 521
diningtable 0.1102 56 39 298 521
diningtable 0.0020 -23 240 373 472
tvmonitor 0.0035 56 39 298 521
