person 0.0038 -48 123 240 334
person 0.0030 -20 208 169 451
person 0.0012 -2 270 11 403
person 0.0011 91 70 300 210
bottle 0.1478 312 130 336 194
bottle 0.0128 216 169 249 232
bottle 0.0079 315 146 332 180
bottle 0.0030 317 136 330 173
bottle 0.0023 232 172 281 252
bottle 0.0022 306 151 324 180
bottle 0.0017 344 110 380 209
chair 0.8729 326 14 496 539
chair 0.7891 -19 209 184 449
chair 0.5800 104 76 257 209
chair 0.3231 344 149 491 426
chair 0.2665 191 74 332 193
chair 0.2307 274 189 531 358
chair 0.1599 49 39 226 247
chair 0.0808 103 35 216 167
chair 0.0700 29 99 187 221
chair 0.0572 224 -17 364 254
chair 0.0368 193 38 399 206
chair 0.0311 -46 176 223 359
chair 0.0299 81 32 333 242
chair 0.0156 41 108 404 358
chair 0.0147 20 189 153 358
chair 0.0145 -3 292 13 399
chair 0.0112 44 200 90 339
chair 0.0087 327 101 406 205
chair 0.0086 -4 35 185 495
chair 0.0086 132 83 198 201
chair 0.0079 425 107 513 443
chair 0.0069 135 95 164 196
chair 0.0057 228 86 292 183
chair 0.0027 0 320 6 389
chair 0.0023 -1 213 7 420
chair 0.0023 313 141 512 256
chair 0.0022 -4 193 18 431
chair 0.0021 186 86 254 186
chair 0.0020 15 156 73 315
chair 0.0020 51 208 119 336
chair 0.0020 2 147 97 359
chair 0.0019 268 201 470 451
chair 0.0018 -54 257 197 371
chair 0.0018 0 290 3 382
chair 0.0017 297 121 366 185
chair 0.0015 128 88 192 141
chair 0.0013 109 164 546 349
chair 0.0012 482 32 502 515
chair 0.0012 463 71 508 476
chair 0.0011 52 94 156 374
chair 0.0010 311 79 428 235
sofa 0.0766 -19 209 184 449
sofa 0.0340 193 38 399 206
sofa 0.0315 61 41 280 242
sofa 0.0062 224 -17 364 254
sofa 0.0055 29 99 187 221
sofa 0.0052 104 76 257 209
sofa 0.0017 191 74 332 193
sofa 0.0015 -46 176 223 359
pottedplant 0.0801 318 25 399 244
pottedplant 0.0085 339 70 394 219
pottedplant 0.0081 382 104 450 140
pottedplant 0.0050 236 -38 405 277
pottedplant 0.0037 359 36 471 166
diningtable 0.9972 47 126 433 379
diningtable 0.0031 313 141 512 256
tvmonitor 0.0109 103 35 216 167
