person 0.0124 42 -22 460 266
person 0.0023 41 138 460 394
bicycle 0.0052 42 -22 460 266
car 0.0011 42 -22 460 266
motorbike 0.0041 42 -22 460 266
bird 0.1491 36 53 459 383
bird 0.0038 48 177 612 362
cat 0.6630 14 -19 436 384
cat 0.0239 48 177 612 362
cat 0.0065 250 175 562 340
cat 0.0029 305 38 515 467
dog 0.0590 36 53 459 383
dog 0.0099 48 177 612 362
dog 0.0017 305 38 515 467
dog 0.0015 250 175 562 340
horse 0.0092 42 -22 460 266
horse 0.0013 48 177 612 362
sheep 0.0281 33 -12 468 321
cow 0.0087 58 0 487 370
chair 0.0052 391 -18 504 263
chair 0.0044 42 -22 460 266
chair 0.0024 372 113 530 238
sofa 0.0083 36 53 459 383
pottedplant 0.0013 42 -22 460 266
