person 0.9971 271 -125 437 497
person 0.9964 247 92 462 277
person 0.9964 -41 119 362 362
person 0.9876 16 37 88 275
person 0.9802 224 62 321 330
person 0.7384 126 133 168 181
person 0.6105 219 92 270 223
person 0.5410 367 135 399 166
person 0.2728 463 4 506 392
person 0.2398 280 41 427 340
person 0.2090 101 121 180 192
person 0.1034 236 112 268 197
person 0.0907 433 60 514 371
person 0.0643 359 123 414 185
person 0.0463 475 14 502 303
person 0.0281 162 121 197 186
person 0.0125 485 89 503 198
person 0.0096 42 94 93 259
person 0.0093 13 44 53 270
person 0.0090 367 109 424 247
person 0.0083 198 83 285 314
person 0.0066 421 179 490 307
person 0.0053 173 109 306 248
person 0.0051 219 101 256 189
person 0.0047 244 131 279 194
person 0.0046 243 85 320 242
person 0.0046 79 109 204 212
person 0.0044 147 113 206 195
person 0.0038 191 18 367 356
person 0.0034 474 152 504 398
person 0.0032 398 155 536 327
person 0.0031 213 146 277 204
person 0.0031 173 131 194 170
person 0.0029 196 107 258 246
person 0.0024 22 53 82 194
person 0.0023 -29 79 196 523
person 0.0021 485 133 501 289
person 0.0020 472 -33 505 201
person 0.0019 -9 4 67 279
person 0.0018 229 119 285 274
person 0.0018 129 111 168 229
person 0.0015 214 145 240 203
person 0.0014 229 149 261 200
person 0.0013 491 146 500 196
person 0.0013 219 155 237 189
person 0.0012 245 128 260 161
person 0.0012 256 177 308 304
person 0.0012 210 135 269 300
person 0.0011 492 119 500 166
person 0.0011 219 -6 266 130
person 0.0011 199 88 270 158
person 0.0010 5 68 78 123
person 0.0010 492 46 501 184
person 0.0010 148 55 295 221
bottle 0.1102 237 168 249 198
bottle 0.0251 236 160 253 191
bottle 0.0192 231 171 244 197
bottle 0.0128 411 303 501 403
bottle 0.0065 228 157 258 205
bottle 0.0060 396 237 442 379
bottle 0.0038 474 152 504 398
bottle 0.0027 278 259 289 290
bottle 0.0020 255 171 268 191
bottle 0.0017 284 100 304 122
bottle 0.0017 344 276 429 360
bottle 0.0017 488 224 502 388
bottle 0.0014 247 174 263 193
bottle 0.0014 248 182 260 197
bottle 0.0014 228 160 242 187
bottle 0.0014 227 180 243 198
bottle 0.0013 238 180 252 197
bottle 0.0011 248 161 263 186
bottle 0.0010 366 243 420 374
chair 0.6297 259 190 322 313
chair 0.5443 420 181 490 313
chair 0.3409 238 173 354 331
chair 0.3055 -27 88 166 520
chair 0.2496 202 191 268 309
chair 0.2357 404 164 429 274
chair 0.1251 181 165 298 333
chair 0.1064 399 160 510 335
chair 0.0493 397 156 436 302
chair 0.0342 -24 182 115 431
chair 0.0299 -73 233 253 372
chair 0.0255 189 181 262 235
chair 0.0131 263 195 300 283
chair 0.0114 101 121 180 192
chair 0.0112 225 84 321 336
chair 0.0100 208 203 242 223
chair 0.0067 405 237 433 263
chair 0.0058 271 82 451 386
chair 0.0052 -15 186 78 371
chair 0.0048 404 181 428 205
chair 0.0048 471 96 505 372
chair 0.0040 226 168 288 300
chair 0.0037 249 195 278 289
chair 0.0036 253 141 308 293
chair 0.0031 370 106 423 288
chair 0.0028 474 203 505 422
chair 0.0026 11 137 412 483
chair 0.0023 207 112 373 399
chair 0.0022 271 222 314 297
chair 0.0018 252 149 273 182
chair 0.0017 217 207 257 289
chair 0.0016 13 187 89 234
chair 0.0015 -34 202 99 314
chair 0.0015 201 196 233 224
chair 0.0014 198 148 254 287
chair 0.0014 51 114 291 412
chair 0.0013 277 256 289 289
chair 0.0013 254 165 269 183
chair 0.0012 491 146 500 196
chair 0.0011 485 111 503 215
chair 0.0010 8 237 423 375
chair 0.0010 -7 230 32 251
chair 0.0010 126 133 168 181
chair 0.0010 390 225 448 274
sofa 0.4996 -27 88 166 520
sofa 0.0823 -73 233 253 372
sofa 0.0223 -24 182 115 431
sofa 0.0118 421 179 490 307
sofa 0.0075 398 155 536 327
sofa 0.0028 472 115 504 391
sofa 0.0021 -38 182 305 475
sofa 0.0018 -15 186 78 371
sofa 0.0017 433 60 514 371
sofa 0.0017 -66 136 355 363
pottedplant 0.2034 61 133 106 218
pottedplant 0.1870 188 73 282 140
pottedplant 0.1289 251 74 318 137
pottedplant 0.0890 167 55 319 151
pottedplant 0.0615 281 94 306 123
pottedplant 0.0479 264 83 301 128
pottedplant 0.0208 272 91 296 122
pottedplant 0.0073 207 92 244 122
pottedplant 0.0067 71 168 93 202
pottedplant 0.0047 229 79 262 130
pottedplant 0.0042 214 83 269 206
pottedplant 0.0034 277 103 291 121
pottedplant 0.0025 25 44 93 269
pottedplant 0.0023 232 86 261 109
pottedplant 0.0021 66 162 96 217
pottedplant 0.0019 142 -9 363 241
pottedplant 0.0017 252 19 307 144
pottedplant 0.0012 212 101 240 126
pottedplant 0.0011 226 103 244 125
pottedplant 0.0011 262 88 290 120
pottedplant 0.0010 70 140 105 190
diningtable 0.5511 192 125 535 504
diningtable 0.1875 145 239 579 365
diningtable 0.1506 179 166 298 315
diningtable 0.0893 189 170 282 214
diningtable 0.0851 204 180 267 301
diningtable 0.0515 167 141 311 249
diningtable 0.0397 211 167 314 242
diningtable 0.0120 291 195 517 460
diningtable 0.0104 206 213 247 225
diningtable 0.0095 226 168 288 300
diningtable 0.0088 190 206 278 237
diningtable 0.0073 256 177 308 304
diningtable 0.0071 189 181 262 235
diningtable 0.0070 11 137 412 483
diningtable 0.0067 212 129 269 259
diningtable 0.0055 163 83 333 378
diningtable 0.0051 227 180 243 198
diningtable 0.0044 196 197 273 262
diningtable 0.0042 174 184 417 468
diningtable 0.0029 215 83 311 339
diningtable 0.0025 213 146 277 204
diningtable 0.0022 51 114 291 412
diningtable 0.0019 -99 238 444 371
diningtable 0.0017 474 203 505 422
diningtable 0.0017 404 181 428 205
diningtable 0.0016 72 153 333 238
diningtable 0.0016 187 154 360 275
diningtable 0.0015 -29 79 196 523
diningtable 0.0014 229 153 300 212
diningtable 0.0013 -30 223 80 263
diningtable 0.0012 -66 136 355 363
diningtable 0.0011 254 165 269 183
diningtable 0.0011 219 180 237 199
diningtable 0.0010 182 199 326 240
tvmonitor 0.0042 473 -33 504 237
tvmonitor 0.0017 492 12 502 180
tvmonitor 0.0010 -1 105 7 158
tvmonitor 0.0010 -3 90 13 176
