car 0.0172 -14 105 143 482
car 0.0024 21 231 169 406
car 0.0011 -50 267 174 477
chair 0.0023 -28 259 140 609
chair 0.0022 -58 404 178 541
sofa 0.0025 -28 259 140 609
sofa 0.0021 -58 404 178 541
pottedplant 0.9800 8 2 323 500
pottedplant 0.0857 -27 167 142 650
pottedplant 0.0118 -39 302 119 443
pottedplant 0.0069 -61 312 180 486
pottedplant 0.0033 -19 266 106 528
pottedplant 0.0023 6 325 338 488
pottedplant 0.0015 -10 187 167 468
pottedplant 0.0011 71 216 281 613
pottedplant 0.0011 116 45 379 381
