person 0.9992 14 58 231 290
person 0.9988 292 77 484 347
person 0.9966 140 73 342 314
person 0.9827 268 59 321 165
person 0.9518 286 75 360 168
person 0.7819 433 90 459 177
person 0.4861 226 8 318 181
person 0.2765 300 88 347 155
person 0.1855 42 -112 217 413
person 0.0784 238 48 358 178
person 0.0673 159 -79 331 442
person 0.0295 168 -27 324 250
person 0.0290 474 115 493 155
person 0.0220 343 102 361 130
person 0.0155 332 0 445 429
person 0.0147 172 113 199 139
person 0.0110 288 100 319 150
person 0.0097 253 78 290 148
person 0.0074 333 112 350 134
person 0.0066 469 117 487 153
person 0.0063 168 36 552 207
person 0.0061 335 90 366 140
person 0.0049 223 31 289 87
person 0.0049 397 101 434 155
person 0.0047 168 106 203 160
person 0.0040 489 118 501 149
person 0.0039 147 58 327 185
person 0.0038 165 25 279 332
person 0.0033 349 100 364 127
person 0.0032 241 83 512 164
person 0.0029 270 59 358 261
person 0.0028 458 119 472 148
person 0.0027 461 112 495 159
person 0.0020 441 96 474 168
person 0.0019 174 76 237 193
person 0.0017 292 114 366 153
person 0.0017 325 91 356 142
person 0.0016 174 116 188 148
person 0.0016 241 67 305 161
person 0.0016 449 119 464 147
person 0.0015 127 151 192 314
person 0.0015 493 112 500 142
person 0.0013 266 74 301 156
person 0.0013 411 82 461 187
person 0.0013 393 71 438 173
person 0.0012 420 120 436 146
person 0.0012 441 111 455 142
person 0.0011 90 103 464 283
person 0.0011 482 107 504 161
person 0.0011 29 102 59 135
person 0.0011 447 112 468 139
person 0.0011 246 88 300 228
person 0.0011 323 116 341 133
person 0.0011 493 123 499 159
person 0.0010 239 44 272 70
person 0.0010 209 21 313 373
person 0.0010 403 113 429 141
car 0.8402 30 100 92 148
car 0.3242 43 109 82 137
car 0.1809 489 118 501 149
car 0.1619 398 109 435 154
car 0.1261 172 113 199 139
car 0.1086 29 102 59 135
car 0.1025 388 101 447 162
car 0.0778 441 103 512 166
car 0.0777 468 112 499 159
car 0.0598 167 106 204 147
car 0.0475 405 84 490 165
car 0.0314 159 97 214 154
car 0.0285 42 -112 217 413
car 0.0276 493 112 500 142
car 0.0246 439 95 479 155
car 0.0230 59 111 81 135
car 0.0201 376 83 533 182
car 0.0164 174 76 237 193
car 0.0150 482 107 504 161
car 0.0142 20 70 229 167
car 0.0131 469 117 487 153
car 0.0124 0 105 6 143
car 0.0117 0 107 4 162
car 0.0117 115 63 366 259
car 0.0109 -2 86 10 201
car 0.0091 1 97 9 135
car 0.0084 153 -47 342 342
car 0.0065 458 119 472 148
car 0.0064 420 120 436 146
car 0.0056 184 111 202 135
car 0.0054 149 65 261 202
car 0.0052 447 112 468 139
car 0.0051 493 123 499 159
car 0.0051 47 110 80 127
car 0.0046 403 113 429 141
car 0.0042 0 121 3 186
car 0.0041 425 111 446 138
car 0.0040 427 124 445 144
car 0.0039 -10 91 60 158
car 0.0039 185 109 207 125
car 0.0036 438 106 479 124
car 0.0032 449 119 464 147
car 0.0032 -2 65 14 166
car 0.0029 431 85 461 170
car 0.0027 475 119 495 135
car 0.0025 177 127 193 156
car 0.0025 418 93 454 158
car 0.0024 274 79 507 170
car 0.0024 487 83 502 169
car 0.0023 172 103 201 179
car 0.0018 173 109 201 127
car 0.0017 4 101 18 132
car 0.0017 30 122 51 145
car 0.0017 -34 68 98 213
car 0.0017 -4 28 24 212
car 0.0017 41 111 63 137
car 0.0016 426 107 446 124
car 0.0015 -25 -15 138 248
car 0.0015 28 17 317 269
car 0.0014 175 32 480 265
car 0.0014 413 106 443 158
car 0.0014 174 116 188 148
car 0.0013 5 122 20 145
car 0.0013 2 79 8 132
car 0.0012 468 119 485 135
car 0.0011 497 87 500 144
car 0.0011 167 107 189 127
car 0.0010 163 78 206 198
bus 0.0032 465 -4 507 201
bus 0.0017 408 68 527 183
bus 0.0017 405 84 490 165
cat 0.0041 -15 228 106 419
cat 0.0013 -14 127 115 493
cat 0.0012 301 143 408 415
dog 0.9976 161 202 275 388
dog 0.9971 64 133 189 470
dog 0.9952 305 183 408 407
dog 0.9910 -17 203 110 417
dog 0.9885 76 210 196 387
dog 0.8831 232 137 324 404
dog 0.8543 297 122 426 481
dog 0.3521 161 118 309 471
dog 0.1376 298 219 361 366
dog 0.0306 250 148 308 282
dog 0.0285 127 151 192 314
dog 0.0073 73 135 214 329
dog 0.0050 91 170 402 338
dog 0.0045 238 164 289 381
dog 0.0042 273 184 326 362
dog 0.0042 216 138 339 293
dog 0.0034 238 65 358 367
dog 0.0032 248 237 303 385
dog 0.0028 257 200 381 385
dog 0.0023 297 240 331 313
dog 0.0019 286 186 342 326
dog 0.0011 349 202 403 343
dog 0.0010 292 210 336 287
sheep 0.0094 297 122 426 481
sheep 0.0047 -18 164 112 427
sheep 0.0038 315 196 419 411
sheep 0.0010 159 133 286 465
bottle 0.2249 368 213 386 243
bottle 0.0322 363 203 391 257
bottle 0.0098 366 208 380 238
bottle 0.0073 368 225 388 251
bottle 0.0051 359 212 398 283
bottle 0.0029 131 189 143 207
bottle 0.0012 211 191 235 270
bottle 0.0011 369 198 383 225
chair 0.0420 128 92 361 341
chair 0.0307 97 161 145 300
chair 0.0291 326 177 382 284
chair 0.0220 45 37 200 404
chair 0.0143 157 109 202 283
chair 0.0123 0 98 252 338
chair 0.0084 74 132 218 307
chair 0.0066 121 81 203 314
chair 0.0051 107 184 138 278
chair 0.0051 77 192 135 318
chair 0.0049 159 -79 331 442
chair 0.0039 164 169 198 233
chair 0.0036 282 85 476 343
chair 0.0035 21 146 155 326
chair 0.0025 272 77 358 318
chair 0.0025 157 69 244 322
chair 0.0022 304 158 411 304
chair 0.0020 -18 164 112 427
chair 0.0016 115 155 184 310
chair 0.0011 20 70 229 167
sofa 0.0049 128 92 361 341
sofa 0.0035 159 -79 331 442
sofa 0.0018 272 77 358 318
