person 0.0018 284 117 426 287
person 0.0017 238 139 254 154
chair 0.9936 62 113 215 316
chair 0.9821 289 108 446 319
chair 0.8189 196 153 307 315
chair 0.5289 161 121 351 269
chair 0.3899 131 138 199 258
chair 0.3002 206 143 303 179
chair 0.1617 269 136 318 261
chair 0.1215 272 152 296 171
chair 0.1106 120 144 154 199
chair 0.0540 182 74 324 385
chair 0.0411 220 150 247 172
chair 0.0257 112 104 243 280
chair 0.0240 311 144 400 278
chair 0.0228 97 142 185 284
chair 0.0226 234 143 257 155
chair 0.0194 272 142 296 166
chair 0.0177 296 152 328 226
chair 0.0160 302 105 361 242
chair 0.0152 268 149 284 171
chair 0.0141 275 105 405 246
chair 0.0118 113 163 203 235
chair 0.0111 110 135 170 208
chair 0.0106 232 153 278 170
chair 0.0103 237 149 270 158
chair 0.0076 184 150 326 215
chair 0.0068 266 131 303 175
chair 0.0068 129 168 149 196
chair 0.0068 164 168 186 189
chair 0.0061 127 151 148 189
chair 0.0053 131 153 201 206
chair 0.0052 280 152 305 172
chair 0.0044 220 120 381 230
chair 0.0039 313 143 385 214
chair 0.0038 113 165 148 213
chair 0.0035 120 171 142 195
chair 0.0034 257 147 271 159
chair 0.0032 189 136 261 186
chair 0.0029 153 110 217 246
chair 0.0027 250 137 320 183
chair 0.0027 138 169 160 193
chair 0.0026 295 165 313 196
chair 0.0023 216 143 251 179
chair 0.0023 98 157 163 222
chair 0.0023 131 154 169 202
chair 0.0022 222 148 250 161
chair 0.0021 297 160 420 222
chair 0.0021 291 125 343 254
chair 0.0020 269 159 299 175
chair 0.0020 157 156 193 203
chair 0.0020 315 151 347 209
chair 0.0018 359 167 375 192
chair 0.0015 305 146 335 216
chair 0.0014 126 148 139 182
chair 0.0014 289 162 316 177
chair 0.0012 201 174 231 244
chair 0.0012 169 145 184 176
chair 0.0012 267 173 304 249
chair 0.0012 285 167 314 253
chair 0.0011 281 153 361 226
chair 0.0011 399 140 431 223
chair 0.0010 153 167 186 251
sofa 0.7216 161 121 351 269
sofa 0.3936 299 72 427 348
sofa 0.2812 81 79 198 350
sofa 0.1127 206 143 303 179
sofa 0.1095 303 138 420 286
sofa 0.0755 196 153 307 315
sofa 0.0568 99 117 221 274
sofa 0.0290 131 138 199 258
sofa 0.0168 182 74 324 385
sofa 0.0050 269 136 318 261
sofa 0.0020 113 163 203 235
sofa 0.0018 275 105 405 246
sofa 0.0016 185 148 324 190
sofa 0.0011 265 133 335 186
sofa 0.0011 220 120 381 230
sofa 0.0011 186 157 322 221
sofa 0.0010 124 147 196 210
pottedplant 0.3605 125 146 192 201
pottedplant 0.2447 315 137 386 208
pottedplant 0.1829 267 119 334 187
pottedplant 0.1457 144 159 172 187
pottedplant 0.1085 120 144 154 199
pottedplant 0.1082 275 105 405 246
pottedplant 0.0936 280 152 305 172
pottedplant 0.0932 294 112 346 240
pottedplant 0.0823 173 115 231 243
pottedplant 0.0694 252 69 384 207
pottedplant 0.0678 174 130 240 196
pottedplant 0.0623 296 152 328 226
pottedplant 0.0593 131 102 262 252
pottedplant 0.0567 275 117 312 169
pottedplant 0.0521 154 162 182 185
pottedplant 0.0483 214 150 239 174
pottedplant 0.0470 145 124 226 158
pottedplant 0.0467 198 139 231 185
pottedplant 0.0465 205 148 228 177
pottedplant 0.0440 281 83 361 165
pottedplant 0.0368 352 123 382 183
pottedplant 0.0334 181 151 216 230
pottedplant 0.0326 356 136 377 169
pottedplant 0.0303 304 136 339 191
pottedplant 0.0289 138 154 176 202
pottedplant 0.0251 283 128 306 156
pottedplant 0.0233 289 141 314 166
pottedplant 0.0232 142 101 174 185
pottedplant 0.0208 290 152 315 170
pottedplant 0.0192 191 121 217 147
pottedplant 0.0190 151 127 212 260
pottedplant 0.0178 287 110 370 192
pottedplant 0.0172 310 160 330 185
pottedplant 0.0171 347 150 372 172
pottedplant 0.0168 330 146 371 200
pottedplant 0.0166 173 103 241 165
pottedplant 0.0165 93 89 207 228
pottedplant 0.0159 117 98 177 214
pottedplant 0.0152 334 77 385 205
pottedplant 0.0137 282 123 304 146
pottedplant 0.0136 347 91 378 178
pottedplant 0.0122 310 147 331 176
pottedplant 0.0120 189 136 261 186
pottedplant 0.0120 164 168 186 189
pottedplant 0.0116 202 142 225 159
pottedplant 0.0115 158 145 192 198
pottedplant 0.0109 265 110 302 161
pottedplant 0.0106 148 170 169 190
pottedplant 0.0106 285 141 303 164
pottedplant 0.0104 131 118 196 242
pottedplant 0.0100 338 151 364 171
pottedplant 0.0092 330 151 353 173
pottedplant 0.0089 338 170 363 193
pottedplant 0.0087 192 132 219 153
pottedplant 0.0087 261 101 326 170
pottedplant 0.0087 336 159 364 184
pottedplant 0.0087 284 145 358 217
pottedplant 0.0085 145 117 225 187
pottedplant 0.0083 329 161 352 181
pottedplant 0.0081 350 140 373 165
pottedplant 0.0081 314 138 347 204
pottedplant 0.0077 283 136 321 183
pottedplant 0.0075 187 130 209 149
pottedplant 0.0073 328 173 353 191
pottedplant 0.0072 322 162 342 184
pottedplant 0.0071 303 167 320 195
pottedplant 0.0070 301 94 339 152
pottedplant 0.0068 127 151 148 189
pottedplant 0.0068 138 169 160 193
pottedplant 0.0068 350 159 370 185
pottedplant 0.0054 302 152 322 172
pottedplant 0.0054 157 84 345 281
pottedplant 0.0052 120 79 249 199
pottedplant 0.0052 313 166 329 193
pottedplant 0.0051 272 120 295 149
pottedplant 0.0049 151 106 186 160
pottedplant 0.0049 186 112 224 155
pottedplant 0.0046 220 120 381 230
pottedplant 0.0044 106 49 253 302
pottedplant 0.0044 209 142 243 181
pottedplant 0.0044 303 160 324 182
pottedplant 0.0043 194 147 221 177
pottedplant 0.0041 329 120 390 188
pottedplant 0.0040 132 97 203 168
pottedplant 0.0040 305 130 370 261
pottedplant 0.0040 266 131 303 175
pottedplant 0.0038 344 144 359 164
pottedplant 0.0037 166 132 206 150
pottedplant 0.0036 361 161 374 182
pottedplant 0.0036 272 152 296 171
pottedplant 0.0034 353 126 371 161
pottedplant 0.0033 151 129 184 177
pottedplant 0.0032 272 142 296 166
pottedplant 0.0032 234 143 257 155
pottedplant 0.0031 283 93 320 156
pottedplant 0.0031 149 86 225 161
pottedplant 0.0030 304 176 320 205
pottedplant 0.0030 204 119 228 146
pottedplant 0.0028 301 141 320 165
pottedplant 0.0028 152 135 168 173
diningtable 0.0975 178 128 325 341
diningtable 0.0222 186 157 322 221
diningtable 0.0049 281 131 405 290
diningtable 0.0030 196 143 295 169
diningtable 0.0029 164 121 349 244
diningtable 0.0028 272 152 296 171
diningtable 0.0027 112 104 243 280
diningtable 0.0017 307 155 369 270
diningtable 0.0011 113 163 203 235
tvmonitor 0.0010 407 111 432 180
