person 0.0041 264 104 344 169
person 0.0023 59 10 431 224
bicycle 0.9983 49 12 445 359
bicycle 0.1345 60 12 384 219
bicycle 0.0425 249 -102 388 251
bicycle 0.0137 105 -2 209 202
bicycle 0.0018 151 -116 358 278
bicycle 0.0013 184 -36 298 239
boat 0.0084 124 -42 366 367
bird 0.0206 349 138 415 195
bird 0.0133 245 107 302 168
bird 0.0108 179 111 238 204
bird 0.0040 262 118 296 157
bird 0.0021 359 155 398 185
bird 0.0014 155 98 259 220
bird 0.0014 264 104 344 169
bottle 0.0336 231 70 261 162
bottle 0.0203 179 111 238 204
bottle 0.0048 160 64 200 211
bottle 0.0039 193 86 223 165
bottle 0.0039 222 54 261 215
bottle 0.0035 168 112 190 197
bottle 0.0029 155 98 259 220
bottle 0.0026 185 49 221 194
bottle 0.0014 176 73 204 193
bottle 0.0013 232 49 277 190
chair 0.0019 257 -23 383 177
tvmonitor 0.0037 257 -23 383 177
