person 0.0362 -43 26 166 273
person 0.0023 224 54 559 298
cat 0.0031 234 64 499 281
dog 0.9708 52 32 351 273
dog 0.3401 234 64 499 281
dog 0.0106 271 -108 454 418
dog 0.0042 110 8 462 311
dog 0.0025 98 -66 309 367
horse 0.0137 226 64 504 265
sheep 0.0075 226 64 504 265
cow 0.0100 226 64 504 265
chair 0.0095 49 3 455 372
chair 0.0037 31 22 334 277
chair 0.0027 29 217 457 386
chair 0.0022 -39 138 522 487
chair 0.0019 478 96 503 483
chair 0.0010 -43 26 166 273
sofa 0.0472 29 217 457 386
sofa 0.0231 64 -10 440 328
sofa 0.0182 -39 138 522 487
sofa 0.0130 -43 26 166 273
sofa 0.0043 -96 247 581 367
sofa 0.0029 21 67 340 281
