person 0.0028 299 368 398 494
person 0.0016 184 218 314 337
bicycle 0.0013 194 225 303 457
bird 0.0013 313 388 392 449
cat 0.0259 184 218 314 337
cat 0.0028 195 236 300 298
cat 0.0012 124 290 181 353
dog 0.0123 184 218 314 337
dog 0.0083 299 368 398 494
dog 0.0025 315 391 380 446
dog 0.0011 195 236 300 298
chair 0.9990 68 250 200 491
chair 0.9216 188 240 296 465
chair 0.0099 192 303 275 447
chair 0.0035 182 210 318 389
chair 0.0018 214 256 289 373
sofa 0.0027 62 168 193 566
sofa 0.0013 70 261 186 465
pottedplant 0.0017 70 257 208 392
pottedplant 0.0014 132 298 173 343
diningtable 0.0022 165 273 313 475
tvmonitor 0.1206 187 236 312 392
tvmonitor 0.0051 214 256 289 373
