person 0.9983 163 -18 477 401
person 0.0330 344 160 533 363
person 0.0095 357 52 518 535
person 0.0083 256 24 555 367
person 0.0066 59 41 584 267
person 0.0044 67 290 340 412
person 0.0012 246 203 556 375
car 0.0023 127 37 465 402
dog 0.0042 162 20 473 403
horse 0.0027 127 37 465 402
bottle 0.0260 207 341 278 392
bottle 0.0029 218 352 258 382
chair 0.0498 127 37 465 402
chair 0.0305 -99 151 374 360
chair 0.0189 98 287 265 413
chair 0.0063 85 243 503 444
sofa 0.6705 49 -1 458 377
sofa 0.0132 -85 6 381 150
sofa 0.0073 -99 151 374 360
sofa 0.0053 17 -2 271 370
sofa 0.0023 58 143 424 321
sofa 0.0015 59 41 584 267
sofa 0.0010 223 -23 481 412
sofa 0.0010 -73 18 365 281
diningtable 0.0010 49 -1 458 377
tvmonitor 0.0023 162 20 473 403
