person 0.8728 166 21 237 307
person 0.0368 187 202 227 261
person 0.0285 178 191 237 272
person 0.0225 140 26 258 213
person 0.0166 -103 73 477 278
person 0.0069 301 90 322 158
person 0.0053 23 35 353 315
person 0.0016 305 99 319 148
person 0.0011 192 83 240 307
person 0.0010 491 49 500 84
person 0.0010 62 120 82 148
bicycle 0.0013 29 115 96 165
car 0.0019 235 123 252 134
aeroplane 0.0086 -100 86 473 296
aeroplane 0.0076 23 35 353 315
bus 0.0042 23 19 371 325
train 0.0164 23 19 371 325
train 0.0016 -103 73 477 278
boat 0.0019 23 19 371 325
dog 0.9925 289 50 428 357
dog 0.9748 299 126 416 289
horse 0.0017 299 126 416 289
cow 0.0012 299 126 416 289
bottle 0.0077 274 188 285 212
bottle 0.0069 182 111 192 134
chair 0.0020 23 19 371 325
chair 0.0016 229 119 256 134
chair 0.0013 235 123 252 134
chair 0.0011 248 138 281 205
diningtable 0.0017 -100 86 473 296
tvmonitor 0.0026 23 19 371 325
tvmonitor 0.0010 -100 86 473 296
