person 0.0035 378 86 519 420
person 0.0012 479 -55 501 259
bicycle 0.0024 330 -83 496 319
car 0.0307 2 15 104 63
car 0.0033 -7 -22 136 109
car 0.0016 57 31 84 47
car 0.0016 34 21 50 38
bus 0.0011 2 15 104 63
bottle 0.0048 439 -7 471 45
bottle 0.0026 493 -1 500 38
bottle 0.0019 437 19 454 42
bottle 0.0015 313 44 356 131
bottle 0.0014 465 -7 505 49
bottle 0.0014 383 -15 410 51
bottle 0.0012 401 10 417 42
bottle 0.0011 488 -21 502 58
chair 0.9991 77 110 352 335
chair 0.9895 324 169 549 358
chair 0.9695 354 -17 523 543
chair 0.8537 -47 88 234 254
chair 0.6644 342 -4 485 159
chair 0.5880 378 86 519 420
chair 0.3784 -11 -69 182 426
chair 0.3543 162 -2 321 152
chair 0.1315 299 45 526 245
chair 0.0605 443 71 511 249
chair 0.0553 120 23 311 491
chair 0.0482 -103 57 429 225
chair 0.0448 314 -64 506 347
chair 0.0448 355 -20 476 292
chair 0.0357 468 50 504 231
chair 0.0218 305 43 373 112
chair 0.0215 245 49 307 106
chair 0.0184 287 15 420 139
chair 0.0097 -8 -43 288 264
chair 0.0093 489 46 501 223
chair 0.0085 444 258 510 410
chair 0.0084 479 -55 501 259
chair 0.0078 260 59 299 97
chair 0.0055 50 20 272 152
chair 0.0053 65 71 587 215
chair 0.0051 119 -36 535 316
chair 0.0042 474 32 501 359
chair 0.0035 427 145 520 236
chair 0.0030 235 26 275 110
chair 0.0027 233 4 289 125
chair 0.0023 437 81 510 390
chair 0.0021 406 88 533 261
chair 0.0019 461 -47 505 327
chair 0.0017 141 50 229 80
chair 0.0016 482 70 503 437
chair 0.0016 496 96 500 190
chair 0.0014 494 129 500 196
chair 0.0013 376 12 452 142
chair 0.0011 145 -19 351 314
chair 0.0011 493 150 501 388
chair 0.0011 219 33 286 80
chair 0.0011 493 -22 500 214
chair 0.0010 98 45 222 269
sofa 0.5781 -84 66 348 245
sofa 0.4285 -3 -57 339 264
sofa 0.0929 -11 -69 182 426
sofa 0.0394 -48 88 195 259
sofa 0.0167 162 -2 321 152
sofa 0.0114 -11 109 376 334
sofa 0.0104 -82 7 425 154
sofa 0.0095 50 20 272 152
sofa 0.0034 66 -31 270 314
sofa 0.0010 322 199 553 373
pottedplant 0.0044 235 -35 291 123
pottedplant 0.0030 454 -16 512 57
diningtable 0.6908 65 71 587 215
diningtable 0.5891 70 95 572 335
diningtable 0.1574 146 -36 500 283
diningtable 0.0110 358 -39 515 329
diningtable 0.0015 468 50 504 231
