person 0.6786 255 78 551 358
person 0.0052 108 101 543 285
person 0.0038 239 11 410 372
person 0.0027 158 96 240 370
dog 0.1272 239 11 410 372
dog 0.0680 189 90 563 345
dog 0.0539 86 127 479 305
dog 0.0103 293 103 407 287
dog 0.0101 150 -38 360 430
horse 0.0033 100 116 416 283
horse 0.0021 255 78 551 358
horse 0.0018 239 11 410 372
sheep 0.0134 94 128 418 305
sheep 0.0037 150 -38 360 430
sheep 0.0024 103 -42 347 98
sheep 0.0023 239 11 410 372
cow 0.3285 94 128 418 305
cow 0.0694 153 -11 345 443
cow 0.0469 239 11 410 372
cow 0.0175 189 90 563 345
cow 0.0159 11 12 332 359
cow 0.0097 119 20 458 358
cow 0.0050 -57 158 398 353
cow 0.0020 -83 80 431 304
cow 0.0018 103 -42 347 98
bottle 0.0169 296 139 464 441
bottle 0.0041 255 78 551 358
chair 0.0239 269 80 541 316
chair 0.0019 93 113 469 282
chair 0.0011 459 154 507 282
diningtable 0.0010 459 154 507 282
