person 0.9997 -95 87 341 363
person 0.5099 -18 35 241 413
person 0.0389 457 242 507 419
person 0.0066 60 65 460 364
person 0.0042 432 -102 509 533
person 0.0037 78 -6 106 24
person 0.0036 448 129 506 454
person 0.0028 61 -14 122 32
person 0.0013 467 -67 504 537
train 0.0011 3 61 332 389
bottle 0.0026 471 31 479 63
bottle 0.0013 -20 184 126 241
bottle 0.0012 58 119 347 226
bottle 0.0011 470 2 507 91
chair 0.0954 390 -10 517 209
chair 0.0298 389 69 500 117
chair 0.0159 465 49 505 195
chair 0.0081 393 -42 436 139
chair 0.0065 403 9 462 147
chair 0.0061 457 242 507 419
chair 0.0037 443 94 509 454
chair 0.0029 467 112 507 175
chair 0.0027 310 -106 486 233
chair 0.0025 410 34 444 104
chair 0.0018 470 2 507 91
chair 0.0015 488 38 502 192
chair 0.0014 309 -25 448 148
chair 0.0010 390 -32 481 153
sofa 0.0160 457 242 507 419
sofa 0.0074 443 94 509 454
pottedplant 0.0010 328 86 415 125
diningtable 0.0046 398 17 534 148
diningtable 0.0017 465 49 505 195
diningtable 0.0013 418 -27 513 196
diningtable 0.0011 457 242 507 419
tvmonitor 0.0713 471 8 507 69
tvmonitor 0.0222 91 62 488 366
tvmonitor 0.0108 483 21 502 55
tvmonitor 0.0080 468 32 507 85
tvmonitor 0.0072 339 36 403 116
tvmonitor 0.0025 489 36 500 59
tvmonitor 0.0014 468 -15 505 110
