person 0.0218 189 149 588 354
person 0.0022 277 52 512 391
person 0.0017 41 173 58 195
bottle 0.0234 238 210 256 250
bottle 0.0214 222 193 247 251
bottle 0.0100 228 201 244 245
bottle 0.0076 227 186 243 218
bottle 0.0062 215 216 233 246
bottle 0.0038 46 215 58 238
bottle 0.0019 371 294 386 315
bottle 0.0019 246 217 264 245
chair 0.9837 156 96 273 285
chair 0.5334 172 121 255 249
chair 0.4050 33 199 94 323
chair 0.0509 189 149 588 354
chair 0.0126 31 210 92 275
chair 0.0078 434 190 513 397
chair 0.0067 18 182 115 338
chair 0.0051 -14 98 95 406
chair 0.0046 140 109 199 280
chair 0.0029 98 44 322 342
chair 0.0020 215 107 381 244
chair 0.0020 238 154 310 210
chair 0.0015 468 168 503 419
chair 0.0010 41 228 85 309
chair 0.0010 169 186 248 236
chair 0.0010 186 157 249 268
sofa 0.9665 156 139 586 332
sofa 0.0054 239 28 504 415
sofa 0.0014 150 94 270 288
sofa 0.0010 30 205 93 291
pottedplant 0.0190 222 174 248 253
diningtable 0.0013 148 112 202 274
diningtable 0.0012 149 117 351 405
tvmonitor 0.7933 -9 70 68 439
tvmonitor 0.0025 31 127 72 269
