person 0.2181 433 130 467 321
person 0.0742 300 60 454 205
person 0.0117 134 162 147 191
person 0.0103 257 91 418 202
person 0.0094 103 160 118 188
person 0.0091 333 100 426 171
person 0.0086 140 13 488 314
person 0.0032 278 -15 454 271
person 0.0027 300 111 402 178
person 0.0027 141 161 155 191
person 0.0025 284 119 359 189
person 0.0025 0 170 6 196
person 0.0019 340 72 406 188
person 0.0016 0 177 5 204
person 0.0015 249 117 318 193
person 0.0015 97 169 108 190
person 0.0011 218 124 265 244
person 0.0010 -1 80 565 295
person 0.0010 124 168 135 194
person 0.0010 115 167 126 195
person 0.0010 279 99 364 167
car 0.0073 0 170 6 196
car 0.0043 0 165 6 185
car 0.0025 0 177 5 204
car 0.0016 0 185 6 218
bus 0.9997 97 10 456 323
bus 0.1036 -1 80 565 295
bus 0.0011 0 170 6 196
train 0.0070 94 -16 469 282
