person 0.0558 445 -47 512 165
person 0.0034 126 34 572 203
person 0.0020 -63 184 383 347
person 0.0019 20 107 529 238
person 0.0012 71 -7 480 384
cat 0.0034 -63 184 383 347
cat 0.0017 43 95 479 235
cat 0.0016 126 34 572 203
dog 0.9975 -87 184 367 341
dog 0.9919 88 36 578 208
dog 0.9893 43 95 479 235
dog 0.8889 75 -37 438 384
dog 0.0494 -25 60 298 465
dog 0.0125 187 -68 516 290
chair 0.1622 29 38 472 388
chair 0.0039 445 -47 512 165
sofa 0.9876 -1 -13 499 400
sofa 0.0330 167 -1 475 306
sofa 0.0206 98 41 599 229
sofa 0.0141 20 107 529 238
sofa 0.0033 -91 142 369 331
sofa 0.0028 445 -47 512 165
sofa 0.0011 -108 22 358 282
