person 0.0272 122 120 151 185
person 0.0233 250 96 303 208
person 0.0208 106 174 136 232
person 0.0166 174 173 218 244
person 0.0162 163 157 227 260
person 0.0150 266 128 337 204
person 0.0136 30 64 441 336
person 0.0062 216 84 340 220
person 0.0056 248 102 282 190
person 0.0055 129 132 145 178
person 0.0046 77 185 88 226
person 0.0043 105 174 120 229
person 0.0043 232 123 257 186
person 0.0039 68 123 95 182
person 0.0036 303 127 339 176
person 0.0034 449 93 484 153
person 0.0030 495 164 501 203
person 0.0030 72 132 88 177
person 0.0029 357 124 384 200
person 0.0023 0 108 2 199
person 0.0022 310 133 333 170
person 0.0022 122 133 140 178
person 0.0019 165 171 189 239
person 0.0019 111 98 146 270
person 0.0018 321 135 341 169
person 0.0016 282 140 303 168
person 0.0016 240 117 266 191
person 0.0015 99 112 160 195
person 0.0014 274 134 310 194
person 0.0014 -2 100 8 207
person 0.0013 494 143 500 186
person 0.0013 227 135 245 173
person 0.0013 293 119 352 186
person 0.0013 315 118 347 175
person 0.0012 75 149 87 173
person 0.0012 186 140 205 170
person 0.0011 382 127 411 200
person 0.0010 490 121 502 245
person 0.0010 238 118 394 212
person 0.0010 440 168 470 232
person 0.0010 239 130 253 179
person 0.0010 266 108 299 183
bus 0.9998 30 39 441 329
bus 0.0032 -12 0 70 297
bus 0.0023 -4 31 21 273
train 0.0013 45 1 433 305
chair 0.0045 -9 215 73 395
