person 0.1273 480 159 492 188
person 0.0580 452 159 462 179
person 0.0539 444 158 452 177
person 0.0367 442 154 450 174
person 0.0200 437 152 444 171
person 0.0184 458 157 467 180
person 0.0051 490 154 498 187
person 0.0038 388 186 412 269
person 0.0026 490 166 497 191
person 0.0025 481 153 492 175
person 0.0023 378 151 418 285
person 0.0021 474 147 499 197
person 0.0019 474 163 484 182
car 0.0017 480 159 492 188
car 0.0010 0 150 7 168
train 0.9997 91 19 416 316
train 0.9987 -33 56 533 284
bottle 0.0015 318 267 332 310
