person 0.9992 187 69 370 435
person 0.9987 -35 9 212 230
person 0.9986 -69 180 247 417
person 0.9504 133 -82 250 266
person 0.9397 91 10 313 195
person 0.8681 -20 -4 173 438
person 0.7708 118 -220 283 406
person 0.5042 -7 -47 56 186
person 0.4220 177 -68 289 243
person 0.1742 -34 255 233 628
person 0.1715 -68 137 236 306
person 0.0931 230 -43 354 105
person 0.0798 309 -42 335 132
person 0.0701 226 -62 347 545
person 0.0671 -63 319 257 493
person 0.0502 260 -30 325 93
person 0.0442 207 -60 338 195
person 0.0346 -12 79 134 359
person 0.0243 287 -29 337 96
person 0.0211 13 -22 69 191
person 0.0092 183 -32 286 134
person 0.0058 -17 102 91 274
person 0.0055 -6 -62 26 197
person 0.0052 14 -42 147 257
person 0.0042 -6 -32 45 94
person 0.0034 -15 271 130 613
person 0.0033 195 10 305 315
person 0.0032 302 -1 328 7
person 0.0027 -3 -25 75 53
person 0.0026 170 22 366 256
person 0.0023 34 170 163 306
person 0.0019 143 -8 237 19
person 0.0018 257 -7 371 18
person 0.0018 -40 -39 91 92
person 0.0016 313 -77 333 241
person 0.0015 60 -42 208 100
person 0.0015 -22 -155 137 336
person 0.0014 218 13 279 193
person 0.0013 89 -31 183 170
person 0.0013 299 -20 332 72
person 0.0011 297 -59 336 187
person 0.0010 -66 -24 115 54
bottle 0.0055 121 209 183 287
bottle 0.0053 143 -8 237 19
bottle 0.0044 233 219 262 271
bottle 0.0039 193 -2 222 7
bottle 0.0031 169 -2 207 10
bottle 0.0029 205 207 244 265
bottle 0.0014 30 104 54 129
bottle 0.0013 211 179 249 234
bottle 0.0011 192 168 227 227
bottle 0.0010 125 189 156 278
chair 0.1845 -34 255 233 628
chair 0.0274 76 6 200 175
chair 0.0248 -63 319 257 493
chair 0.0166 -3 -151 180 356
chair 0.0107 -50 203 178 430
chair 0.0061 57 145 86 231
chair 0.0053 -47 19 289 198
chair 0.0030 -5 154 22 219
chair 0.0018 99 21 174 156
chair 0.0015 -15 271 130 613
chair 0.0013 286 285 333 464
chair 0.0011 -41 88 117 277
chair 0.0010 -9 362 245 569
sofa 0.4031 -34 255 233 628
sofa 0.0863 -3 -151 180 356
sofa 0.0834 76 6 200 175
sofa 0.0790 -63 319 257 493
sofa 0.0231 -47 19 289 198
sofa 0.0150 -50 203 178 430
sofa 0.0077 89 -150 263 333
sofa 0.0073 99 21 174 156
sofa 0.0026 38 -92 217 282
sofa 0.0014 -15 271 130 613
sofa 0.0013 162 -106 333 213
sofa 0.0012 186 64 365 379
sofa 0.0010 -12 337 90 537
pottedplant 0.0121 166 91 300 270
pottedplant 0.0029 195 111 268 250
diningtable 0.0674 94 87 294 470
diningtable 0.0413 40 183 350 389
diningtable 0.0131 135 99 370 398
diningtable 0.0022 -3 -151 180 356
diningtable 0.0018 -19 102 361 324
diningtable 0.0015 139 152 255 402
diningtable 0.0011 -34 201 263 432
diningtable 0.0010 89 -150 263 333
