person 0.0099 65 11 489 377
person 0.0042 -42 -116 310 238
person 0.0010 -27 78 168 525
bicycle 0.0355 45 -20 455 337
car 0.0108 45 -20 455 337
motorbike 0.0073 45 -20 455 337
motorbike 0.0010 26 60 330 372
cat 0.9914 39 21 467 371
cat 0.0036 -27 78 168 525
cat 0.0027 -102 110 372 338
cat 0.0025 2 -4 273 388
cat 0.0015 -5 196 31 349
cat 0.0013 -53 172 195 364
cat 0.0011 241 -6 484 386
dog 0.0056 75 49 481 375
dog 0.0012 -27 78 168 525
sheep 0.0021 45 -20 455 337
chair 0.0297 45 -20 455 337
sofa 0.0131 45 -20 455 337
pottedplant 0.0026 45 -20 455 337
diningtable 0.0028 55 123 443 386
