person 0.0206 -85 60 530 226
person 0.0120 213 -14 251 54
person 0.0045 184 233 250 308
person 0.0039 128 5 501 271
person 0.0019 126 64 212 111
person 0.0017 202 -25 266 65
person 0.0017 78 44 245 141
car 0.9902 54 35 465 248
car 0.9766 -95 60 611 225
car 0.0061 137 -105 523 227
car 0.0024 30 12 625 125
car 0.0022 174 -17 238 61
car 0.0022 186 -8 225 53
car 0.0018 -96 152 583 343
motorbike 0.0016 53 56 461 275
aeroplane 0.0011 74 -1 472 229
bus 0.3795 74 -1 472 229
bus 0.0130 30 12 625 125
bus 0.0088 192 -102 533 235
bus 0.0014 -43 29 607 187
train 0.0024 192 -102 533 235
train 0.0022 74 -1 472 229
boat 0.0069 -96 152 583 343
