person 0.0720 128 209 147 251
person 0.0560 388 95 453 151
person 0.0253 119 208 139 250
person 0.0091 471 148 481 192
person 0.0058 26 222 40 250
person 0.0049 257 207 273 243
person 0.0041 475 134 496 207
person 0.0028 480 146 490 194
person 0.0026 264 207 277 241
person 0.0024 141 164 155 179
person 0.0021 466 136 489 203
person 0.0014 105 200 173 256
person 0.0013 117 212 130 243
person 0.0012 402 108 436 136
car 0.0639 464 177 507 297
car 0.0096 -3 197 74 261
car 0.0069 224 131 554 289
car 0.0042 265 -12 514 439
car 0.0014 95 198 201 255
car 0.0013 236 196 311 250
aeroplane 0.9577 -94 90 419 239
aeroplane 0.2821 -16 -9 347 363
aeroplane 0.0017 106 -27 387 284
aeroplane 0.0012 -20 7 140 346
aeroplane 0.0011 -26 173 90 276
bus 0.0078 219 83 561 285
bus 0.0061 270 -9 487 435
bus 0.0048 -3 197 74 261
bus 0.0032 467 90 504 276
bus 0.0015 -26 173 90 276
bus 0.0014 464 177 507 297
train 0.0022 219 83 561 285
bird 0.0020 388 95 453 151
