person 0.0054 -3 -68 17 231
person 0.0051 -9 -67 37 382
person 0.0037 -8 76 35 291
person 0.0033 -18 -10 66 32
person 0.0029 -3 -28 16 87
person 0.0023 491 11 501 52
person 0.0020 61 -20 498 399
person 0.0019 487 -12 503 70
person 0.0017 -14 -28 72 342
car 0.0293 191 -66 548 146
car 0.0204 20 8 636 143
car 0.0170 41 -9 464 231
car 0.0058 -18 -10 84 32
car 0.0038 163 -18 513 37
car 0.0015 219 18 571 193
car 0.0014 20 -73 415 149
car 0.0014 218 -7 464 13
motorbike 0.9948 30 -8 468 393
motorbike 0.0386 20 8 636 143
motorbike 0.0246 197 -103 538 231
motorbike 0.0122 59 34 606 253
motorbike 0.0079 219 18 571 193
motorbike 0.0068 31 -74 471 147
motorbike 0.0067 130 -37 377 247
motorbike 0.0051 -51 27 477 185
motorbike 0.0023 -60 28 252 267
motorbike 0.0012 -9 64 97 294
motorbike 0.0011 59 -109 282 240
motorbike 0.0010 -83 171 439 359
boat 0.0010 37 -20 462 333
dog 0.0014 3 -15 432 327
chair 0.0155 -9 91 35 297
chair 0.0126 -3 -60 17 187
chair 0.0051 -2 -20 12 135
chair 0.0015 0 -34 7 188
chair 0.0014 -10 51 70 310
chair 0.0012 -26 -148 151 292
diningtable 0.0010 22 126 478 384
tvmonitor 0.0040 -9 91 35 297
