person 0.7014 154 0 584 177
person 0.3238 62 146 607 333
person 0.0393 61 -3 439 349
person 0.0037 165 99 484 375
person 0.0025 222 -116 510 217
person 0.0025 234 29 414 306
person 0.0025 132 49 588 291
person 0.0023 285 43 521 286
person 0.0016 -12 73 367 315
person 0.0014 264 80 367 270
car 0.0013 154 0 584 177
motorbike 0.0014 154 0 584 177
cat 0.9955 5 62 428 317
cat 0.0021 210 6 377 331
cat 0.0014 5 150 586 333
chair 0.0422 57 -12 377 354
chair 0.0045 62 146 607 333
chair 0.0028 154 0 584 177
chair 0.0011 -10 25 440 236
sofa 0.3678 57 -12 377 354
sofa 0.0198 62 146 607 333
sofa 0.0045 -67 14 257 331
sofa 0.0040 -10 25 440 236
sofa 0.0036 137 -2 537 183
sofa 0.0014 171 57 483 351
sofa 0.0011 -35 79 165 310
diningtable 0.0045 89 146 612 331
diningtable 0.0010 61 -3 439 349
