person 0.9988 305 30 395 312
car 0.0013 493 78 500 91
boat 0.7260 49 24 386 279
boat 0.3477 -4 77 31 91
boat 0.2529 51 75 75 91
boat 0.2427 96 39 124 106
boat 0.1880 29 75 56 90
boat 0.1708 40 76 62 90
boat 0.1705 77 78 104 92
boat 0.1501 21 79 46 91
boat 0.1199 97 77 123 92
boat 0.1149 58 58 69 96
boat 0.0866 -1 77 14 89
boat 0.0633 78 42 105 106
boat 0.0519 107 77 131 92
boat 0.0515 11 79 34 90
boat 0.0497 86 41 114 106
boat 0.0492 85 55 98 97
boat 0.0439 102 54 117 96
boat 0.0407 37 61 51 93
boat 0.0370 56 76 84 90
boat 0.0358 96 85 125 92
boat 0.0306 49 45 76 105
boat 0.0254 259 86 281 94
boat 0.0210 87 85 113 92
boat 0.0194 -17 65 48 100
boat 0.0193 2 63 83 101
boat 0.0192 92 54 107 97
boat 0.0184 43 61 61 94
boat 0.0179 -5 42 32 104
boat 0.0168 249 76 276 95
boat 0.0156 116 75 136 90
boat 0.0150 -71 40 207 115
boat 0.0114 28 49 58 102
boat 0.0112 78 85 105 92
boat 0.0110 261 78 283 94
boat 0.0110 74 35 146 113
boat 0.0100 38 50 68 101
boat 0.0100 69 66 150 100
boat 0.0092 22 85 46 92
boat 0.0089 75 59 91 93
boat 0.0087 45 86 60 91
boat 0.0084 111 58 127 93
boat 0.0063 24 65 119 98
boat 0.0057 49 85 75 92
boat 0.0056 27 61 42 92
boat 0.0050 250 77 266 92
boat 0.0048 29 86 55 92
boat 0.0043 19 47 48 103
boat 0.0040 456 87 471 93
boat 0.0037 19 46 104 107
boat 0.0035 415 88 426 95
boat 0.0033 -20 41 64 108
boat 0.0031 16 59 31 91
boat 0.0028 61 62 79 91
boat 0.0026 13 86 32 92
boat 0.0025 10 27 34 107
boat 0.0025 0 85 28 92
boat 0.0023 232 63 300 104
boat 0.0019 0 62 10 91
boat 0.0018 0 64 25 89
boat 0.0017 102 34 338 420
boat 0.0015 0 84 6 95
boat 0.0014 453 88 466 93
boat 0.0014 247 44 283 107
boat 0.0013 493 78 500 91
boat 0.0012 -2 35 18 110
boat 0.0012 101 58 137 102
boat 0.0011 72 86 94 92
boat 0.0010 53 58 87 102
