person 0.4128 324 209 334 249
person 0.1200 50 222 61 264
person 0.0541 317 212 324 247
person 0.0332 460 219 468 241
person 0.0150 315 210 323 233
person 0.0129 326 211 334 234
person 0.0122 83 213 92 244
person 0.0108 0 244 3 275
person 0.0090 0 196 23 285
person 0.0073 402 218 410 237
person 0.0072 414 218 422 236
person 0.0065 313 211 319 233
person 0.0062 494 210 499 250
person 0.0062 0 221 2 279
person 0.0049 462 214 470 230
person 0.0045 452 220 467 241
person 0.0042 413 214 421 230
person 0.0035 421 220 430 237
person 0.0033 46 216 65 270
person 0.0027 459 217 471 259
person 0.0024 415 227 426 253
person 0.0023 422 215 429 230
person 0.0022 455 203 473 273
person 0.0022 420 229 434 251
person 0.0020 402 223 410 255
person 0.0017 394 217 408 231
person 0.0015 400 215 413 230
person 0.0013 317 202 341 255
person 0.0013 397 220 406 233
person 0.0011 137 202 143 221
person 0.0010 492 206 499 231
bicycle 0.0022 0 244 3 275
car 0.0117 0 244 3 275
car 0.0077 452 220 467 241
car 0.0056 394 217 408 231
car 0.0054 395 207 496 257
car 0.0036 492 206 499 231
car 0.0029 0 221 2 279
car 0.0029 400 215 413 230
car 0.0021 -1 219 7 236
car 0.0018 460 219 468 241
car 0.0017 494 210 499 250
car 0.0013 420 230 450 249
car 0.0011 428 224 445 239
car 0.0010 397 220 406 233
motorbike 0.0016 0 244 3 275
bus 0.0085 97 171 155 282
bus 0.0012 486 165 502 256
bus 0.0010 -1 219 7 236
bus 0.0010 493 201 499 225
train 0.9830 98 163 154 278
train 0.2967 69 152 183 287
train 0.0911 352 188 557 274
train 0.0080 353 129 528 323
train 0.0060 422 198 529 259
train 0.0056 9 124 419 318
train 0.0051 395 207 496 257
train 0.0041 227 188 563 249
train 0.0040 335 192 426 235
train 0.0029 466 152 507 282
train 0.0015 180 147 556 296
train 0.0011 492 206 499 231
train 0.0010 468 189 506 255
