person 0.0013 80 11 400 279
person 0.0011 -63 12 228 349
car 0.0012 80 11 400 279
boat 0.0022 14 -3 319 444
boat 0.0014 80 11 400 279
cat 0.0011 43 21 394 330
dog 0.0078 -63 12 228 349
dog 0.0050 102 3 322 426
dog 0.0021 80 11 400 279
horse 0.0516 102 3 322 426
horse 0.0253 17 -7 246 447
horse 0.0056 80 11 400 279
horse 0.0052 58 139 403 424
sheep 0.6664 69 18 409 338
sheep 0.6622 128 -1 334 435
sheep 0.3612 -63 12 228 349
sheep 0.1718 58 139 403 424
cow 0.7047 -73 27 239 406
cow 0.4701 77 143 330 431
cow 0.3559 65 29 409 397
sofa 0.0011 80 11 400 279
