person 0.0759 318 188 344 221
boat 0.9527 49 167 285 239
boat 0.6197 144 10 156 33
boat 0.0975 144 20 157 31
boat 0.0827 70 24 78 29
boat 0.0570 246 23 256 29
boat 0.0558 243 23 253 29
boat 0.0178 147 12 162 32
boat 0.0177 243 15 252 30
boat 0.0164 74 24 83 30
boat 0.0108 246 15 257 30
boat 0.0064 69 16 78 28
boat 0.0061 149 21 162 30
boat 0.0033 51 182 283 209
boat 0.0032 75 17 84 27
boat 0.0029 58 188 263 229
boat 0.0025 453 25 460 29
boat 0.0024 134 -3 165 42
boat 0.0016 86 25 97 30
boat 0.0016 136 23 147 29
boat 0.0013 211 24 222 30
boat 0.0013 221 25 231 30
boat 0.0012 320 195 343 221
boat 0.0012 191 25 202 30
boat 0.0011 49 26 57 31
boat 0.0011 413 26 423 30
boat 0.0010 134 15 149 29
boat 0.0010 229 24 240 30
bird 0.6846 318 188 344 221
bird 0.0088 302 178 358 230
bird 0.0012 326 192 336 201
dog 0.0037 318 188 344 221
sheep 0.0012 314 186 346 225
bottle 0.0013 318 188 344 221
