person 0.0024 -8 49 151 450
bird 0.0264 275 -127 426 237
bird 0.0040 -8 49 151 450
cat 0.0076 319 -10 492 187
dog 0.0979 208 22 384 479
dog 0.0351 319 -10 492 187
dog 0.0231 89 8 240 511
dog 0.0112 -8 49 151 450
dog 0.0058 275 -127 426 237
dog 0.0022 201 145 286 373
horse 0.0530 208 22 384 479
horse 0.0436 86 133 246 399
horse 0.0166 -8 49 151 450
horse 0.0124 275 -127 426 237
horse 0.0061 201 145 286 373
horse 0.0025 54 24 234 494
horse 0.0016 319 -10 492 187
horse 0.0012 243 126 379 372
sheep 0.4899 201 145 286 373
sheep 0.4823 89 123 243 399
sheep 0.3706 319 -10 492 187
sheep 0.3121 -8 49 151 450
sheep 0.2211 242 -34 307 124
sheep 0.1515 208 22 384 479
sheep 0.0231 275 -127 426 237
sheep 0.0140 54 24 234 494
sheep 0.0081 243 126 379 372
sheep 0.0050 76 204 209 378
sheep 0.0038 101 222 155 355
sheep 0.0020 13 185 481 329
sheep 0.0011 14 145 153 355
cow 0.0213 208 22 384 479
cow 0.0194 86 133 246 399
cow 0.0065 -8 49 151 450
cow 0.0064 201 145 286 373
cow 0.0033 319 -10 492 187
cow 0.0028 275 -127 426 237
cow 0.0013 242 -34 307 124
cow 0.0012 243 126 379 372
