person 0.9886 444 109 473 260
person 0.9677 286 91 344 211
person 0.4610 263 75 371 227
person 0.1500 343 98 399 205
person 0.1183 261 101 290 207
person 0.1163 258 153 291 198
person 0.0948 300 81 419 222
person 0.0199 443 140 474 194
person 0.0181 245 90 286 215
person 0.0157 71 38 477 302
person 0.0157 264 169 285 192
person 0.0115 371 153 391 176
person 0.0092 245 147 302 204
person 0.0085 345 110 380 178
person 0.0057 152 133 188 194
person 0.0052 451 148 473 237
person 0.0035 361 139 398 188
person 0.0028 361 95 419 207
person 0.0024 313 122 409 203
person 0.0020 189 141 206 173
person 0.0020 342 139 418 207
person 0.0018 496 167 500 240
person 0.0016 451 154 463 177
person 0.0013 181 129 215 186
person 0.0013 468 192 487 222
person 0.0012 217 163 234 185
person 0.0012 118 122 201 207
person 0.0011 105 125 138 189
person 0.0011 300 107 339 185
person 0.0011 166 141 182 170
person 0.0010 0 149 2 200
bicycle 0.0022 446 139 471 242
aeroplane 0.0053 135 28 145 39
bus 0.9998 46 39 442 306
bus 0.3358 -64 79 557 254
bird 0.0787 135 28 145 39
dog 0.0010 468 192 487 222
chair 0.0019 201 150 272 199
chair 0.0011 152 133 188 194
pottedplant 0.0187 -3 119 35 175
pottedplant 0.0033 10 128 32 167
diningtable 0.0018 71 38 477 302
