person 0.1101 48 13 469 377
person 0.0047 18 101 239 515
person 0.0013 -23 92 285 359
car 0.1056 68 -22 502 328
car 0.0094 19 19 632 204
car 0.0028 243 0 566 163
car 0.0024 39 137 482 392
motorbike 0.0020 39 137 482 392
boat 0.0058 68 -22 502 328
boat 0.0021 39 137 482 392
dog 0.9048 62 39 494 390
dog 0.3994 45 62 616 242
dog 0.0083 44 207 517 380
dog 0.0054 -23 92 285 359
dog 0.0020 -47 87 462 293
dog 0.0015 111 107 610 325
bottle 0.0014 307 103 372 182
chair 0.1508 -17 153 109 435
chair 0.0747 -25 60 126 536
chair 0.0457 48 13 469 377
chair 0.0217 -71 15 256 211
chair 0.0156 -44 25 178 347
chair 0.0056 -22 -81 196 169
chair 0.0035 289 -138 524 281
chair 0.0028 18 101 239 515
chair 0.0026 243 0 566 163
chair 0.0020 45 62 616 242
chair 0.0015 -73 219 281 368
chair 0.0011 -12 258 65 411
sofa 0.3650 48 13 469 377
sofa 0.0222 45 62 616 242
sofa 0.0126 -66 13 251 285
sofa 0.0101 -25 60 126 536
sofa 0.0065 18 101 239 515
sofa 0.0040 44 207 517 380
sofa 0.0040 187 -14 519 325
sofa 0.0033 -73 219 281 368
sofa 0.0030 28 10 618 150
sofa 0.0021 237 11 571 193
sofa 0.0015 289 -138 524 281
sofa 0.0010 -23 92 285 359
diningtable 0.0025 -22 -81 196 169
