person 0.0055 439 179 450 201
car 0.0106 -2 150 14 173
car 0.0086 0 161 7 179
car 0.0041 461 118 507 269
car 0.0037 1 152 22 171
car 0.0017 12 157 35 170
car 0.0015 2 161 23 175
car 0.0013 0 168 4 188
car 0.0012 10 161 36 174
car 0.0011 -26 0 471 283
aeroplane 0.9827 -66 24 560 282
aeroplane 0.7218 34 82 465 196
aeroplane 0.0732 -144 98 642 205
aeroplane 0.0652 461 118 507 269
aeroplane 0.0073 -14 92 48 173
aeroplane 0.0057 -2 150 14 173
aeroplane 0.0027 -5 98 20 184
aeroplane 0.0024 463 -22 506 414
aeroplane 0.0023 -34 78 98 205
aeroplane 0.0020 107 72 532 260
aeroplane 0.0018 -2 142 13 165
aeroplane 0.0016 1 152 22 171
aeroplane 0.0014 439 43 511 347
aeroplane 0.0014 -14 134 46 189
boat 0.0060 -83 -16 579 300
boat 0.0020 -133 86 631 190
