person 0.0031 0 251 5 270
person 0.0021 419 208 452 216
person 0.0015 386 202 412 218
person 0.0012 0 251 5 284
boat 0.6313 386 202 412 218
boat 0.5906 419 208 452 216
boat 0.0192 384 204 401 218
boat 0.0151 438 208 449 213
boat 0.0091 425 200 446 209
boat 0.0081 381 175 415 229
boat 0.0078 420 199 437 210
boat 0.0063 397 198 476 223
boat 0.0062 399 206 410 215
boat 0.0060 447 199 464 206
boat 0.0049 418 209 425 214
boat 0.0046 391 196 409 214
boat 0.0044 420 213 451 219
boat 0.0029 438 201 455 207
boat 0.0026 495 192 500 210
boat 0.0019 494 173 500 210
boat 0.0017 346 194 431 225
boat 0.0016 399 200 413 209
boat 0.0013 359 214 380 221
boat 0.0013 419 213 438 218
boat 0.0013 345 199 492 220
boat 0.0012 0 251 5 270
boat 0.0012 362 207 395 219
boat 0.0011 497 201 500 221
boat 0.0010 411 199 427 207
bird 0.0067 0 251 5 270
bird 0.0015 387 336 404 359
bird 0.0015 0 251 5 284
bird 0.0014 -1 264 8 290
bird 0.0012 59 240 65 245
dog 0.0110 79 232 240 358
horse 0.0027 66 232 237 357
sheep 0.9159 79 232 240 358
sheep 0.0036 0 251 5 270
sheep 0.0016 -1 264 8 290
cow 0.4744 79 232 240 358
