person 0.0838 121 -40 256 149
person 0.0316 303 -17 341 154
person 0.0045 63 79 98 168
person 0.0011 144 -14 222 125
bird 0.0122 121 -40 256 149
cat 0.0108 121 -44 255 148
horse 0.0030 121 -40 256 149
bottle 0.0019 303 -17 341 154
bottle 0.0016 479 55 504 338
bottle 0.0013 63 94 111 229
chair 0.0411 113 244 309 443
chair 0.0170 -7 265 38 404
chair 0.0054 440 144 507 436
chair 0.0042 470 213 505 414
chair 0.0039 479 55 504 338
chair 0.0035 445 172 509 304
chair 0.0025 352 126 470 185
chair 0.0015 465 3 504 504
chair 0.0013 304 211 501 458
chair 0.0010 250 24 472 378
sofa 0.0011 479 55 504 338
diningtable 0.0038 -53 141 536 369
tvmonitor 0.9945 108 -15 307 298
tvmonitor 0.6989 250 24 472 378
tvmonitor 0.0265 479 55 504 338
tvmonitor 0.0210 195 139 513 270
tvmonitor 0.0033 47 53 96 218
tvmonitor 0.0024 42 92 375 217
tvmonitor 0.0022 482 106 504 185
tvmonitor 0.0019 1 36 62 119
tvmonitor 0.0018 445 172 509 304
tvmonitor 0.0015 352 126 470 185
tvmonitor 0.0011 31 31 110 244
tvmonitor 0.0010 61 46 96 102
