person 0.5924 20 70 50 220
person 0.5675 37 73 69 223
person 0.2067 313 67 353 229
person 0.0024 37 111 44 126
person 0.0021 315 79 336 203
person 0.0020 53 110 60 127
person 0.0015 42 89 68 171
person 0.0014 52 104 63 122
person 0.0014 16 104 36 193
person 0.0013 313 89 349 171
bottle 0.0018 318 139 352 216
bottle 0.0013 23 129 30 153
chair 0.9893 -11 207 250 427
chair 0.1406 71 163 148 248
chair 0.0917 39 152 171 258
chair 0.0672 29 127 189 312
chair 0.0300 51 165 109 215
chair 0.0260 30 68 212 576
chair 0.0179 315 73 353 241
chair 0.0105 318 139 352 216
chair 0.0063 60 174 100 202
chair 0.0028 225 99 331 341
chair 0.0023 90 156 158 287
chair 0.0021 75 147 180 408
chair 0.0018 222 121 262 318
chair 0.0015 3 137 34 196
chair 0.0011 173 57 271 384
chair 0.0010 84 186 126 205
chair 0.0010 238 119 281 319
chair 0.0010 336 166 349 208
chair 0.0010 84 177 132 235
sofa 0.0088 -18 191 245 411
pottedplant 0.2222 292 155 331 214
pottedplant 0.0844 284 144 342 224
pottedplant 0.0098 315 73 353 241
pottedplant 0.0065 297 170 315 204
pottedplant 0.0045 297 76 341 245
pottedplant 0.0037 318 139 352 216
pottedplant 0.0016 299 162 322 197
diningtable 0.8705 40 179 431 462
diningtable 0.0727 86 101 392 320
diningtable 0.0011 18 138 32 159
tvmonitor 0.0053 222 52 329 203
