person 0.0394 175 109 200 140
person 0.0189 167 98 208 172
person 0.0161 31 145 44 179
person 0.0115 235 117 255 147
person 0.0099 8 53 446 367
person 0.0085 492 184 500 221
person 0.0072 195 122 213 150
person 0.0071 0 149 4 195
person 0.0062 104 107 174 181
person 0.0053 63 75 187 203
person 0.0052 488 167 502 258
person 0.0048 490 159 500 183
person 0.0040 206 83 225 165
person 0.0032 192 108 220 181
person 0.0032 254 116 276 149
person 0.0031 228 96 259 155
person 0.0031 132 116 165 169
person 0.0028 492 197 500 245
person 0.0027 96 85 152 188
person 0.0026 137 124 158 160
person 0.0021 262 118 281 150
person 0.0020 0 193 4 246
person 0.0020 324 117 359 164
person 0.0020 174 84 223 195
person 0.0019 248 109 282 153
person 0.0016 201 95 228 191
person 0.0015 395 112 426 174
person 0.0015 493 153 500 177
person 0.0014 495 161 498 225
person 0.0013 243 119 264 147
person 0.0010 -2 125 11 216
person 0.0010 494 152 499 209
bicycle 0.0010 492 207 499 248
car 0.0313 492 184 500 221
car 0.0291 490 159 500 183
car 0.0166 488 167 502 258
car 0.0104 0 167 30 190
car 0.0070 38 63 504 356
car 0.0064 492 197 500 245
car 0.0058 486 136 503 229
car 0.0054 0 162 4 199
car 0.0053 -7 144 32 285
car 0.0045 -1 159 15 260
car 0.0040 493 153 500 177
car 0.0040 -5 148 32 196
car 0.0040 494 152 499 209
car 0.0030 0 193 4 246
car 0.0021 495 161 498 225
car 0.0017 489 139 500 163
car 0.0014 0 181 5 241
bus 0.9997 30 27 480 347
bus 0.0288 -5 70 34 285
bus 0.0171 490 159 500 183
bus 0.0137 486 136 503 229
bus 0.0044 479 83 504 279
bus 0.0037 489 139 500 163
bus 0.0027 493 153 500 177
bus 0.0023 494 152 499 209
bus 0.0023 -6 128 30 199
bus 0.0019 -2 121 12 207
bus 0.0016 484 120 504 188
train 0.0081 -5 70 34 285
chair 0.0032 165 115 206 185
pottedplant 0.0044 492 184 500 221
pottedplant 0.0043 488 167 502 258
pottedplant 0.0011 486 136 503 229
pottedplant 0.0010 479 98 504 290
pottedplant 0.0010 492 197 500 245
diningtable 0.0067 40 52 470 365
