bicycle 0.0017 4 73 369 285
boat 0.0034 388 -28 519 416
boat 0.0011 359 72 540 289
cat 0.9997 14 99 377 299
cat 0.0233 68 5 304 420
chair 0.1996 24 134 530 436
chair 0.0365 29 95 468 315
chair 0.0025 388 -28 519 416
chair 0.0020 -57 223 607 333
chair 0.0017 404 227 453 361
chair 0.0016 62 249 219 368
chair 0.0011 364 72 536 321
chair 0.0010 171 -13 475 364
pottedplant 0.0010 4 73 369 285
diningtable 0.1963 24 134 530 436
diningtable 0.0088 29 95 468 315
diningtable 0.0043 -82 220 612 332
tvmonitor 0.0020 359 72 540 289
tvmonitor 0.0012 131 -32 313 75
