person 0.5543 227 83 303 180
person 0.2466 285 72 417 187
person 0.1275 253 97 294 164
person 0.0823 281 105 319 159
person 0.0761 268 93 333 173
person 0.0634 287 111 313 140
person 0.0360 234 101 278 163
person 0.0223 313 78 369 172
person 0.0189 91 198 109 215
person 0.0129 470 179 506 242
person 0.0112 176 158 216 276
person 0.0100 101 200 119 215
person 0.0099 54 168 162 264
person 0.0076 -2 198 34 256
person 0.0052 -15 187 48 264
person 0.0044 112 198 128 216
person 0.0036 170 12 469 374
person 0.0035 327 92 370 153
person 0.0034 96 110 513 265
person 0.0033 285 118 305 145
person 0.0033 249 108 274 138
person 0.0031 273 107 291 141
person 0.0027 199 63 328 184
person 0.0026 174 185 208 250
person 0.0024 265 106 286 139
person 0.0017 85 199 101 217
person 0.0016 122 196 136 220
person 0.0015 252 118 272 146
person 0.0013 311 93 349 153
person 0.0012 484 201 501 233
person 0.0012 296 118 388 161
person 0.0011 407 180 425 204
car 0.9426 40 158 172 272
car 0.9019 93 95 535 259
car 0.3374 176 180 212 253
car 0.2410 470 179 506 242
car 0.2182 -24 179 70 262
car 0.0800 174 -36 463 383
car 0.0309 70 163 140 265
car 0.0264 484 201 501 233
car 0.0127 436 211 473 232
car 0.0125 -2 198 34 256
car 0.0090 166 169 228 265
car 0.0065 458 170 515 250
car 0.0064 -8 169 43 268
car 0.0045 -2 180 15 259
car 0.0030 182 209 205 242
car 0.0026 0 182 5 256
car 0.0023 183 184 208 220
car 0.0022 418 195 482 242
car 0.0021 -42 165 133 264
car 0.0020 144 152 298 284
car 0.0018 477 192 497 228
car 0.0016 492 180 499 221
car 0.0012 189 176 216 261
car 0.0012 474 188 493 213
car 0.0010 147 201 163 224
car 0.0010 91 160 236 267
motorbike 0.0024 470 179 506 242
motorbike 0.0012 96 110 513 265
bus 0.0136 104 110 525 264
bus 0.0010 475 182 506 240
boat 0.0014 475 182 506 240
