person 0.0022 -18 -40 125 369
person 0.0019 -14 45 85 300
person 0.0014 379 -19 517 424
person 0.0012 431 59 439 72
car 0.0036 236 58 269 77
car 0.0015 219 47 285 91
car 0.0014 481 95 504 158
bird 0.0120 -18 -40 125 369
dog 0.0058 -18 -40 125 369
dog 0.0024 387 86 518 335
dog 0.0023 56 -57 256 458
dog 0.0017 15 122 301 283
dog 0.0012 233 50 402 250
dog 0.0012 374 -26 522 449
dog 0.0010 218 83 348 371
horse 0.0212 -22 51 117 295
horse 0.0020 -22 -51 130 398
horse 0.0020 382 62 411 76
sheep 0.9935 387 86 518 335
sheep 0.9923 218 75 347 368
sheep 0.9707 52 -72 248 492
sheep 0.9524 24 131 275 292
sheep 0.9358 -22 51 117 295
sheep 0.9080 -22 -51 130 398
sheep 0.7960 374 -26 522 449
sheep 0.7509 235 60 401 227
sheep 0.4422 205 -44 364 481
sheep 0.2385 101 115 173 156
sheep 0.1418 382 62 411 76
sheep 0.0827 430 125 464 145
sheep 0.0699 178 127 397 311
sheep 0.0635 434 118 499 168
sheep 0.0605 401 119 436 143
sheep 0.0510 481 95 504 158
sheep 0.0467 382 111 454 154
sheep 0.0453 422 125 451 144
sheep 0.0451 37 110 203 160
sheep 0.0386 449 125 496 149
sheep 0.0356 488 103 501 148
sheep 0.0326 394 122 424 143
sheep 0.0315 226 66 261 85
sheep 0.0258 220 119 290 172
sheep 0.0249 410 113 483 156
sheep 0.0249 64 106 123 164
sheep 0.0242 429 114 464 131
sheep 0.0200 351 64 365 75
sheep 0.0200 212 55 281 94
sheep 0.0176 304 85 377 180
sheep 0.0109 442 131 488 155
sheep 0.0104 360 96 514 185
sheep 0.0062 440 90 512 162
sheep 0.0062 236 58 269 77
sheep 0.0061 470 60 481 69
sheep 0.0057 406 130 446 154
sheep 0.0053 451 110 477 135
sheep 0.0052 274 82 358 220
sheep 0.0047 440 116 473 135
sheep 0.0044 194 37 260 95
sheep 0.0042 425 119 452 134
sheep 0.0040 -5 45 31 268
sheep 0.0038 319 101 359 165
sheep 0.0034 431 59 439 72
sheep 0.0033 474 81 504 350
sheep 0.0025 77 118 109 148
sheep 0.0021 444 108 472 127
sheep 0.0020 -53 78 184 175
sheep 0.0019 487 81 502 205
sheep 0.0018 187 64 204 77
sheep 0.0018 462 63 473 72
sheep 0.0017 114 126 165 145
sheep 0.0017 176 64 200 78
sheep 0.0017 493 93 499 141
sheep 0.0016 477 104 497 142
sheep 0.0016 495 120 499 163
sheep 0.0015 419 100 490 137
sheep 0.0015 -62 98 186 266
sheep 0.0015 427 117 467 153
sheep 0.0014 257 91 385 162
sheep 0.0013 269 13 534 217
sheep 0.0013 440 126 480 177
sheep 0.0012 493 110 501 352
sheep 0.0012 400 60 411 72
sheep 0.0011 392 123 412 140
sheep 0.0011 -10 82 52 148
sheep 0.0011 75 66 214 361
sheep 0.0011 434 109 513 195
sheep 0.0010 447 104 482 143
cow 0.0764 382 62 411 76
cow 0.0335 374 -26 522 449
cow 0.0192 387 86 518 335
cow 0.0184 218 83 348 371
cow 0.0165 -22 51 117 295
cow 0.0155 28 130 285 292
cow 0.0120 61 -64 249 485
cow 0.0102 -22 -51 130 398
cow 0.0080 205 -44 364 481
cow 0.0029 351 64 365 75
cow 0.0028 233 50 402 250
cow 0.0015 178 127 397 311
