person 0.9535 99 -22 471 305
person 0.8600 129 24 241 202
person 0.8026 -40 37 148 269
person 0.6401 -22 -66 108 368
person 0.0808 59 75 302 261
person 0.0413 104 -81 257 338
person 0.0100 190 42 250 212
person 0.0069 -13 -18 104 207
person 0.0056 210 59 265 197
person 0.0045 -31 125 98 247
person 0.0038 131 8 587 209
person 0.0022 313 125 523 364
person 0.0018 -8 -103 40 405
person 0.0016 1 -104 162 309
person 0.0015 -11 91 78 326
person 0.0015 138 38 194 212
person 0.0012 -2 -14 23 314
person 0.0011 209 65 246 148
sofa 0.0113 111 10 600 274
sofa 0.0010 218 -26 486 311
