person 0.0010 -6 -189 61 591
bottle 0.0114 340 197 470 424
bottle 0.0075 -1 39 13 516
bottle 0.0042 365 221 447 401
bottle 0.0016 -1 300 5 497
bottle 0.0016 -5 -154 61 591
bottle 0.0010 -3 307 14 555
bottle 0.0010 -3 -186 26 625
bottle 0.0010 10 85 235 341
chair 0.7605 138 100 409 461
chair 0.0476 90 223 461 347
chair 0.0042 336 146 460 456
chair 0.0022 163 194 353 285
chair 0.0012 23 70 195 510
sofa 0.1417 138 100 409 461
sofa 0.0151 90 223 461 347
sofa 0.0014 336 146 460 456
pottedplant 0.3781 10 85 235 341
pottedplant 0.1704 244 138 563 342
pottedplant 0.0010 356 180 457 390
diningtable 0.9231 41 302 479 519
diningtable 0.0024 -66 354 618 501
diningtable 0.0022 27 192 483 471
diningtable 0.0014 145 243 364 461
