person 0.9894 27 130 58 234
person 0.8134 291 100 327 156
person 0.8044 161 88 212 185
person 0.7874 -2 120 29 226
person 0.6881 12 129 42 235
person 0.2007 283 88 338 167
person 0.1744 -2 125 13 237
person 0.1360 6 171 40 224
person 0.1300 0 139 6 185
person 0.0894 18 132 43 197
person 0.0607 26 136 43 170
person 0.0507 69 38 456 305
person 0.0502 333 100 367 152
person 0.0483 23 144 39 182
person 0.0393 350 110 369 146
person 0.0355 333 117 351 147
person 0.0334 220 117 248 173
person 0.0311 134 72 236 201
person 0.0296 226 124 244 165
person 0.0233 341 115 362 147
person 0.0219 0 147 5 215
person 0.0212 296 105 314 145
person 0.0206 372 109 389 144
person 0.0202 -7 163 52 233
person 0.0172 6 138 22 166
person 0.0153 -4 118 17 189
person 0.0153 158 121 176 150
person 0.0136 22 125 42 161
person 0.0129 31 136 49 169
person 0.0127 301 112 321 151
person 0.0109 322 116 340 148
person 0.0108 -3 130 16 157
person 0.0098 358 117 377 144
person 0.0089 488 111 501 157
person 0.0089 343 105 375 149
person 0.0084 210 115 224 139
person 0.0082 316 96 344 155
person 0.0074 20 150 33 191
person 0.0072 322 90 380 162
person 0.0068 203 103 231 170
person 0.0065 121 119 139 151
person 0.0059 113 113 146 173
person 0.0058 366 99 394 149
person 0.0054 0 123 11 149
person 0.0052 17 143 32 166
person 0.0051 13 178 35 210
person 0.0050 153 105 182 164
person 0.0044 229 118 244 152
person 0.0040 172 96 205 154
person 0.0033 313 115 330 149
person 0.0033 326 110 358 151
person 0.0030 0 173 5 228
person 0.0030 62 128 81 141
person 0.0029 490 112 500 140
person 0.0027 378 111 396 142
person 0.0027 34 148 48 174
person 0.0024 25 130 57 175
person 0.0023 179 105 197 142
person 0.0021 5 178 23 210
person 0.0020 407 112 426 137
person 0.0020 401 113 417 138
person 0.0020 148 128 182 175
person 0.0019 252 122 276 148
person 0.0018 73 111 87 135
person 0.0016 298 106 321 129
person 0.0016 389 112 406 140
person 0.0016 7 143 20 180
person 0.0015 482 103 504 166
person 0.0014 -6 119 28 167
person 0.0014 304 107 339 154
person 0.0013 196 100 257 187
person 0.0012 247 109 283 159
person 0.0011 339 94 401 158
person 0.0010 11 129 40 156
person 0.0010 140 70 189 177
person 0.0010 -37 102 92 255
person 0.0010 -14 119 59 181
car 0.9677 34 114 104 170
car 0.7197 -13 112 59 172
car 0.2436 -3 130 16 157
car 0.1263 482 103 504 166
car 0.1108 488 111 501 157
car 0.0879 17 119 46 167
car 0.0384 -5 119 21 170
car 0.0378 20 124 42 149
car 0.0222 0 123 11 149
car 0.0177 87 133 118 155
car 0.0171 64 121 136 167
car 0.0149 490 112 500 140
car 0.0136 50 122 93 162
car 0.0097 0 136 7 172
car 0.0051 11 129 40 156
car 0.0041 40 132 64 157
car 0.0026 31 132 53 160
car 0.0024 158 121 176 150
car 0.0023 -44 96 103 188
car 0.0017 -9 109 32 163
car 0.0011 34 123 70 164
car 0.0011 1 124 22 147
car 0.0011 43 128 65 143
bus 0.9998 92 23 472 291
bus 0.0182 488 111 501 157
bus 0.0177 483 85 504 167
bus 0.0096 435 51 495 222
bus 0.0075 490 112 500 140
bus 0.0023 -15 107 51 168
bus 0.0016 472 48 506 194
bus 0.0012 -5 106 21 166
bus 0.0011 0 123 11 149
train 0.0014 482 103 504 166
dog 0.0011 6 171 40 224
chair 0.0059 0 173 5 228
chair 0.0042 -3 141 13 240
chair 0.0020 5 183 24 214
chair 0.0015 6 171 40 224
pottedplant 0.0011 74 102 85 131
