person 0.2170 127 115 207 151
person 0.1797 185 92 249 158
person 0.0538 206 102 241 146
person 0.0402 222 88 290 158
person 0.0318 153 124 186 143
person 0.0203 106 76 262 171
person 0.0168 214 107 235 141
person 0.0093 178 71 342 168
person 0.0080 419 125 492 184
person 0.0068 236 100 276 146
person 0.0045 63 80 93 134
person 0.0044 6 80 450 256
person 0.0041 408 116 524 190
person 0.0038 257 103 326 148
person 0.0034 271 113 301 142
person 0.0034 143 124 174 145
person 0.0020 218 109 232 126
person 0.0015 129 67 191 170
person 0.0012 439 141 471 168
person 0.0012 243 109 269 140
person 0.0011 131 105 258 155
car 0.9895 34 90 476 247
car 0.0238 403 99 530 219
car 0.0019 0 99 10 131
car 0.0016 -41 6 543 327
car 0.0014 -159 128 664 250
car 0.0012 -141 81 649 201
aeroplane 0.0047 48 57 462 232
bus 0.0051 48 57 462 232
bird 0.0023 207 79 221 93
pottedplant 0.0021 -4 52 19 143
pottedplant 0.0012 39 40 172 157
pottedplant 0.0011 126 69 208 123
tvmonitor 0.0232 185 -33 304 89
