person 0.9995 253 12 567 360
person 0.9915 267 -170 452 334
person 0.9858 0 12 323 178
person 0.9630 -44 1 153 383
person 0.8178 231 5 495 161
person 0.1192 47 -132 276 329
person 0.0401 -3 -81 14 244
person 0.0244 -2 -30 9 108
person 0.0207 282 -48 430 208
person 0.0161 -40 192 165 384
person 0.0125 -19 82 110 350
person 0.0113 -32 67 367 331
person 0.0083 99 240 222 417
person 0.0077 385 155 454 287
person 0.0067 -11 -68 74 348
person 0.0060 -18 -29 106 229
person 0.0055 351 137 476 303
person 0.0051 123 259 193 399
person 0.0042 0 -38 6 192
person 0.0034 312 3 547 228
person 0.0032 -30 115 94 266
person 0.0021 -7 -85 32 440
person 0.0021 351 -88 518 319
person 0.0020 0 -12 2 90
person 0.0019 -3 -8 20 325
person 0.0019 -15 -145 137 295
person 0.0019 -9 119 75 428
person 0.0019 438 -43 507 163
person 0.0011 -32 65 96 213
bottle 0.9948 171 81 227 304
bottle 0.9362 58 84 110 243
bottle 0.9124 48 95 77 190
bottle 0.9024 395 68 437 181
bottle 0.4516 346 75 381 168
bottle 0.0666 47 78 85 234
bottle 0.0644 330 66 386 207
bottle 0.0158 367 40 462 310
bottle 0.0103 58 113 85 189
bottle 0.0093 294 50 412 200
bottle 0.0069 51 28 114 362
bottle 0.0052 -31 125 98 234
bottle 0.0046 -7 19 94 302
bottle 0.0033 397 150 458 286
bottle 0.0032 347 56 447 233
bottle 0.0032 79 137 107 227
bottle 0.0028 353 95 367 132
bottle 0.0026 348 80 375 136
bottle 0.0026 366 73 424 212
bottle 0.0025 39 118 71 184
bottle 0.0022 22 79 140 242
bottle 0.0021 413 74 434 176
bottle 0.0020 404 141 471 225
bottle 0.0015 120 257 181 401
bottle 0.0012 52 129 70 176
bottle 0.0010 380 95 450 168
chair 0.0183 -36 157 160 369
chair 0.0163 -20 53 145 540
chair 0.0071 21 244 78 379
chair 0.0047 255 94 562 344
chair 0.0036 120 257 181 401
chair 0.0036 -8 200 102 418
chair 0.0036 99 240 222 417
chair 0.0025 206 125 420 497
chair 0.0023 -32 309 163 402
chair 0.0022 188 236 361 385
chair 0.0021 249 258 334 337
sofa 0.0031 -36 157 160 369
sofa 0.0026 265 -146 458 338
sofa 0.0011 206 125 420 497
sofa 0.0010 255 94 562 344
diningtable 0.9439 -26 136 516 337
diningtable 0.0577 -42 213 467 364
diningtable 0.0172 38 52 389 345
diningtable 0.0105 -36 157 160 369
diningtable 0.0097 -24 1 146 541
diningtable 0.0028 50 114 218 498
diningtable 0.0027 255 94 562 344
diningtable 0.0017 -51 14 228 372
diningtable 0.0011 200 134 397 490
