person 0.0802 149 299 167 320
person 0.0434 139 300 160 321
person 0.0145 129 300 148 321
person 0.0044 157 295 174 320
person 0.0026 220 277 226 285
person 0.0022 120 300 140 321
person 0.0017 212 276 221 285
car 0.9986 35 238 239 425
car 0.1921 212 276 221 285
car 0.1087 220 277 226 285
car 0.0363 248 278 258 287
car 0.0121 214 280 222 288
car 0.0100 220 280 227 288
car 0.0087 206 277 212 284
car 0.0062 243 281 251 287
car 0.0057 243 279 251 285
car 0.0030 257 282 268 288
car 0.0027 255 277 268 286
car 0.0023 278 284 288 291
car 0.0016 2 196 574 466
car 0.0014 269 283 279 288
car 0.0012 120 284 196 332
car 0.0010 88 254 228 374
cow 0.0013 67 185 210 453
