person 0.0179 -1 171 7 328
person 0.0135 31 165 94 239
person 0.0099 75 166 150 252
person 0.0099 0 209 2 290
person 0.0085 102 180 137 239
person 0.0052 300 153 378 231
person 0.0052 116 163 172 264
person 0.0044 17 -1 298 333
person 0.0043 479 110 502 398
person 0.0042 53 168 87 233
person 0.0040 59 156 189 275
person 0.0037 360 161 395 222
person 0.0037 492 195 502 343
person 0.0036 313 167 350 215
person 0.0030 85 180 118 239
person 0.0026 8 138 126 265
person 0.0020 277 175 365 229
person 0.0019 -2 208 12 350
person 0.0019 497 217 500 301
person 0.0018 63 183 78 217
person 0.0017 496 201 500 260
person 0.0015 0 193 2 249
person 0.0015 348 175 413 245
person 0.0014 0 215 2 322
person 0.0014 317 174 344 207
person 0.0013 359 186 397 234
person 0.0012 490 167 500 313
person 0.0012 260 140 406 252
person 0.0011 473 208 497 272
person 0.0011 111 194 130 229
person 0.0010 449 167 469 234
person 0.0010 296 192 324 216
bicycle 0.0015 -1 195 9 342
car 0.0076 -1 171 7 328
car 0.0059 0 209 2 290
car 0.0043 492 195 502 343
car 0.0031 479 110 502 398
car 0.0025 497 217 500 301
car 0.0018 161 144 593 353
car 0.0017 496 201 500 260
car 0.0015 -2 208 12 350
car 0.0013 0 193 2 249
car 0.0011 490 167 500 313
car 0.0011 0 215 2 322
motorbike 0.0019 -1 186 7 333
motorbike 0.0011 0 209 2 290
bus 0.9996 22 -3 273 353
bus 0.9991 169 99 586 341
bus 0.0062 -5 -122 31 473
bus 0.0023 229 152 277 278
bus 0.0015 -2 -76 15 432
bus 0.0011 479 110 502 398
train 0.0012 171 80 581 326
pottedplant 0.1033 -4 242 16 331
pottedplant 0.0088 0 256 8 319
pottedplant 0.0078 -4 177 20 370
pottedplant 0.0051 -1 195 9 342
pottedplant 0.0043 0 239 4 318
pottedplant 0.0011 469 80 504 235
