person 0.9993 -32 104 244 357
person 0.9992 187 -87 344 398
person 0.9935 277 86 479 307
person 0.9773 195 32 348 276
person 0.1174 298 -81 455 408
person 0.0131 88 79 423 229
person 0.0024 -7 155 35 285
person 0.0019 -7 120 30 395
person 0.0016 -1 80 8 226
person 0.0013 73 136 486 328
boat 0.0027 137 199 233 269
boat 0.0011 -27 143 269 360
bottle 0.2204 174 197 196 238
bottle 0.0261 132 180 163 226
bottle 0.0191 141 169 156 200
bottle 0.0104 124 178 152 246
bottle 0.0061 104 142 188 216
bottle 0.0053 315 140 331 163
bottle 0.0028 221 218 255 263
bottle 0.0024 130 188 146 214
bottle 0.0024 129 156 165 207
bottle 0.0019 325 140 340 164
bottle 0.0019 361 221 397 265
bottle 0.0014 159 169 172 199
bottle 0.0012 311 132 332 159
bottle 0.0010 147 183 175 204
bottle 0.0010 127 205 148 238
chair 0.7665 169 112 235 234
chair 0.7060 167 175 338 484
chair 0.7058 -15 45 150 544
chair 0.6939 -57 211 231 371
chair 0.6767 385 122 471 185
chair 0.6754 147 94 257 251
chair 0.5954 -33 50 98 227
chair 0.4998 316 145 341 222
chair 0.2925 97 140 186 217
chair 0.2831 -24 138 119 443
chair 0.2097 278 115 350 172
chair 0.1089 424 37 510 351
chair 0.1004 -9 65 67 213
chair 0.0913 -6 118 28 428
chair 0.0911 416 181 453 322
chair 0.0703 322 166 335 215
chair 0.0470 81 126 212 231
chair 0.0398 -6 155 34 310
chair 0.0335 -9 139 64 410
chair 0.0302 175 1 346 347
chair 0.0274 112 110 459 503
chair 0.0242 296 113 345 243
chair 0.0190 321 157 339 188
chair 0.0182 399 300 455 399
chair 0.0172 -7 183 35 259
chair 0.0171 31 210 532 372
chair 0.0154 397 77 465 352
chair 0.0116 352 286 480 412
chair 0.0106 481 -3 501 393
chair 0.0097 400 101 460 254
chair 0.0094 -40 74 247 319
chair 0.0080 182 251 292 410
chair 0.0077 -26 -7 139 298
chair 0.0074 -2 58 11 192
chair 0.0072 416 131 457 180
chair 0.0067 374 106 487 207
chair 0.0059 -26 86 76 125
chair 0.0058 147 246 363 420
chair 0.0056 305 118 376 174
chair 0.0056 -3 182 16 276
chair 0.0050 -3 89 32 103
chair 0.0049 438 138 454 174
chair 0.0047 418 214 442 304
chair 0.0042 110 157 129 195
chair 0.0042 336 134 363 158
chair 0.0042 0 83 7 109
chair 0.0040 208 128 242 183
chair 0.0038 -24 84 75 164
chair 0.0037 426 173 468 329
chair 0.0036 0 150 7 425
chair 0.0035 0 84 5 126
chair 0.0035 298 129 329 156
chair 0.0035 434 139 504 328
chair 0.0035 317 154 343 174
chair 0.0034 -2 160 12 319
chair 0.0032 316 184 329 215
chair 0.0031 301 124 338 168
chair 0.0030 165 137 195 211
chair 0.0030 190 182 219 201
chair 0.0029 177 242 228 419
chair 0.0029 311 132 332 159
chair 0.0027 182 128 227 199
chair 0.0025 464 -33 505 394
chair 0.0025 309 165 336 234
chair 0.0024 340 166 452 386
chair 0.0024 239 140 502 371
chair 0.0023 0 73 8 100
chair 0.0023 492 45 500 280
chair 0.0022 254 88 382 229
chair 0.0022 285 126 315 141
chair 0.0020 412 141 440 165
chair 0.0020 1 79 27 96
chair 0.0017 149 143 373 257
chair 0.0017 210 140 223 183
chair 0.0016 129 156 165 207
chair 0.0015 396 198 438 388
chair 0.0015 490 135 501 288
chair 0.0014 10 82 35 95
chair 0.0014 60 97 269 230
chair 0.0014 26 79 41 95
chair 0.0014 325 133 340 160
chair 0.0014 296 159 331 225
chair 0.0012 -5 53 25 225
chair 0.0012 -17 175 48 280
chair 0.0012 370 118 538 235
chair 0.0012 273 201 460 467
chair 0.0011 366 246 541 424
chair 0.0011 -17 79 49 114
chair 0.0011 186 166 224 218
chair 0.0010 419 314 452 381
chair 0.0010 0 84 4 165
chair 0.0010 -1 97 30 112
chair 0.0010 247 101 510 185
sofa 0.0126 81 126 212 231
sofa 0.0054 278 115 350 172
sofa 0.0042 175 1 346 347
sofa 0.0035 147 94 257 251
sofa 0.0024 -40 74 247 319
sofa 0.0024 97 140 186 217
sofa 0.0022 169 112 235 234
sofa 0.0020 385 122 471 185
sofa 0.0018 287 -58 462 407
sofa 0.0010 73 136 486 328
pottedplant 0.0014 291 81 482 317
diningtable 0.8953 31 210 532 372
diningtable 0.2925 421 109 510 330
diningtable 0.1983 98 95 465 423
diningtable 0.0593 -33 50 98 227
diningtable 0.0392 370 118 538 235
diningtable 0.0166 404 145 525 219
diningtable 0.0126 -26 86 76 125
diningtable 0.0125 -24 84 75 164
diningtable 0.0117 -40 74 247 319
diningtable 0.0081 -9 65 67 213
diningtable 0.0080 -56 83 122 111
diningtable 0.0072 -26 -7 139 298
diningtable 0.0044 60 97 269 230
diningtable 0.0035 -3 89 32 103
diningtable 0.0033 94 155 230 273
diningtable 0.0031 298 -81 455 408
diningtable 0.0031 65 75 285 375
diningtable 0.0025 -6 118 28 428
diningtable 0.0025 340 166 452 386
diningtable 0.0021 -7 155 35 285
diningtable 0.0017 363 -1 525 378
diningtable 0.0015 -31 116 94 270
diningtable 0.0015 175 1 346 347
diningtable 0.0013 100 169 179 234
diningtable 0.0013 -24 138 119 443
diningtable 0.0012 121 166 324 265
diningtable 0.0011 136 186 219 218
diningtable 0.0011 97 140 186 217
diningtable 0.0010 108 201 372 301
diningtable 0.0010 281 114 361 186
diningtable 0.0010 -8 75 114 134
