person 0.9910 181 87 250 274
person 0.0126 185 129 208 215
person 0.0068 192 141 218 205
person 0.0053 196 164 212 194
person 0.0043 346 140 357 163
person 0.0039 342 122 361 205
person 0.0025 193 144 202 161
person 0.0021 194 153 204 172
person 0.0021 180 111 254 195
person 0.0018 183 124 215 182
person 0.0013 201 157 212 174
person 0.0012 197 131 212 171
person 0.0012 193 164 204 199
person 0.0010 106 152 131 180
bottle 0.0018 199 162 213 185
chair 0.0166 160 84 280 274
chair 0.0122 211 145 270 238
chair 0.0120 183 111 250 267
chair 0.0065 251 158 288 205
chair 0.0048 258 167 284 194
chair 0.0047 455 145 509 289
chair 0.0029 451 110 514 210
chair 0.0025 379 147 436 248
chair 0.0024 353 114 405 230
chair 0.0020 279 135 308 206
chair 0.0015 292 153 423 428
chair 0.0014 228 160 242 184
chair 0.0014 222 157 263 211
chair 0.0010 193 164 204 199
chair 0.0010 310 106 367 243
sofa 0.0066 160 84 280 274
sofa 0.0040 249 158 285 205
sofa 0.0017 211 145 270 238
sofa 0.0012 258 167 284 194
sofa 0.0010 455 145 509 289
diningtable 0.0011 455 145 509 289
tvmonitor 0.0142 198 133 212 158
tvmonitor 0.0084 279 135 308 206
tvmonitor 0.0074 190 126 218 178
tvmonitor 0.0046 258 167 284 194
tvmonitor 0.0044 106 152 131 180
tvmonitor 0.0036 249 158 285 205
tvmonitor 0.0030 181 138 197 162
tvmonitor 0.0013 220 158 263 224
tvmonitor 0.0012 100 146 137 186
tvmonitor 0.0012 205 146 270 239
tvmonitor 0.0010 165 118 227 185
