person 0.8453 435 250 511 412
person 0.0250 -1 150 24 173
person 0.0084 491 261 502 412
person 0.0066 1 147 15 176
person 0.0037 -6 145 31 183
person 0.0030 -14 140 43 189
person 0.0030 435 265 515 333
person 0.0015 95 344 168 389
person 0.0013 47 357 133 384
person 0.0013 468 230 505 400
person 0.0012 -49 161 150 365
person 0.0012 381 238 529 429
person 0.0011 497 268 500 365
person 0.0011 121 352 155 381
bicycle 0.0010 162 280 213 397
motorbike 0.0041 -10 232 442 367
motorbike 0.0035 155 215 354 453
motorbike 0.0010 -58 183 483 445
aeroplane 0.1428 188 154 570 359
aeroplane 0.0707 -20 34 126 364
aeroplane 0.0209 193 32 586 283
aeroplane 0.0024 232 -15 511 397
aeroplane 0.0017 39 93 455 365
aeroplane 0.0016 174 219 396 454
bus 0.0013 155 215 354 453
boat 0.0179 155 215 354 453
boat 0.0114 188 154 570 359
boat 0.0073 -10 232 442 367
boat 0.0058 -20 34 126 364
boat 0.0027 -58 183 483 445
boat 0.0024 149 278 336 388
boat 0.0013 -22 234 150 452
boat 0.0012 193 32 586 283
boat 0.0012 -38 290 134 385
chair 0.5734 293 287 410 416
chair 0.4784 322 240 457 424
chair 0.4531 415 283 523 417
chair 0.3947 162 280 213 397
chair 0.2972 40 281 166 414
chair 0.2935 437 295 505 402
chair 0.2873 328 302 392 403
chair 0.2848 210 298 389 404
chair 0.2264 407 295 458 400
chair 0.2142 364 335 434 391
chair 0.2037 356 267 428 402
chair 0.1871 423 301 474 399
chair 0.1637 141 261 265 415
chair 0.1551 75 295 137 398
chair 0.1438 -38 296 133 403
chair 0.1245 98 292 151 400
chair 0.1162 155 215 354 453
chair 0.1105 287 281 352 378
chair 0.1066 334 263 411 367
chair 0.0994 154 276 359 389
chair 0.0933 274 288 319 361
chair 0.0819 183 313 251 402
chair 0.0792 95 344 168 389
chair 0.0686 423 315 452 392
chair 0.0551 298 303 342 363
chair 0.0551 14 209 414 457
chair 0.0505 381 278 448 396
chair 0.0433 121 352 155 381
chair 0.0336 443 318 473 391
chair 0.0321 -22 234 150 452
chair 0.0304 -20 339 68 392
chair 0.0300 171 296 240 375
chair 0.0231 490 285 502 408
chair 0.0206 369 271 490 420
chair 0.0175 193 326 238 389
chair 0.0152 104 303 139 371
chair 0.0138 16 347 127 386
chair 0.0135 400 305 440 370
chair 0.0133 47 357 133 384
chair 0.0118 82 323 122 384
chair 0.0085 -21 300 67 370
chair 0.0083 71 319 110 375
chair 0.0082 496 309 500 383
chair 0.0064 166 291 204 367
chair 0.0059 76 272 213 422
chair 0.0056 187 303 285 334
chair 0.0052 427 314 448 338
chair 0.0047 178 305 214 384
chair 0.0043 -3 303 15 388
chair 0.0040 0 326 5 384
chair 0.0039 373 353 425 380
chair 0.0035 235 276 335 375
chair 0.0031 433 309 457 340
chair 0.0030 359 284 403 348
chair 0.0028 365 190 513 475
chair 0.0028 170 300 318 349
chair 0.0027 251 205 473 471
chair 0.0025 155 296 241 341
chair 0.0024 220 327 370 389
chair 0.0024 428 302 464 349
chair 0.0024 77 332 104 359
chair 0.0023 246 305 280 328
chair 0.0023 201 337 289 391
chair 0.0022 425 322 449 345
chair 0.0022 -7 291 38 407
chair 0.0022 407 340 445 387
chair 0.0020 285 361 374 385
chair 0.0019 -6 362 34 383
chair 0.0019 211 310 260 320
chair 0.0018 494 335 499 394
chair 0.0018 300 293 367 400
chair 0.0016 27 319 136 392
chair 0.0015 -7 316 30 376
chair 0.0013 345 284 382 345
chair 0.0013 497 274 499 379
chair 0.0012 340 367 385 380
chair 0.0012 183 307 227 366
chair 0.0012 464 254 504 410
chair 0.0011 174 306 198 326
chair 0.0010 331 275 426 324
chair 0.0010 110 315 131 337
chair 0.0010 363 297 396 315
chair 0.0010 240 308 271 322
chair 0.0010 -38 310 128 346
chair 0.0010 230 294 297 342
chair 0.0010 432 309 462 325
sofa 0.0015 -38 296 133 403
pottedplant 0.0036 -18 116 122 425
diningtable 0.2246 154 276 359 389
diningtable 0.2016 170 300 318 349
diningtable 0.1281 371 289 469 330
diningtable 0.0317 354 253 474 418
diningtable 0.0307 -38 296 133 403
diningtable 0.0193 181 311 345 365
diningtable 0.0168 381 278 448 396
diningtable 0.0162 -23 316 123 370
diningtable 0.0073 187 303 285 334
diningtable 0.0071 210 298 389 404
diningtable 0.0055 -22 310 67 346
diningtable 0.0033 423 309 452 324
diningtable 0.0030 417 302 455 317
diningtable 0.0029 427 314 448 338
diningtable 0.0029 -22 234 150 452
diningtable 0.0026 418 300 435 313
diningtable 0.0023 155 215 354 453
diningtable 0.0016 387 290 465 361
diningtable 0.0015 0 317 6 354
diningtable 0.0015 407 295 458 400
diningtable 0.0013 0 312 8 342
diningtable 0.0012 182 294 287 374
diningtable 0.0012 418 302 456 350
diningtable 0.0010 9 314 118 341
diningtable 0.0010 220 327 370 389
tvmonitor 0.0014 -38 296 133 403
