person 0.0089 -2 -96 14 296
person 0.0060 154 51 237 115
person 0.0047 -1 -18 8 168
person 0.0023 174 36 260 118
person 0.0023 87 12 462 309
person 0.0022 261 47 346 119
person 0.0017 -9 -31 61 271
person 0.0014 97 21 267 140
bicycle 0.8609 -9 23 64 257
bicycle 0.4103 46 77 118 244
bicycle 0.0645 23 52 145 263
bicycle 0.0141 63 120 96 221
bicycle 0.0057 -3 -52 17 288
bicycle 0.0029 31 94 130 188
bicycle 0.0029 -5 61 34 251
bicycle 0.0020 -6 -59 39 295
bicycle 0.0018 -1 18 6 246
bicycle 0.0011 406 97 459 262
bicycle 0.0011 0 20 4 69
car 0.9128 -69 56 553 276
car 0.8691 63 -1 412 282
car 0.0041 -67 25 506 171
car 0.0030 -2 -20 7 133
car 0.0027 0 20 4 69
car 0.0012 -9 -31 61 271
motorbike 0.0162 46 77 118 244
motorbike 0.0027 -9 -31 61 271
motorbike 0.0015 23 52 145 263
bottle 0.1300 456 89 477 159
bottle 0.0534 466 91 487 156
bottle 0.0175 459 110 473 150
bottle 0.0155 469 109 484 150
bottle 0.0124 436 94 458 155
bottle 0.0106 476 100 489 148
bottle 0.0033 440 110 453 148
bottle 0.0020 472 76 494 156
bottle 0.0018 446 89 467 158
bottle 0.0014 468 100 483 124
bottle 0.0012 451 111 461 149
bottle 0.0011 458 101 474 124
