person 0.9311 384 207 406 261
person 0.7460 349 213 364 259
person 0.4214 371 202 392 261
person 0.1706 374 210 387 254
person 0.0247 390 214 403 257
person 0.0214 384 217 396 255
person 0.0190 416 220 424 238
person 0.0067 371 187 384 202
person 0.0065 355 198 422 268
person 0.0065 -26 10 474 357
person 0.0052 418 220 433 240
person 0.0026 373 203 387 225
person 0.0019 384 213 394 234
person 0.0019 433 219 441 238
person 0.0014 414 222 439 254
person 0.0014 415 224 427 251
person 0.0014 362 183 377 200
person 0.0010 409 207 443 259
car 0.0046 414 222 439 254
car 0.0033 -26 10 474 357
car 0.0010 38 83 451 242
motorbike 0.0016 38 83 451 242
aeroplane 0.9965 -46 15 537 360
aeroplane 0.9937 -109 126 604 247
aeroplane 0.3861 36 106 420 258
aeroplane 0.0024 237 111 485 319
