person 0.0530 226 228 241 270
person 0.0504 264 244 284 267
person 0.0230 272 243 293 268
person 0.0193 303 242 323 269
person 0.0153 340 137 508 404
person 0.0142 222 218 247 273
person 0.0068 72 235 93 250
person 0.0053 307 173 322 190
person 0.0048 222 233 235 267
person 0.0047 282 244 300 266
person 0.0042 291 164 313 193
person 0.0038 154 162 379 392
person 0.0038 304 164 323 193
person 0.0037 246 228 261 257
person 0.0028 256 248 275 268
person 0.0026 293 173 311 189
person 0.0020 310 171 327 192
person 0.0016 235 239 251 264
person 0.0015 72 247 89 271
person 0.0014 246 232 319 278
person 0.0012 309 242 332 268
person 0.0012 189 234 201 246
person 0.0012 496 214 500 270
person 0.0012 265 238 300 272
person 0.0010 63 248 84 271
person 0.0010 178 247 197 271
person 0.0010 273 235 293 245
car 0.9995 166 159 391 399
car 0.9986 43 167 256 391
car 0.9981 311 185 517 364
car 0.9833 -20 168 146 385
car 0.9637 467 173 506 348
car 0.6150 -8 216 37 291
car 0.0686 -4 234 20 329
car 0.0295 -17 199 60 307
car 0.0105 352 203 472 347
car 0.0066 0 248 10 292
car 0.0049 212 205 278 282
car 0.0040 -52 218 181 304
car 0.0028 -36 192 98 352
car 0.0026 0 236 5 288
car 0.0026 492 208 501 236
car 0.0023 438 203 513 265
car 0.0022 -5 214 29 364
car 0.0021 490 146 502 377
car 0.0018 0 260 8 320
car 0.0017 225 216 265 272
car 0.0014 -3 212 19 293
car 0.0013 334 127 503 450
car 0.0012 -3 254 26 285
aeroplane 0.0013 -37 69 282 339
bus 0.0062 -7 203 36 314
bus 0.0052 -41 69 287 360
bus 0.0033 183 63 548 360
bus 0.0010 468 179 506 358
train 0.7970 194 65 535 334
train 0.0322 -37 69 282 339
train 0.0050 141 156 584 280
train 0.0024 48 112 458 278
train 0.0015 175 127 609 191
