person 0.0130 4 69 82 143
person 0.0090 54 75 94 134
person 0.0087 42 60 118 150
person 0.0053 -27 38 239 154
person 0.0048 58 71 444 351
person 0.0048 16 79 55 130
person 0.0020 35 79 73 128
person 0.0017 224 83 302 163
person 0.0015 86 89 154 144
person 0.0014 -9 29 57 169
person 0.0013 103 103 140 131
person 0.0010 20 88 49 118
person 0.0010 72 69 110 140
person 0.0010 44 55 207 174
car 0.9846 -73 70 258 236
car 0.7528 54 68 446 319
car 0.5408 -74 35 284 126
car 0.1662 -24 -82 209 372
car 0.0777 -26 0 220 172
car 0.0300 -10 54 34 79
car 0.0231 -14 45 44 103
car 0.0156 -7 23 38 142
car 0.0081 -80 124 576 300
car 0.0064 2 48 181 83
car 0.0052 -30 24 91 139
car 0.0027 -37 51 103 96
car 0.0015 -11 8 66 305
car 0.0013 0 53 15 78
motorbike 0.0010 59 0 440 321
bus 0.0046 32 55 424 323
diningtable 0.0016 58 71 444 351
