person 0.0211 116 85 280 264
person 0.0064 228 150 300 228
person 0.0047 186 105 247 242
person 0.0020 148 179 227 220
person 0.0014 58 -2 365 393
person 0.0010 198 134 318 256
car 0.0085 -13 137 493 289
car 0.0045 58 -2 365 393
motorbike 0.0035 -29 139 401 290
aeroplane 0.1322 -13 137 493 289
aeroplane 0.0077 58 -2 365 393
bus 0.0042 -17 128 498 272
bus 0.0015 52 14 367 413
train 0.0016 -29 139 401 290
boat 0.9751 -9 128 434 274
boat 0.5559 52 14 367 413
boat 0.0013 174 131 310 266
bird 0.5292 228 150 300 228
bird 0.0349 244 163 286 216
bird 0.0116 116 85 280 264
bird 0.0116 186 111 244 176
bird 0.0115 263 170 285 200
bird 0.0108 176 100 257 208
bird 0.0064 195 121 236 166
bird 0.0056 198 134 318 256
bird 0.0033 253 176 277 206
bird 0.0029 249 169 281 197
bird 0.0016 -17 128 498 272
bird 0.0011 214 137 249 189
cat 0.0068 228 150 300 228
dog 0.0107 228 150 300 228
cow 0.0039 -17 128 498 272
chair 0.0029 174 131 310 266
chair 0.0016 489 10 501 47
chair 0.0013 366 -29 539 80
diningtable 0.0251 -32 123 406 278
