person 0.0232 12 11 358 368
cat 0.9854 50 17 383 362
cat 0.0725 -53 119 477 326
cat 0.0132 -60 48 498 257
dog 0.0206 12 11 358 368
chair 0.0185 -34 55 103 187
chair 0.0154 361 -110 521 257
chair 0.0142 19 3 547 138
chair 0.0117 79 -102 482 223
chair 0.0024 46 -8 385 330
sofa 0.0251 5 64 361 372
sofa 0.0030 -64 113 244 354
sofa 0.0019 84 -37 478 347
sofa 0.0015 -113 127 466 331
pottedplant 0.0014 12 11 358 368
diningtable 0.0148 19 3 547 138
diningtable 0.0092 79 -102 482 223
diningtable 0.0072 69 -19 430 335
diningtable 0.0028 361 -110 521 257
diningtable 0.0010 -44 131 175 369
tvmonitor 0.0012 361 -110 521 257
