person 0.9998 275 139 482 317
person 0.9749 300 -72 457 534
person 0.8437 324 60 455 397
person 0.6418 301 47 382 389
person 0.0338 107 261 117 279
person 0.0099 138 274 147 286
person 0.0056 424 251 436 270
person 0.0026 441 255 454 267
person 0.0021 309 207 363 335
person 0.0018 425 253 445 268
person 0.0018 311 179 395 363
person 0.0013 167 273 173 283
person 0.0013 477 255 491 266
person 0.0010 447 249 464 269
car 0.0027 425 253 445 268
car 0.0019 477 255 491 266
car 0.0013 441 255 454 267
car 0.0011 492 247 500 271
bird 0.0078 138 274 147 286
dog 0.0011 138 274 147 286
horse 0.0026 353 158 388 345
bottle 0.0043 138 274 147 286
bottle 0.0015 304 278 363 352
