person 0.3712 105 193 122 221
person 0.1907 276 168 305 245
person 0.1890 123 187 142 225
person 0.0733 210 185 241 233
person 0.0657 253 184 287 248
person 0.0249 271 156 317 260
person 0.0226 261 191 279 229
person 0.0165 287 189 296 224
person 0.0138 243 172 304 261
person 0.0135 226 191 241 228
person 0.0090 217 189 233 213
person 0.0071 216 199 236 230
person 0.0070 118 177 147 226
person 0.0063 286 144 344 267
person 0.0055 489 190 499 224
person 0.0039 209 189 224 228
person 0.0038 267 199 302 250
person 0.0036 326 177 360 240
person 0.0036 489 162 502 292
person 0.0035 249 131 383 281
person 0.0031 86 189 98 223
person 0.0028 198 175 254 243
person 0.0027 306 164 341 234
person 0.0027 277 186 291 215
person 0.0026 354 181 384 252
person 0.0025 493 219 499 273
person 0.0022 492 182 499 215
person 0.0021 97 187 129 227
person 0.0019 285 202 295 228
person 0.0019 236 198 248 231
person 0.0019 200 186 217 212
person 0.0017 99 176 159 235
person 0.0017 0 189 7 223
person 0.0017 194 179 221 234
person 0.0016 207 186 223 213
person 0.0016 177 195 194 225
person 0.0015 340 194 358 222
person 0.0015 495 205 499 269
person 0.0013 276 204 292 230
person 0.0013 334 193 352 222
person 0.0013 171 195 186 224
person 0.0012 306 142 360 264
person 0.0011 226 187 240 213
person 0.0010 271 212 297 243
person 0.0010 314 195 346 262
person 0.0010 152 186 167 211
person 0.0010 97 192 108 222
person 0.0010 -50 147 508 293
bicycle 0.0023 50 203 74 228
car 0.6828 12 186 55 208
car 0.5565 0 180 68 217
car 0.1571 46 188 75 201
car 0.0288 -1 188 8 212
car 0.0263 14 190 38 209
car 0.0262 24 188 58 204
car 0.0175 11 179 94 235
car 0.0154 -4 191 30 212
car 0.0092 -12 179 45 224
car 0.0090 20 185 49 199
car 0.0083 45 186 64 199
car 0.0025 61 188 76 201
car 0.0024 59 184 79 198
car 0.0019 20 196 45 221
car 0.0011 15 196 35 218
car 0.0010 -4 166 15 233
bus 0.9999 -53 146 533 294
bus 0.0342 37 39 448 406
bus 0.0010 488 178 498 199
bird 0.0142 423 295 434 306
bird 0.0025 447 300 458 313
chair 0.0033 127 185 144 226
chair 0.0022 139 194 157 223
chair 0.0013 149 193 169 224
