person 0.0066 30 -33 486 218
person 0.0049 434 -43 512 204
person 0.0017 239 20 569 225
person 0.0017 349 -131 519 300
person 0.0016 109 4 600 164
cat 0.0030 -47 153 134 310
dog 0.9031 39 5 508 312
dog 0.1538 38 2 622 160
dog 0.0043 143 -29 497 214
dog 0.0041 -33 76 219 407
dog 0.0026 -47 153 134 310
dog 0.0021 -131 44 564 216
dog 0.0016 296 33 525 300
dog 0.0015 434 -43 512 204
sheep 0.0018 434 -43 512 204
cow 0.0052 434 -43 512 204
chair 0.0256 14 -8 438 282
sofa 0.3323 30 68 478 334
sofa 0.1846 30 -33 486 218
sofa 0.0014 178 -36 539 297
diningtable 0.0592 -81 156 585 417
diningtable 0.0054 30 68 478 334
diningtable 0.0051 24 213 477 327
