person 0.0148 298 233 304 242
person 0.0147 48 181 57 192
person 0.0045 40 182 49 193
person 0.0030 134 233 140 246
person 0.0021 51 59 489 245
person 0.0021 56 182 64 192
person 0.0015 79 226 106 248
person 0.0010 67 183 76 193
car 0.0031 298 233 304 242
car 0.0022 358 231 385 242
car 0.0021 195 234 216 247
car 0.0019 51 59 489 245
car 0.0015 79 226 106 248
motorbike 0.0016 51 59 489 245
aeroplane 0.9992 38 77 470 246
aeroplane 0.0141 -16 0 514 336
aeroplane 0.0012 358 231 385 242
bus 0.0031 358 231 385 242
bus 0.0012 51 59 489 245
boat 0.0032 358 231 385 242
diningtable 0.0022 47 71 493 253
