person 0.3407 481 142 490 168
person 0.1850 492 142 498 167
person 0.0885 475 144 482 165
person 0.0348 31 132 67 180
person 0.0264 482 151 489 167
person 0.0134 480 137 492 156
person 0.0132 492 135 499 157
person 0.0115 41 138 58 153
person 0.0110 34 139 52 168
person 0.0086 65 85 80 107
person 0.0085 36 140 53 153
person 0.0057 39 140 61 168
person 0.0041 471 128 503 177
person 0.0036 16 122 75 190
person 0.0015 474 140 482 154
person 0.0013 463 144 470 166
person 0.0011 64 134 77 152
person 0.0011 489 122 502 203
person 0.0010 497 129 500 213
car 0.0090 16 122 75 190
car 0.0085 492 142 498 167
car 0.0065 26 132 65 179
car 0.0024 67 100 97 117
train 0.9994 49 43 452 356
train 0.0050 -41 65 134 203
train 0.0015 -14 107 43 163
train 0.0013 16 122 75 190
train 0.0013 31 132 67 180
pottedplant 0.0010 31 132 67 180
