person 0.9816 365 -31 421 80
person 0.5504 434 20 460 48
person 0.1887 334 -41 447 91
person 0.0263 82 13 95 30
person 0.0133 341 8 356 24
person 0.0106 77 16 89 35
person 0.0084 60 19 69 37
person 0.0073 54 31 493 272
person 0.0064 314 6 327 19
person 0.0057 414 9 479 62
person 0.0050 143 16 152 39
person 0.0047 297 5 307 16
person 0.0039 494 6 500 51
person 0.0038 430 26 447 45
person 0.0034 308 10 333 26
person 0.0033 28 31 40 45
person 0.0033 204 9 212 31
person 0.0032 308 6 320 18
person 0.0030 489 -12 503 109
person 0.0029 327 8 354 25
person 0.0028 117 79 178 131
person 0.0025 297 11 327 27
person 0.0020 289 -23 535 83
person 0.0019 444 24 462 46
person 0.0015 64 20 76 35
person 0.0015 370 0 383 21
person 0.0014 495 -10 500 31
person 0.0013 472 17 499 39
person 0.0012 233 11 241 28
person 0.0010 93 21 106 33
car 0.9973 34 41 456 265
car 0.9696 220 -60 528 224
car 0.7101 350 -30 552 115
car 0.5477 285 11 320 28
car 0.3770 366 -83 521 212
car 0.1890 308 10 333 26
car 0.1442 327 8 354 25
car 0.0927 269 4 340 34
car 0.0461 341 8 356 24
car 0.0441 158 13 588 134
car 0.0404 292 2 370 32
car 0.0213 39 -5 129 44
car 0.0184 -128 98 621 252
car 0.0062 106 19 132 35
car 0.0056 313 18 445 64
car 0.0046 324 6 341 19
car 0.0043 282 -5 507 90
car 0.0038 116 20 144 35
car 0.0038 451 -1 513 59
car 0.0037 334 -41 447 91
car 0.0036 489 10 503 125
car 0.0035 125 18 151 36
car 0.0032 469 -32 505 120
car 0.0025 362 8 379 24
car 0.0024 424 -37 510 159
car 0.0023 18 -23 333 181
car 0.0023 280 13 291 25
car 0.0022 93 21 106 33
car 0.0021 322 0 398 32
car 0.0021 90 10 167 43
car 0.0020 179 19 192 32
car 0.0020 -2 33 28 46
car 0.0019 314 6 327 19
car 0.0019 365 1 379 20
car 0.0018 347 8 373 26
car 0.0018 77 16 89 35
car 0.0017 0 29 11 46
car 0.0016 105 13 133 29
car 0.0016 495 0 500 39
car 0.0015 370 0 383 21
car 0.0015 143 16 152 39
car 0.0013 64 20 76 35
car 0.0012 60 19 69 37
car 0.0012 102 19 121 35
car 0.0011 83 15 95 35
car 0.0010 -121 48 616 198
motorbike 0.0020 10 54 440 290
motorbike 0.0017 390 -33 515 159
bus 0.0059 37 4 455 246
bus 0.0034 350 -30 552 115
bus 0.0010 39 -5 129 44
boat 0.0197 260 -14 602 101
boat 0.0078 390 -33 515 159
boat 0.0027 213 -47 525 236
boat 0.0010 37 4 455 246
dog 0.0028 94 57 182 139
dog 0.0020 117 79 178 131
cow 0.0011 213 -47 525 236
diningtable 0.0042 48 56 498 294
