person 0.0063 13 -44 432 319
person 0.0012 -40 20 166 314
car 0.0089 388 -63 517 265
car 0.0043 107 -24 464 303
car 0.0019 341 5 543 202
motorbike 0.0055 349 18 542 240
motorbike 0.0012 107 -24 464 303
boat 0.0018 27 37 462 352
dog 0.9534 34 -20 462 352
dog 0.0022 -70 24 339 314
dog 0.0021 71 14 573 250
horse 0.0010 9 -27 357 364
sheep 0.0067 159 -19 475 351
sheep 0.0016 9 -27 357 364
cow 0.3503 90 -15 473 346
cow 0.0155 349 18 542 240
cow 0.0041 385 -62 519 337
cow 0.0032 254 26 561 307
cow 0.0014 6 -28 285 367
chair 0.0016 13 -44 432 319
sofa 0.0713 27 37 462 352
pottedplant 0.0013 -17 122 118 444
