person 0.0083 302 36 318 62
person 0.0016 -1 26 13 48
bicycle 0.9831 212 76 459 287
bicycle 0.4005 90 65 313 253
bicycle 0.0987 269 -73 436 458
bicycle 0.0538 253 -42 407 277
bicycle 0.0314 119 -107 288 418
bicycle 0.0221 137 0 269 317
bicycle 0.0170 249 34 422 201
bicycle 0.0050 215 -32 304 352
bicycle 0.0043 153 -61 360 282
bicycle 0.0038 319 57 430 337
bicycle 0.0014 255 38 280 322
bicycle 0.0011 303 45 371 187
boat 0.0023 208 58 454 265
bird 0.0117 -1 26 13 48
bird 0.0035 35 40 45 53
bird 0.0018 283 34 295 57
bottle 0.0429 258 60 283 299
bottle 0.0010 263 114 285 253
