person 0.0744 43 22 439 361
person 0.0222 -19 -170 143 340
person 0.0130 5 -18 275 346
person 0.0117 -21 -57 114 215
person 0.0054 -44 2 173 195
car 0.0027 43 22 439 361
motorbike 0.0012 43 22 439 361
boat 0.0026 43 22 439 361
cat 0.0070 96 -16 462 361
dog 0.4713 61 -15 415 359
dog 0.0218 8 90 484 316
horse 0.8950 -1 -16 360 349
horse 0.0301 -46 8 171 318
horse 0.0044 -67 7 247 174
horse 0.0024 -17 -120 137 236
horse 0.0016 8 90 484 316
cow 0.0049 61 -15 415 359
chair 0.0129 17 -24 419 301
sofa 0.0367 17 -24 419 301
diningtable 0.0028 43 22 439 361
