person 0.9658 463 196 493 312
person 0.8836 443 194 472 315
person 0.4522 109 208 127 244
person 0.3272 318 195 346 247
person 0.3019 72 36 476 326
person 0.2856 346 216 369 239
person 0.2600 102 209 118 244
person 0.2163 272 211 290 243
person 0.1975 323 201 341 240
person 0.1419 -59 90 573 267
person 0.1244 170 199 183 235
person 0.0905 28 212 39 229
person 0.0901 290 189 329 263
person 0.0895 35 211 46 228
person 0.0845 132 212 147 243
person 0.0817 102 204 133 247
person 0.0720 298 202 313 240
person 0.0661 46 173 58 188
person 0.0589 340 208 376 250
person 0.0500 143 192 169 251
person 0.0475 149 201 163 235
person 0.0468 18 213 29 229
person 0.0446 29 172 41 187
person 0.0385 331 202 391 254
person 0.0378 449 217 460 239
person 0.0306 450 209 476 271
person 0.0305 189 202 202 236
person 0.0294 360 216 376 236
person 0.0280 99 208 110 244
person 0.0270 286 180 356 273
person 0.0257 317 210 327 232
person 0.0256 419 219 436 260
person 0.0246 303 194 341 260
person 0.0233 9 212 18 229
person 0.0231 35 173 46 187
person 0.0216 267 206 297 248
person 0.0203 54 173 68 188
person 0.0199 440 207 461 305
person 0.0185 18 172 30 186
person 0.0162 165 191 189 248
person 0.0155 415 211 443 266
person 0.0148 457 217 470 242
person 0.0144 136 128 157 158
person 0.0142 56 206 70 230
person 0.0140 125 192 151 251
person 0.0136 327 214 338 238
person 0.0135 150 131 167 155
person 0.0124 490 180 501 314
person 0.0118 429 214 443 246
person 0.0117 139 213 158 243
person 0.0116 387 101 406 123
person 0.0111 360 194 397 247
person 0.0104 346 185 410 256
person 0.0102 445 215 455 243
person 0.0080 121 211 135 243
person 0.0080 8 171 19 186
person 0.0079 495 217 499 277
person 0.0078 449 210 459 232
person 0.0076 118 180 180 263
person 0.0076 0 203 6 235
person 0.0074 470 212 495 285
person 0.0072 302 203 319 238
person 0.0071 183 189 207 251
person 0.0071 181 205 195 235
person 0.0068 469 222 481 239
person 0.0066 305 190 379 265
person 0.0065 164 202 176 237
person 0.0061 465 234 491 296
person 0.0060 103 142 122 157
person 0.0054 369 214 388 238
person 0.0048 449 233 476 299
person 0.0046 457 221 473 256
person 0.0046 276 119 291 139
person 0.0044 382 210 413 265
person 0.0037 379 214 394 242
person 0.0037 130 120 164 161
person 0.0035 444 225 454 253
person 0.0033 332 219 343 239
person 0.0033 155 191 181 248
person 0.0031 346 218 361 252
person 0.0029 159 130 174 153
person 0.0027 217 210 232 229
person 0.0027 469 225 482 252
person 0.0027 85 206 96 233
person 0.0027 389 220 407 256
person 0.0026 28 218 37 231
person 0.0026 145 202 159 223
person 0.0025 424 202 449 262
person 0.0025 422 215 436 244
person 0.0025 389 105 407 140
person 0.0025 154 183 219 256
person 0.0023 274 180 439 278
person 0.0023 0 199 3 254
person 0.0022 83 196 142 255
person 0.0021 0 179 2 241
person 0.0020 372 102 388 120
person 0.0019 450 228 461 249
person 0.0019 108 135 127 156
person 0.0018 332 203 344 238
person 0.0018 432 232 445 260
car 0.0117 56 206 70 230
car 0.0024 0 226 7 270
car 0.0018 0 203 6 235
car 0.0017 -3 180 12 296
bus 0.9986 70 61 437 324
bus 0.9914 -12 120 82 299
bus 0.4555 -59 90 573 267
bus 0.1458 -18 58 113 367
bus 0.0221 -31 121 100 226
bus 0.0138 -2 116 10 265
bus 0.0072 56 206 70 230
bus 0.0032 -4 98 22 298
bus 0.0022 0 203 6 235
bus 0.0018 52 180 75 241
bus 0.0017 54 173 68 188
bus 0.0016 -32 140 101 180
bus 0.0015 0 164 3 235
bus 0.0014 0 160 7 199
bus 0.0012 -15 157 100 199
train 0.0017 -10 111 81 293
chair 0.0033 -59 90 573 267
chair 0.0018 12 29 433 326
pottedplant 0.0094 439 150 470 207
pottedplant 0.0013 444 159 465 197
diningtable 0.0174 72 36 476 326
