person 0.0390 -26 211 81 376
person 0.0257 -10 103 64 413
person 0.0234 -19 85 107 514
person 0.0054 -35 165 137 426
person 0.0027 95 133 365 522
person 0.0021 289 153 400 277
person 0.0015 5 220 461 494
person 0.0010 -5 112 27 293
bird 0.0035 170 395 230 533
cat 0.0030 -28 342 122 528
cat 0.0015 253 53 307 169
bottle 0.1847 255 76 285 164
bottle 0.1288 178 84 205 154
bottle 0.0975 227 88 250 150
bottle 0.0613 184 90 200 136
bottle 0.0479 217 73 241 146
bottle 0.0223 207 86 236 153
bottle 0.0158 253 60 302 175
bottle 0.0150 206 112 236 200
bottle 0.0146 237 84 267 150
bottle 0.0122 205 34 254 175
bottle 0.0104 212 99 228 141
bottle 0.0092 170 395 230 533
bottle 0.0073 222 88 237 134
bottle 0.0043 231 94 243 130
bottle 0.0035 215 92 230 130
bottle 0.0033 198 97 225 161
bottle 0.0031 222 117 259 181
bottle 0.0028 207 104 221 136
bottle 0.0026 195 113 212 152
bottle 0.0024 218 85 258 201
bottle 0.0023 204 111 219 148
bottle 0.0018 190 102 216 159
bottle 0.0016 159 97 223 163
bottle 0.0015 176 60 214 181
bottle 0.0014 251 95 265 144
bottle 0.0012 243 90 261 127
bottle 0.0010 132 379 261 551
bottle 0.0010 102 -7 344 272
chair 0.9736 -35 172 157 473
chair 0.0180 119 38 240 171
chair 0.0178 5 220 461 494
chair 0.0133 -17 91 101 431
chair 0.0112 -5 112 27 293
chair 0.0067 136 123 360 532
chair 0.0043 109 49 171 176
chair 0.0030 -19 262 141 623
chair 0.0023 -10 360 103 531
chair 0.0023 148 51 213 162
chair 0.0021 -11 91 57 354
chair 0.0020 -4 485 156 506
chair 0.0015 -10 -4 137 580
chair 0.0013 197 24 259 154
chair 0.0013 78 96 194 220
chair 0.0010 -4 142 22 249
sofa 0.2259 62 172 452 488
sofa 0.1370 136 123 360 532
sofa 0.0060 -35 165 137 426
sofa 0.0037 105 145 410 348
pottedplant 0.0011 253 53 307 169
diningtable 0.0162 26 85 354 503
diningtable 0.0157 -56 121 425 306
diningtable 0.0074 33 43 331 284
diningtable 0.0036 15 156 279 415
diningtable 0.0032 -37 140 170 380
diningtable 0.0011 -37 198 137 508
