person 0.9993 206 64 271 321
person 0.7513 237 99 294 220
person 0.0930 332 118 374 167
person 0.0556 209 79 317 237
person 0.0407 438 109 518 193
person 0.0113 189 126 208 153
person 0.0107 202 111 231 169
person 0.0078 325 103 388 180
person 0.0069 464 117 509 184
person 0.0068 97 128 108 152
person 0.0063 168 106 240 203
person 0.0057 196 97 274 169
person 0.0056 341 136 362 161
person 0.0052 267 107 295 199
person 0.0048 236 114 272 209
person 0.0044 209 121 225 162
person 0.0040 238 125 249 137
person 0.0037 418 84 524 224
person 0.0034 244 127 264 157
person 0.0032 292 97 313 134
person 0.0027 244 142 283 199
person 0.0027 99 131 117 150
person 0.0026 277 115 294 151
person 0.0022 484 110 503 191
person 0.0018 495 115 499 188
person 0.0016 245 148 298 273
person 0.0016 216 95 269 221
person 0.0015 271 103 297 163
person 0.0015 179 134 193 149
person 0.0014 197 128 210 155
person 0.0013 47 136 59 144
person 0.0013 172 135 186 148
person 0.0011 350 138 365 161
person 0.0010 457 123 494 179
person 0.0010 249 142 261 161
car 0.0139 95 111 186 154
car 0.0066 412 121 528 261
car 0.0046 442 108 509 244
car 0.0036 99 131 117 150
car 0.0030 423 143 527 217
car 0.0020 460 83 507 200
car 0.0013 75 139 87 146
car 0.0011 431 65 511 325
car 0.0011 415 72 525 214
aeroplane 0.9942 44 10 472 333
aeroplane 0.0016 111 88 599 317
bus 0.0013 20 39 495 350
train 0.0020 20 39 495 350
boat 0.0026 20 39 495 350
boat 0.0011 415 109 526 246
boat 0.0011 438 109 518 193
dog 0.0015 324 106 380 178
