person 0.0169 17 218 76 348
person 0.0084 -13 162 77 368
person 0.0078 10 238 79 306
person 0.0058 148 97 167 116
person 0.0015 35 246 74 298
person 0.0015 384 164 396 185
person 0.0013 21 248 60 297
person 0.0012 35 198 91 337
person 0.0010 19 131 165 418
person 0.0010 339 232 357 310
car 0.0088 185 223 302 342
car 0.0039 181 231 251 296
car 0.0018 54 194 67 210
car 0.0016 186 180 246 261
car 0.0013 61 181 79 204
car 0.0012 42 181 62 207
motorbike 0.0030 203 230 293 330
bus 0.0025 304 84 362 144
train 0.0149 206 72 383 406
train 0.0093 266 128 371 329
train 0.0052 202 139 323 284
train 0.0037 275 170 331 294
train 0.0021 185 223 302 342
train 0.0011 313 169 364 326
train 0.0011 227 124 407 257
boat 0.0159 185 223 302 342
boat 0.0029 186 180 246 261
boat 0.0010 266 128 371 329
bird 0.0010 429 76 446 83
dog 0.0016 203 230 293 330
bottle 0.0130 223 231 234 264
bottle 0.0127 203 230 293 330
bottle 0.0050 228 205 236 243
bottle 0.0049 277 132 287 156
bottle 0.0031 224 208 232 237
bottle 0.0019 202 211 214 232
bottle 0.0016 207 210 222 231
bottle 0.0013 178 244 194 295
bottle 0.0013 202 238 213 260
bottle 0.0010 199 256 215 283
chair 0.0205 52 272 185 342
chair 0.0102 -29 195 93 370
chair 0.0077 186 180 246 261
chair 0.0052 12 257 76 342
chair 0.0050 10 238 79 306
chair 0.0034 19 131 165 418
chair 0.0034 35 246 74 298
chair 0.0030 -6 211 65 352
chair 0.0019 22 259 48 288
chair 0.0018 17 250 55 295
chair 0.0015 182 303 287 328
chair 0.0013 34 217 90 347
chair 0.0011 40 258 68 284
sofa 0.0026 -29 195 93 370
pottedplant 0.0794 138 94 221 315
pottedplant 0.0190 150 112 215 241
pottedplant 0.0096 -12 125 72 335
pottedplant 0.0023 142 168 212 287
pottedplant 0.0014 -19 48 138 432
pottedplant 0.0013 -7 141 55 280
pottedplant 0.0011 186 180 246 261
diningtable 0.0039 -29 195 93 370
diningtable 0.0025 185 223 302 342
diningtable 0.0017 -6 211 65 352
tvmonitor 0.0255 304 84 362 144
tvmonitor 0.0155 295 130 317 154
tvmonitor 0.0038 129 79 190 129
tvmonitor 0.0033 260 94 290 109
tvmonitor 0.0023 317 97 349 121
tvmonitor 0.0022 -14 62 55 110
tvmonitor 0.0022 279 122 348 168
tvmonitor 0.0020 306 69 354 189
tvmonitor 0.0016 186 180 246 261
tvmonitor 0.0014 314 88 352 133
tvmonitor 0.0010 277 132 287 156
