person 0.9311 -86 8 398 192
person 0.1133 113 -38 252 84
person 0.0755 14 -22 298 376
person 0.0426 -53 16 195 243
person 0.0420 -14 -73 95 321
person 0.0200 21 -114 350 225
person 0.0156 -69 308 446 595
person 0.0138 112 -65 346 127
person 0.0095 134 -19 414 47
person 0.0084 139 -23 229 54
person 0.0074 98 -28 330 62
person 0.0057 195 -9 307 19
person 0.0048 159 -36 389 87
person 0.0025 239 -13 357 30
person 0.0024 123 360 409 567
person 0.0019 -14 -41 26 139
person 0.0014 -46 -43 95 100
person 0.0012 232 -1 268 7
person 0.0010 255 -8 397 21
bicycle 0.0027 66 28 369 462
bus 0.0027 66 28 369 462
bottle 0.0599 273 -15 341 37
bottle 0.0085 207 -8 309 20
bottle 0.0082 232 -1 268 7
bottle 0.0074 288 -3 325 19
bottle 0.0066 227 -12 350 27
bottle 0.0047 140 -14 443 40
bottle 0.0041 263 -2 293 11
bottle 0.0039 254 -2 283 11
bottle 0.0032 218 -1 261 5
bottle 0.0027 285 -8 327 32
bottle 0.0022 282 -1 314 14
bottle 0.0012 201 -19 298 43
bottle 0.0012 300 0 334 15
bottle 0.0010 255 -8 397 21
bottle 0.0010 159 -36 389 87
chair 0.9582 22 53 307 456
chair 0.6200 -70 18 367 225
chair 0.1593 110 343 419 570
chair 0.0478 91 -1 259 341
chair 0.0306 163 83 310 241
chair 0.0242 -69 308 446 595
chair 0.0205 13 199 354 520
chair 0.0171 -66 89 286 327
chair 0.0034 -15 -77 95 361
chair 0.0026 -14 -41 26 139
chair 0.0019 119 88 230 273
chair 0.0018 3 -24 231 369
chair 0.0018 201 96 272 230
chair 0.0017 145 -36 330 91
chair 0.0015 -54 263 437 465
chair 0.0014 170 175 421 466
chair 0.0014 -48 -87 271 196
chair 0.0011 113 -38 252 84
sofa 0.0393 110 343 419 570
sofa 0.0193 -69 308 446 595
sofa 0.0031 31 -16 336 458
pottedplant 0.0011 140 -14 443 40
diningtable 0.0039 66 28 369 462
diningtable 0.0030 170 175 421 466
diningtable 0.0028 205 -111 393 228
diningtable 0.0013 21 128 306 512
diningtable 0.0012 287 101 389 304
diningtable 0.0010 134 -19 414 47
