person 0.0495 429 186 441 220
person 0.0044 423 172 450 229
person 0.0037 443 191 471 245
person 0.0031 449 194 463 243
person 0.0018 441 198 452 225
person 0.0015 347 210 360 267
person 0.0014 425 185 437 221
person 0.0013 450 200 462 226
person 0.0012 62 16 500 386
person 0.0012 492 191 500 210
car 0.0014 463 195 489 207
car 0.0013 492 191 500 210
car 0.0011 472 190 501 208
aeroplane 0.9995 -81 117 606 269
aeroplane 0.9990 69 98 456 286
aeroplane 0.0682 62 16 500 386
aeroplane 0.0249 469 152 508 211
aeroplane 0.0191 463 130 506 263
aeroplane 0.0170 409 159 529 274
aeroplane 0.0087 492 191 500 210
aeroplane 0.0066 472 190 501 208
aeroplane 0.0038 431 182 519 219
aeroplane 0.0036 463 195 489 207
aeroplane 0.0022 365 47 516 346
aeroplane 0.0019 427 177 523 248
aeroplane 0.0019 453 156 515 226
aeroplane 0.0018 428 96 511 297
aeroplane 0.0014 493 169 500 213
aeroplane 0.0012 483 157 503 245
bird 0.0013 469 152 508 211
