person 0.0188 179 139 199 162
person 0.0090 171 131 205 180
person 0.0071 256 172 263 183
person 0.0068 64 170 71 186
person 0.0062 170 141 193 159
person 0.0048 111 142 134 171
person 0.0045 223 133 236 178
person 0.0041 106 133 142 177
person 0.0038 73 177 95 197
person 0.0038 23 168 52 283
person 0.0036 98 125 168 187
person 0.0035 146 124 213 188
person 0.0031 79 172 90 188
person 0.0024 271 181 282 191
person 0.0024 225 168 236 186
person 0.0024 228 171 242 190
person 0.0023 60 176 77 197
person 0.0021 211 144 226 169
person 0.0021 158 145 181 166
person 0.0019 311 169 323 189
person 0.0018 266 179 273 191
person 0.0017 11 173 24 203
person 0.0015 223 122 239 195
person 0.0014 204 143 217 170
person 0.0010 69 172 81 187
person 0.0010 169 145 193 168
person 0.0010 117 144 144 169
bicycle 0.7897 -10 155 44 298
bicycle 0.0303 -8 177 25 274
bicycle 0.0217 -32 139 76 312
bicycle 0.0101 279 171 349 208
bicycle 0.0090 18 155 55 296
bicycle 0.0086 299 179 335 196
bicycle 0.0029 -1 207 36 280
bicycle 0.0028 0 173 31 240
bicycle 0.0025 0 186 15 230
bicycle 0.0019 34 165 111 240
bicycle 0.0019 47 178 84 229
bicycle 0.0018 10 182 24 208
bicycle 0.0018 13 175 39 276
bicycle 0.0013 -16 168 50 245
bicycle 0.0010 -15 216 46 289
car 0.9877 224 163 314 223
car 0.9676 208 157 268 236
car 0.5950 37 161 109 237
car 0.1440 73 177 95 197
car 0.1404 59 177 88 196
car 0.0699 279 171 349 208
car 0.0693 47 178 84 229
car 0.0326 225 168 236 186
car 0.0223 219 167 259 214
car 0.0182 227 177 249 194
car 0.0169 0 109 304 286
car 0.0115 299 179 335 196
car 0.0111 47 168 105 210
car 0.0072 49 -36 260 439
car 0.0071 67 181 97 207
car 0.0041 228 171 242 190
car 0.0027 240 179 255 194
car 0.0019 197 149 341 240
car 0.0018 79 172 90 188
car 0.0012 139 151 290 249
car 0.0011 248 180 266 191
car 0.0010 10 182 24 208
motorbike 0.1066 34 165 111 240
motorbike 0.0657 47 178 84 229
motorbike 0.0021 53 187 77 223
motorbike 0.0014 -10 155 44 298
bus 0.0350 0 94 307 284
bus 0.0142 223 122 239 195
bus 0.0018 216 101 257 230
bus 0.0016 49 -36 260 439
bus 0.0014 224 130 252 202
pottedplant 0.0011 276 167 353 219
