person 0.9831 166 194 178 238
person 0.8417 199 232 213 279
person 0.7764 371 176 401 240
person 0.4351 104 257 132 305
person 0.4287 100 255 117 305
person 0.1531 230 206 243 231
person 0.0403 167 201 175 225
person 0.0365 214 212 223 244
person 0.0272 380 190 396 228
person 0.0271 6 103 492 278
person 0.0178 159 192 183 242
person 0.0166 201 239 211 263
person 0.0158 220 205 235 234
person 0.0105 374 202 388 233
person 0.0104 219 212 231 244
person 0.0102 271 252 293 280
person 0.0088 227 210 244 243
person 0.0070 88 246 149 313
person 0.0065 219 195 250 246
person 0.0057 267 234 296 285
person 0.0056 212 196 240 262
person 0.0053 97 260 111 296
person 0.0051 376 188 389 213
person 0.0047 236 206 246 231
person 0.0044 250 240 262 269
person 0.0038 367 163 411 303
person 0.0028 35 256 47 283
person 0.0023 215 215 222 229
person 0.0019 171 205 176 221
person 0.0017 284 257 295 277
person 0.0017 219 230 232 263
person 0.0015 46 117 299 384
person 0.0015 10 153 562 419
person 0.0015 143 4 353 392
person 0.0013 209 235 223 263
person 0.0013 93 230 127 308
person 0.0013 53 259 69 278
person 0.0012 268 243 282 274
person 0.0010 208 206 229 270
car 0.0034 3 203 138 333
car 0.0025 478 124 495 133
car 0.0021 489 123 499 136
car 0.0020 13 243 114 312
car 0.0014 25 231 104 263
motorbike 0.0023 -47 73 477 262
aeroplane 0.9771 3 80 503 254
aeroplane 0.0028 489 123 499 136
aeroplane 0.0026 478 124 495 133
aeroplane 0.0015 257 70 455 200
aeroplane 0.0011 494 147 500 160
aeroplane 0.0011 489 113 501 136
chair 0.0088 371 209 410 267
chair 0.0025 380 202 396 232
chair 0.0013 371 184 402 249
chair 0.0010 377 220 401 255
