person 0.3446 33 103 77 278
person 0.0090 60 154 77 250
person 0.0020 159 28 343 237
person 0.0017 421 164 511 348
person 0.0010 469 152 504 396
person 0.0010 154 66 444 462
bicycle 0.0020 154 66 444 462
cat 0.0019 181 3 321 253
cat 0.0012 83 194 512 336
bottle 0.0215 239 206 256 280
bottle 0.0027 251 200 275 283
bottle 0.0024 267 197 285 283
bottle 0.0011 282 200 306 280
chair 0.6155 374 107 516 415
chair 0.5301 394 165 513 345
chair 0.0285 463 165 505 345
chair 0.0278 154 66 444 462
chair 0.0152 361 212 541 333
chair 0.0034 436 156 509 426
chair 0.0026 476 142 503 440
chair 0.0025 67 275 220 418
chair 0.0015 398 180 476 294
chair 0.0014 313 162 517 307
chair 0.0012 253 186 418 362
chair 0.0012 60 154 77 250
sofa 0.0195 374 107 516 415
sofa 0.0041 394 165 513 345
sofa 0.0040 154 66 444 462
sofa 0.0035 436 156 509 426
sofa 0.0021 50 219 545 466
sofa 0.0016 463 165 505 345
sofa 0.0016 476 142 503 440
sofa 0.0012 469 337 509 389
pottedplant 0.8467 208 74 444 447
pottedplant 0.8244 148 68 211 335
pottedplant 0.2360 103 196 530 334
pottedplant 0.1589 137 99 221 209
pottedplant 0.1304 273 53 317 216
pottedplant 0.0386 292 161 421 351
pottedplant 0.0131 301 89 502 425
pottedplant 0.0048 149 119 191 186
pottedplant 0.0040 264 19 321 301
pottedplant 0.0034 167 119 207 190
pottedplant 0.0032 219 23 344 228
pottedplant 0.0015 245 172 470 294
pottedplant 0.0010 177 -5 318 273
diningtable 0.1440 50 219 545 466
diningtable 0.0043 290 183 527 480
diningtable 0.0023 16 268 614 391
diningtable 0.0015 78 244 348 449
diningtable 0.0011 441 264 515 402
diningtable 0.0010 154 153 432 437
diningtable 0.0010 469 337 509 389
diningtable 0.0010 465 249 505 417
tvmonitor 0.9991 150 30 338 237
tvmonitor 0.8547 181 59 307 209
