person 0.1269 -19 -61 104 225
person 0.0449 -19 -155 138 304
person 0.0207 35 -20 462 253
person 0.0172 310 11 547 217
person 0.0091 -11 -163 73 400
person 0.0075 -65 -3 254 160
person 0.0023 22 49 420 395
person 0.0015 -65 -15 257 329
person 0.0013 -13 -38 84 136
cat 0.9960 15 -14 420 334
bottle 0.0038 110 67 208 127
chair 0.0828 38 65 445 388
chair 0.0342 35 -20 462 253
chair 0.0044 18 216 475 379
chair 0.0042 278 7 553 218
chair 0.0018 -43 155 462 478
sofa 0.3703 38 65 445 388
sofa 0.0401 35 -20 462 253
sofa 0.0175 18 216 475 379
sofa 0.0105 -43 155 462 478
sofa 0.0022 310 11 547 217
diningtable 0.0096 38 65 445 388
diningtable 0.0065 -60 174 471 484
diningtable 0.0048 18 216 475 379
diningtable 0.0025 265 170 557 373
diningtable 0.0014 35 -20 462 253
