person 0.0016 197 41 209 64
car 0.0010 214 -6 323 13
bus 0.0014 67 230 394 411
train 0.0025 263 -27 345 202
boat 0.0054 124 29 381 245
boat 0.0041 157 60 348 371
boat 0.0016 209 80 372 246
boat 0.0014 200 -53 357 323
boat 0.0011 170 148 371 296
bird 0.0073 93 211 174 262
bird 0.0018 132 193 191 240
bird 0.0014 141 202 185 230
chair 0.4937 67 230 394 411
chair 0.4287 209 80 372 246
chair 0.3680 94 131 335 514
chair 0.2109 150 100 345 403
chair 0.1094 170 148 371 296
chair 0.0659 251 106 359 170
chair 0.0606 199 17 356 337
chair 0.0483 48 139 375 366
chair 0.0389 151 199 351 318
chair 0.0286 113 59 386 287
chair 0.0107 215 164 340 225
chair 0.0100 238 125 336 209
chair 0.0089 172 77 202 158
chair 0.0081 248 60 359 193
chair 0.0052 310 105 340 195
chair 0.0033 283 158 345 282
chair 0.0030 212 183 320 247
chair 0.0027 162 39 181 60
chair 0.0025 278 94 346 228
chair 0.0023 252 53 281 112
chair 0.0022 237 206 346 463
chair 0.0020 22 44 309 456
chair 0.0019 264 87 345 154
chair 0.0018 261 77 277 105
chair 0.0018 124 232 343 357
chair 0.0018 228 134 351 342
chair 0.0017 197 41 209 64
chair 0.0017 265 39 328 174
chair 0.0016 258 61 274 101
chair 0.0016 242 60 274 117
chair 0.0015 228 57 251 126
chair 0.0012 252 92 267 110
diningtable 0.0016 207 111 369 249
diningtable 0.0016 98 116 362 527
diningtable 0.0010 67 230 394 411
diningtable 0.0010 151 199 351 318
