person 0.5292 459 160 477 204
person 0.0753 456 163 493 205
person 0.0753 465 171 487 201
person 0.0431 215 133 240 162
person 0.0283 210 123 246 168
person 0.0264 460 167 476 184
person 0.0146 256 126 271 162
person 0.0120 242 142 265 167
person 0.0111 234 117 273 172
person 0.0111 303 99 337 172
person 0.0110 203 112 266 179
person 0.0096 275 82 326 187
person 0.0062 225 108 284 183
person 0.0061 273 127 288 162
person 0.0049 289 106 316 181
person 0.0041 268 113 296 178
person 0.0041 243 130 265 159
person 0.0039 274 137 290 171
person 0.0034 222 140 245 164
person 0.0033 216 90 251 163
person 0.0028 236 141 256 166
person 0.0022 314 126 333 163
person 0.0022 234 64 361 206
person 0.0021 276 106 309 182
person 0.0021 288 92 343 193
person 0.0018 219 118 236 152
person 0.0014 294 134 311 173
person 0.0014 473 175 492 203
person 0.0014 254 83 307 186
person 0.0014 224 118 244 152
person 0.0014 170 100 200 189
person 0.0014 235 129 256 159
person 0.0012 248 127 278 175
person 0.0012 433 157 504 211
person 0.0012 297 115 309 154
person 0.0011 180 69 301 198
bicycle 0.1164 456 163 493 205
bicycle 0.1093 465 171 487 201
bicycle 0.0432 473 175 492 203
bicycle 0.0307 459 160 477 204
bicycle 0.0057 462 178 474 200
bicycle 0.0017 433 157 504 211
bicycle 0.0016 467 170 498 209
car 0.0021 447 157 502 212
car 0.0020 465 171 487 201
motorbike 0.0542 456 163 493 205
motorbike 0.0169 465 171 487 201
motorbike 0.0154 459 160 477 204
motorbike 0.0049 473 175 492 203
motorbike 0.0012 433 157 504 211
bus 0.9999 -52 77 466 267
bus 0.0103 32 -2 384 300
chair 0.0088 242 142 265 167
chair 0.0028 472 171 492 202
chair 0.0020 456 163 493 205
chair 0.0014 254 138 271 166
chair 0.0010 236 141 256 166
