person 0.0025 113 36 332 408
person 0.0014 228 209 262 272
car 0.0039 90 151 483 376
car 0.0023 72 123 414 285
car 0.0012 132 0 357 437
motorbike 0.9567 132 0 357 437
motorbike 0.9505 81 143 404 287
motorbike 0.1522 -31 175 539 353
motorbike 0.1048 76 85 494 377
motorbike 0.0242 117 163 291 318
motorbike 0.0043 161 225 270 291
motorbike 0.0030 228 221 261 276
motorbike 0.0016 236 232 253 265
aeroplane 0.0012 92 207 488 382
boat 0.0011 92 207 488 382
dog 0.0079 132 0 357 437
cow 0.0014 132 0 357 437
