person 0.0350 55 65 460 388
person 0.0024 116 16 603 195
person 0.0011 486 -99 501 300
cat 0.9871 144 63 483 383
cat 0.0360 18 173 625 367
cat 0.0063 5 100 576 278
dog 0.0062 138 11 502 387
dog 0.0014 31 99 598 347
chair 0.5334 -18 -55 111 213
chair 0.3031 116 16 603 195
chair 0.2291 -16 -163 141 312
chair 0.1013 55 65 460 388
chair 0.0190 460 81 506 271
chair 0.0154 59 -118 273 260
chair 0.0133 -73 4 256 161
chair 0.0053 208 -12 502 318
chair 0.0040 481 -13 503 295
chair 0.0035 487 68 503 178
chair 0.0033 -11 41 59 196
chair 0.0025 462 9 506 385
chair 0.0021 -73 162 263 370
chair 0.0021 -6 -55 32 221
chair 0.0018 -11 -22 69 260
chair 0.0011 49 -70 240 160
sofa 0.6335 98 24 493 364
sofa 0.1308 116 16 603 195
sofa 0.0336 -73 162 263 370
sofa 0.0263 -18 -55 111 213
sofa 0.0217 -16 -163 141 312
sofa 0.0160 18 173 625 367
sofa 0.0025 -38 103 228 510
sofa 0.0021 5 100 576 278
sofa 0.0020 143 93 360 526
sofa 0.0010 -47 4 174 199
diningtable 0.0731 55 65 460 388
diningtable 0.0344 59 -118 273 260
diningtable 0.0057 4 1 337 155
diningtable 0.0013 -18 -55 111 213
diningtable 0.0012 347 65 508 387
tvmonitor 0.0091 452 94 504 253
tvmonitor 0.0032 469 33 503 286
tvmonitor 0.0011 -79 220 267 373
