person 0.9987 -21 49 430 352
person 0.0011 174 -63 546 133
bicycle 0.0035 94 -2 386 394
bicycle 0.0014 244 -19 489 385
bird 0.0013 -27 108 134 234
bottle 0.0032 -4 134 74 214
bottle 0.0012 -27 108 134 234
chair 0.6655 244 -19 489 385
chair 0.5816 162 33 574 334
chair 0.4074 94 -2 386 394
chair 0.1136 22 -93 163 182
chair 0.1022 -14 -46 189 124
chair 0.0444 132 5 541 216
chair 0.0121 23 37 392 253
chair 0.0111 197 75 387 357
chair 0.0082 273 -88 359 481
chair 0.0080 28 -33 77 119
chair 0.0043 -18 167 435 365
chair 0.0033 -21 110 110 440
chair 0.0031 275 219 363 413
chair 0.0022 33 192 382 462
chair 0.0021 94 -34 224 97
chair 0.0016 -43 165 148 368
chair 0.0013 79 -75 266 152
chair 0.0010 -31 -50 99 131
sofa 0.0049 -22 95 112 417
sofa 0.0033 -43 165 148 368
sofa 0.0031 42 45 329 377
diningtable 0.4959 124 6 597 218
diningtable 0.1521 240 -39 488 350
diningtable 0.0818 174 -63 546 133
diningtable 0.0087 94 -2 386 394
diningtable 0.0054 -21 110 110 440
diningtable 0.0033 165 99 578 332
diningtable 0.0010 22 -93 163 182
