person 0.0866 223 69 306 257
person 0.0075 131 85 202 174
person 0.0066 49 -8 172 261
person 0.0049 279 141 501 568
person 0.0023 179 118 231 243
person 0.0019 107 103 250 250
person 0.0015 219 259 561 423
person 0.0015 145 95 187 162
bottle 0.0039 484 385 503 493
bottle 0.0010 483 282 503 580
chair 0.0259 -11 362 102 539
chair 0.0135 219 259 561 423
chair 0.0071 -16 291 122 608
chair 0.0062 344 120 516 465
chair 0.0015 483 156 503 555
chair 0.0013 -7 164 87 546
sofa 0.0010 -11 362 102 539
tvmonitor 0.9658 217 267 560 440
tvmonitor 0.7507 -12 158 72 552
tvmonitor 0.2995 279 141 501 568
tvmonitor 0.0183 -4 82 14 631
tvmonitor 0.0020 -33 230 122 502
tvmonitor 0.0013 230 335 504 567
tvmonitor 0.0011 482 244 503 545
