person 0.0017 63 90 105 150
bottle 0.0541 97 47 106 70
bottle 0.0123 86 47 96 68
bottle 0.0080 75 46 86 67
bottle 0.0071 82 53 98 77
bottle 0.0063 69 46 78 67
bottle 0.0047 75 55 90 78
bottle 0.0042 90 37 113 98
bottle 0.0039 95 65 109 91
bottle 0.0038 65 55 82 80
bottle 0.0026 117 56 126 82
bottle 0.0023 78 25 86 54
bottle 0.0023 103 53 112 78
bottle 0.0019 67 76 80 92
bottle 0.0014 75 38 85 59
bottle 0.0012 102 62 111 90
bottle 0.0012 102 45 111 70
bottle 0.0012 74 112 91 136
bottle 0.0010 96 40 105 57
bottle 0.0010 83 23 100 52
chair 0.6148 55 60 196 185
chair 0.4302 111 71 174 121
chair 0.2578 -3 -18 222 424
chair 0.2460 72 79 167 169
chair 0.1868 158 66 219 182
chair 0.1763 131 66 187 177
chair 0.1400 160 74 218 130
chair 0.1089 -47 132 265 278
chair 0.0967 62 89 104 145
chair 0.0887 106 88 138 109
chair 0.0857 57 79 121 163
chair 0.0434 126 57 242 193
chair 0.0259 122 78 161 114
chair 0.0214 87 90 129 155
chair 0.0189 168 83 208 113
chair 0.0134 96 80 201 147
chair 0.0128 71 73 150 134
chair 0.0118 350 123 520 435
chair 0.0092 140 88 178 161
chair 0.0063 103 82 140 125
chair 0.0048 82 78 122 131
chair 0.0046 72 102 94 124
chair 0.0045 454 202 514 274
chair 0.0035 128 111 204 173
chair 0.0033 149 100 169 129
chair 0.0030 66 63 254 150
chair 0.0025 104 93 119 111
chair 0.0023 110 94 150 154
chair 0.0021 194 84 219 169
chair 0.0017 66 93 79 133
chair 0.0017 86 92 116 114
chair 0.0016 129 102 168 166
chair 0.0014 74 112 91 136
chair 0.0013 119 76 160 151
chair 0.0011 93 102 108 145
chair 0.0010 169 135 185 150
sofa 0.7902 -3 -18 222 424
sofa 0.6009 -47 132 265 278
sofa 0.2221 350 123 520 435
sofa 0.0199 213 110 534 450
sofa 0.0043 39 204 608 332
sofa 0.0016 163 78 224 187
sofa 0.0013 55 60 196 185
sofa 0.0013 111 71 174 121
sofa 0.0012 133 64 240 199
pottedplant 0.6262 158 79 220 184
pottedplant 0.3991 133 64 240 199
pottedplant 0.1931 171 115 209 168
pottedplant 0.0036 184 131 202 159
pottedplant 0.0034 292 -8 358 52
pottedplant 0.0033 63 90 105 150
pottedplant 0.0030 57 79 121 163
pottedplant 0.0010 265 23 289 39
diningtable 0.1704 68 58 217 185
diningtable 0.0140 96 80 201 147
diningtable 0.0115 40 11 234 233
diningtable 0.0101 126 57 242 193
diningtable 0.0086 72 79 167 169
diningtable 0.0082 -57 136 299 277
diningtable 0.0077 -10 -1 247 408
diningtable 0.0074 103 72 291 398
diningtable 0.0044 132 78 190 183
diningtable 0.0036 111 71 174 121
diningtable 0.0030 350 123 520 435
diningtable 0.0020 34 55 143 178
diningtable 0.0020 160 74 218 130
diningtable 0.0018 174 120 226 233
diningtable 0.0017 125 97 251 251
diningtable 0.0014 163 66 223 184
diningtable 0.0014 107 91 136 110
diningtable 0.0012 59 70 115 167
diningtable 0.0012 62 89 104 145
tvmonitor 0.9814 253 59 389 212
tvmonitor 0.0346 282 78 357 194
tvmonitor 0.0033 249 -29 406 285
