person 0.9986 225 97 288 277
person 0.9927 162 96 218 310
person 0.9717 -5 136 26 212
person 0.2354 16 153 25 175
person 0.1608 112 155 122 188
person 0.1127 96 157 104 184
person 0.0720 212 160 223 181
person 0.0419 109 158 118 185
person 0.0400 216 159 227 184
person 0.0356 328 70 351 85
person 0.0320 205 159 212 179
person 0.0246 79 163 86 180
person 0.0216 -2 170 4 192
person 0.0207 68 163 74 179
person 0.0197 0 152 4 192
person 0.0165 90 157 97 182
person 0.0164 144 157 153 178
person 0.0095 214 166 223 188
person 0.0067 0 175 3 201
person 0.0053 13 156 20 172
person 0.0050 0 117 6 340
person 0.0042 229 23 550 284
person 0.0041 271 161 298 185
person 0.0041 314 175 328 209
person 0.0038 48 163 58 183
person 0.0034 230 177 245 208
person 0.0033 200 161 209 197
person 0.0030 10 142 32 197
person 0.0030 96 156 102 173
person 0.0029 -49 83 321 255
person 0.0025 90 154 97 172
person 0.0025 234 171 244 193
person 0.0025 56 165 67 180
person 0.0024 42 147 49 162
person 0.0022 1 149 6 177
person 0.0021 124 160 131 181
person 0.0021 263 180 271 201
person 0.0021 -4 86 17 342
person 0.0020 203 157 212 172
person 0.0018 209 157 224 172
person 0.0017 218 157 232 172
person 0.0016 385 52 411 78
person 0.0016 114 157 120 173
person 0.0015 12 162 20 179
person 0.0014 0 160 2 279
person 0.0013 236 180 247 204
person 0.0012 113 167 124 186
person 0.0012 28 165 42 179
person 0.0011 370 18 446 96
person 0.0010 226 164 250 219
person 0.0010 -26 134 35 210
person 0.0010 340 68 361 84
bicycle 0.0052 -2 170 4 192
bicycle 0.0022 15 154 27 182
car 0.0070 255 154 328 191
car 0.0042 271 161 298 185
car 0.0032 -2 170 4 192
car 0.0013 177 24 566 282
car 0.0010 212 160 223 181
aeroplane 0.9795 173 22 572 244
aeroplane 0.0122 183 133 264 191
aeroplane 0.0087 239 -33 492 350
aeroplane 0.0071 92 -27 393 294
aeroplane 0.0063 -22 60 449 258
aeroplane 0.0048 163 104 354 209
aeroplane 0.0042 255 154 328 191
aeroplane 0.0036 97 120 306 195
aeroplane 0.0013 218 157 232 172
aeroplane 0.0010 239 72 283 206
aeroplane 0.0010 209 157 224 172
bus 0.0010 177 24 566 282
boat 0.0067 216 23 561 242
bird 0.0020 216 23 561 242
cow 0.0022 216 23 561 242
bottle 0.0016 236 180 247 204
bottle 0.0012 230 180 247 214
