person 0.0012 34 68 68 119
bird 0.0013 147 76 199 169
dog 0.0208 262 76 406 254
dog 0.0045 60 76 101 130
dog 0.0038 147 76 199 169
dog 0.0036 116 80 161 149
dog 0.0018 33 68 61 115
dog 0.0015 45 71 75 122
horse 0.1964 144 78 199 166
horse 0.1407 114 73 163 154
horse 0.1052 34 68 68 119
horse 0.0525 28 58 81 129
horse 0.0470 60 76 101 130
horse 0.0450 45 71 75 122
horse 0.0419 264 78 403 257
horse 0.0089 40 72 59 114
horse 0.0084 112 60 215 177
horse 0.0047 42 65 107 139
horse 0.0019 297 100 378 236
horse 0.0010 51 83 70 119
sheep 0.7690 60 76 101 130
sheep 0.7187 264 78 403 257
sheep 0.6690 45 71 75 122
sheep 0.6666 116 80 161 149
sheep 0.6555 143 67 204 175
sheep 0.6000 33 68 61 115
sheep 0.1949 28 58 81 129
sheep 0.0405 42 65 107 139
sheep 0.0353 36 72 56 105
sheep 0.0259 297 100 378 236
sheep 0.0178 110 68 180 161
sheep 0.0130 152 83 197 151
sheep 0.0116 70 85 92 121
sheep 0.0080 51 83 70 119
sheep 0.0026 56 79 70 95
cow 0.7596 147 76 199 169
cow 0.5265 116 80 161 149
cow 0.3142 262 76 406 254
cow 0.1942 60 76 101 130
cow 0.1691 34 68 68 119
cow 0.1020 45 71 75 122
cow 0.0788 28 58 81 129
cow 0.0544 112 60 215 177
cow 0.0173 40 72 59 114
cow 0.0084 42 65 107 139
cow 0.0060 295 100 374 230
cow 0.0016 70 85 92 121
cow 0.0015 51 83 70 119
