bottle 0.9853 221 99 293 292
bottle 0.0058 339 36 469 333
bottle 0.0022 215 146 354 326
bottle 0.0017 94 83 179 258
chair 0.9204 -15 -183 163 330
chair 0.6663 397 140 515 445
chair 0.3438 -59 0 224 157
chair 0.0232 297 -41 518 100
chair 0.0125 141 -42 268 100
chair 0.0123 336 -20 371 63
chair 0.0093 357 159 540 368
chair 0.0077 169 -5 264 76
chair 0.0046 366 298 543 405
chair 0.0038 329 45 548 330
chair 0.0032 414 -14 480 38
chair 0.0024 257 -31 410 72
chair 0.0022 148 -19 261 42
chair 0.0021 445 -9 468 31
chair 0.0015 429 -29 509 463
chair 0.0014 228 2 484 119
chair 0.0014 15 22 439 357
chair 0.0013 -40 47 223 332
chair 0.0013 368 33 521 519
chair 0.0013 126 -31 361 85
sofa 0.0084 -59 0 224 157
sofa 0.0073 -21 -176 180 318
pottedplant 0.0011 339 36 469 333
diningtable 0.9981 23 20 474 354
diningtable 0.0042 329 45 548 330
diningtable 0.0035 99 177 181 345
diningtable 0.0012 -52 81 389 302
tvmonitor 0.0349 350 -127 521 293
tvmonitor 0.0144 390 -35 519 198
tvmonitor 0.0024 297 -41 518 100
