person 0.9900 -54 189 183 368
person 0.9311 -26 -12 152 566
person 0.0113 -21 122 129 433
person 0.0066 277 268 302 292
person 0.0020 190 202 205 217
person 0.0018 143 192 172 215
person 0.0015 225 236 302 304
person 0.0014 67 238 461 349
person 0.0012 205 254 228 278
person 0.0010 196 200 219 219
car 0.9997 104 129 427 462
car 0.8540 67 238 461 349
car 0.4139 119 174 275 255
car 0.3686 122 180 180 227
car 0.3674 132 191 166 216
car 0.3350 153 186 258 241
car 0.0396 329 165 394 241
car 0.0122 337 175 379 232
car 0.0106 131 190 150 212
car 0.0096 204 202 227 217
car 0.0057 103 194 118 213
car 0.0054 351 186 389 254
car 0.0048 84 173 174 230
car 0.0047 219 208 235 238
car 0.0044 145 196 171 219
car 0.0042 131 184 148 203
car 0.0039 105 200 119 217
car 0.0038 153 193 176 214
car 0.0026 108 191 130 212
car 0.0024 359 195 384 225
car 0.0022 108 203 128 218
car 0.0022 0 190 3 231
car 0.0021 122 188 137 211
car 0.0019 345 187 372 215
car 0.0016 116 181 219 237
car 0.0015 0 206 3 254
car 0.0014 298 143 411 290
car 0.0014 70 154 218 269
car 0.0013 196 200 219 219
car 0.0012 123 185 136 203
car 0.0011 327 191 396 268
car 0.0011 133 202 147 217
car 0.0011 0 173 3 212
car 0.0010 159 201 173 219
car 0.0010 98 192 108 209
bus 0.0076 88 170 282 256
bus 0.0014 128 185 267 243
boat 0.0011 122 180 180 227
boat 0.0011 131 186 265 249
bottle 0.0010 107 271 120 311
pottedplant 0.0037 283 216 345 270
