person 0.0134 354 105 371 125
person 0.0124 342 102 356 125
person 0.0070 331 110 347 143
person 0.0043 82 35 101 53
person 0.0040 335 90 350 120
person 0.0026 71 31 90 52
person 0.0014 -54 -13 217 128
person 0.0013 324 81 360 131
person 0.0012 105 64 129 90
person 0.0011 330 102 355 126
person 0.0010 336 89 348 108
car 0.0451 -15 -72 161 171
car 0.0209 189 -7 278 22
car 0.0134 -70 -17 205 131
car 0.0034 -36 19 100 132
car 0.0018 -24 40 74 112
car 0.0017 -23 -24 523 316
car 0.0010 310 69 378 143
motorbike 0.0039 -15 -72 161 171
aeroplane 0.9513 -94 77 597 212
aeroplane 0.8905 62 62 450 230
aeroplane 0.8339 -23 -24 523 316
aeroplane 0.6652 -26 -55 172 170
aeroplane 0.0118 -39 -78 304 207
aeroplane 0.0085 -36 19 100 132
aeroplane 0.0022 -73 -7 212 102
aeroplane 0.0017 223 78 495 304
bus 0.0039 -70 -17 205 131
bus 0.0017 189 -7 278 22
train 0.0021 -23 -24 523 316
boat 0.0050 -23 -24 523 316
boat 0.0031 -26 -55 172 170
horse 0.0019 -94 77 597 212
sheep 0.0011 -15 -72 161 171
