person 0.0570 391 -19 443 101
person 0.0033 286 185 361 276
person 0.0014 395 -1 436 66
person 0.0012 358 -40 477 122
bicycle 0.0014 233 106 410 250
bird 0.0206 286 185 361 276
cat 0.0104 286 185 361 276
cat 0.0091 144 28 292 349
dog 0.9952 143 28 291 327
dog 0.0964 117 89 353 271
dog 0.0715 148 -73 318 438
dog 0.0120 286 185 361 276
horse 0.0044 286 185 361 276
horse 0.0010 144 28 292 349
bottle 0.5161 277 140 307 225
bottle 0.1856 303 144 340 219
bottle 0.1311 294 151 323 220
bottle 0.1119 336 143 365 219
bottle 0.0375 284 137 360 229
bottle 0.0230 233 106 410 250
bottle 0.0216 351 142 372 220
bottle 0.0166 336 141 362 169
bottle 0.0138 321 149 355 218
bottle 0.0118 297 172 313 215
bottle 0.0108 307 142 332 171
bottle 0.0078 272 150 292 227
bottle 0.0055 277 144 303 168
bottle 0.0046 298 162 322 186
bottle 0.0045 304 136 337 188
bottle 0.0042 329 120 372 232
bottle 0.0035 299 159 318 206
bottle 0.0017 256 139 330 228
bottle 0.0015 285 158 301 207
bottle 0.0014 275 155 288 208
bottle 0.0013 268 145 284 236
bottle 0.0011 269 110 304 249
bottle 0.0011 357 169 370 210
bottle 0.0011 343 157 359 208
bottle 0.0010 279 149 365 199
chair 0.0025 144 28 292 349
chair 0.0016 117 89 353 271
sofa 0.0014 96 -36 385 52
diningtable 0.0022 241 55 392 340
tvmonitor 0.0032 286 185 361 276
tvmonitor 0.0019 475 34 508 94
tvmonitor 0.0015 391 -19 443 101
tvmonitor 0.0011 358 -40 477 122
tvmonitor 0.0010 253 170 388 295
