person 0.0093 375 184 387 203
person 0.0081 61 227 82 253
person 0.0045 200 169 209 195
person 0.0033 154 181 165 198
person 0.0032 -3 113 13 211
person 0.0029 22 0 475 276
person 0.0026 191 173 203 191
person 0.0020 3 124 28 201
person 0.0020 177 173 196 191
person 0.0018 381 182 391 203
person 0.0016 280 174 302 193
person 0.0016 180 174 194 208
person 0.0015 26 130 61 194
person 0.0015 496 162 500 203
person 0.0015 56 201 83 262
person 0.0014 0 117 2 208
person 0.0013 233 165 240 179
person 0.0012 28 189 58 253
person 0.0012 421 62 479 180
person 0.0011 190 2 542 318
car 0.6034 138 153 235 224
car 0.2280 234 155 334 206
car 0.2039 170 149 261 222
car 0.1144 105 142 272 228
car 0.0092 327 143 543 242
car 0.0078 205 163 247 209
car 0.0056 154 181 165 198
car 0.0052 226 169 245 194
car 0.0052 241 173 266 190
car 0.0031 166 173 191 191
car 0.0030 256 175 273 189
car 0.0025 160 146 473 208
car 0.0024 236 171 254 191
car 0.0018 225 78 515 293
car 0.0013 153 178 181 202
car 0.0012 -18 71 117 322
car 0.0011 -1 -40 456 207
car 0.0011 104 191 127 210
car 0.0011 216 158 292 201
aeroplane 0.9977 22 -35 471 205
bus 0.0648 234 155 334 206
bus 0.0583 -18 71 117 322
bus 0.0053 187 141 368 218
train 0.0053 -18 71 117 322
boat 0.0011 233 146 331 207
cow 0.0022 -7 -23 461 233
