person 0.9989 83 -5 486 399
person 0.1874 19 49 327 386
person 0.0087 478 184 504 441
person 0.0075 -101 157 365 354
car 0.0055 64 140 503 399
motorbike 0.0013 -3 48 439 379
cat 0.8531 -63 82 342 319
cat 0.0324 3 34 272 399
dog 0.2289 -68 88 343 345
dog 0.0057 -4 -7 281 394
sheep 0.0029 -63 82 342 319
chair 0.1617 355 6 519 515
chair 0.1288 -73 2 317 149
chair 0.1208 -21 -133 267 264
chair 0.0646 64 140 503 399
chair 0.0471 331 179 540 370
chair 0.0176 -8 26 41 219
chair 0.0110 478 230 504 429
chair 0.0089 13 -10 425 402
chair 0.0044 -5 -83 28 252
chair 0.0020 -50 282 138 417
chair 0.0018 -35 74 358 322
chair 0.0016 -1 225 583 370
sofa 0.2793 64 140 503 399
sofa 0.0623 13 -10 425 402
sofa 0.0510 355 6 519 515
sofa 0.0208 331 179 540 370
sofa 0.0177 -73 2 317 149
sofa 0.0168 -101 157 365 354
sofa 0.0136 -21 -133 267 264
sofa 0.0062 -1 225 583 370
sofa 0.0035 478 184 504 441
sofa 0.0015 -14 123 107 428
sofa 0.0015 -50 282 138 417
