person 0.5999 -36 97 169 369
person 0.0032 345 -45 554 100
person 0.0028 -1 76 84 188
person 0.0023 85 72 444 278
person 0.0023 -16 55 114 451
bicycle 0.0010 87 53 439 270
cat 0.7485 81 55 479 271
dog 0.7863 78 69 477 280
dog 0.0012 156 4 409 377
chair 0.1455 -34 132 164 372
chair 0.0538 76 -17 179 107
chair 0.0437 101 -4 159 94
chair 0.0113 133 29 186 143
chair 0.0053 345 -45 554 100
chair 0.0043 333 -143 528 388
chair 0.0040 -19 54 144 539
chair 0.0039 305 34 343 104
chair 0.0032 81 55 479 271
chair 0.0023 -8 138 59 440
chair 0.0022 -2 100 24 451
chair 0.0021 297 23 348 130
chair 0.0019 299 32 566 205
chair 0.0013 26 36 218 347
chair 0.0012 152 38 180 137
chair 0.0012 93 -24 191 185
sofa 0.0165 58 122 508 310
sofa 0.0110 333 -143 528 388
sofa 0.0070 345 -45 554 100
sofa 0.0059 60 180 599 357
sofa 0.0054 -34 132 164 372
sofa 0.0042 299 32 566 205
sofa 0.0036 158 58 408 374
pottedplant 0.0142 345 -45 554 100
pottedplant 0.0043 299 32 566 205
pottedplant 0.0029 435 -27 519 66
pottedplant 0.0022 333 -143 528 388
diningtable 0.0030 58 122 508 310
diningtable 0.0021 333 -143 528 388
diningtable 0.0018 77 13 421 359
diningtable 0.0014 140 58 504 256
diningtable 0.0014 251 35 571 204
tvmonitor 0.1580 91 -27 226 77
tvmonitor 0.0064 124 -9 208 64
tvmonitor 0.0061 -29 33 218 353
tvmonitor 0.0017 -46 -51 146 126
