car 0.0051 0 -44 480 304
car 0.0041 401 182 435 200
car 0.0036 464 187 485 200
car 0.0024 -171 80 615 219
car 0.0021 37 46 433 223
car 0.0017 476 187 493 200
car 0.0014 414 180 442 199
car 0.0012 494 182 501 202
car 0.0012 368 187 543 210
car 0.0012 433 184 460 196
car 0.0011 453 192 480 200
car 0.0011 440 193 472 200
aeroplane 0.9946 -81 66 556 201
aeroplane 0.4745 -23 -57 466 315
aeroplane 0.1381 35 50 432 257
boat 0.0036 358 154 547 232
boat 0.0014 -171 80 615 219
bird 0.0031 13 61 540 203
sheep 0.0025 13 61 540 203
cow 0.0014 37 46 433 223
sofa 0.0034 -171 80 615 219
