person 0.9680 146 -7 496 453
person 0.3026 14 -32 340 488
person 0.0620 -59 64 244 404
person 0.0157 401 -15 513 298
person 0.0115 250 26 572 352
person 0.0073 72 -3 493 229
person 0.0045 -99 19 386 269
person 0.0027 353 2 538 231
person 0.0022 459 -70 509 276
person 0.0015 425 -88 509 448
bird 0.0020 -41 163 249 438
cat 0.2619 -20 159 268 447
cat 0.0039 34 37 475 492
dog 0.7987 -41 163 249 438
dog 0.0185 34 37 475 492
sheep 0.0049 158 31 490 493
chair 0.0193 34 37 475 492
chair 0.0082 -59 64 244 404
chair 0.0059 202 4 503 435
sofa 0.1346 34 37 475 492
sofa 0.0571 -59 64 244 404
sofa 0.0064 153 -12 493 329
sofa 0.0035 13 -16 332 405
sofa 0.0033 -50 223 263 454
sofa 0.0024 70 308 606 450
sofa 0.0012 401 -15 513 298
diningtable 0.0031 31 -14 473 325
