person 0.0027 56 129 73 175
person 0.0011 433 130 512 423
bicycle 0.0030 -11 150 137 481
bicycle 0.0016 -18 219 114 410
bird 0.0041 -9 301 89 368
bird 0.0021 -38 251 127 411
bird 0.0014 15 291 47 318
cat 0.0067 -9 301 89 368
cat 0.0024 -38 251 127 411
cat 0.0011 52 127 77 178
dog 0.0017 114 144 185 318
bottle 0.0015 15 291 47 318
chair 0.8978 109 133 189 335
chair 0.6337 -14 156 136 496
chair 0.1094 88 120 232 316
chair 0.1084 36 238 134 413
chair 0.0081 -41 227 138 396
chair 0.0072 97 47 229 421
chair 0.0042 430 153 513 428
chair 0.0034 108 160 188 241
chair 0.0032 112 207 185 286
chair 0.0015 161 142 207 292
chair 0.0014 369 152 451 435
chair 0.0013 174 116 221 316
chair 0.0011 30 -2 101 284
chair 0.0011 -33 283 105 415
sofa 0.0080 430 153 513 428
sofa 0.0054 110 134 206 334
sofa 0.0013 -11 150 137 481
pottedplant 0.0019 -18 303 89 365
pottedplant 0.0012 -4 190 26 396
diningtable 0.0817 -11 150 137 481
diningtable 0.0014 -35 213 134 375
