person 0.2951 478 30 504 323
person 0.2152 -5 116 29 191
person 0.1202 -1 124 8 159
person 0.0508 345 105 372 135
person 0.0344 486 79 502 244
person 0.0305 2 129 20 155
person 0.0295 331 92 390 149
person 0.0266 0 121 6 181
person 0.0199 23 126 42 158
person 0.0184 481 95 504 189
person 0.0137 14 129 37 157
person 0.0131 451 105 469 140
person 0.0109 -4 113 15 174
person 0.0081 26 126 39 146
person 0.0074 -90 84 393 294
person 0.0062 446 101 478 143
person 0.0060 5 134 23 166
person 0.0057 487 113 501 151
person 0.0047 9 122 43 166
person 0.0045 466 -43 507 359
person 0.0044 -16 110 48 197
person 0.0044 256 105 277 136
person 0.0041 33 130 47 153
person 0.0026 17 126 34 145
person 0.0019 388 111 409 135
person 0.0018 0 133 8 191
person 0.0013 4 125 19 145
person 0.0013 477 122 496 146
person 0.0013 11 15 325 334
person 0.0012 486 58 502 169
person 0.0011 471 101 507 164
person 0.0010 442 38 509 314
person 0.0010 250 98 282 141
person 0.0010 266 96 338 144
bicycle 0.1712 -6 123 29 198
bicycle 0.0382 0 133 8 191
bicycle 0.0300 -5 104 50 206
bicycle 0.0274 23 126 42 158
bicycle 0.0176 14 122 49 164
bicycle 0.0147 2 115 59 171
bicycle 0.0112 15 135 33 165
bicycle 0.0062 33 130 47 153
bicycle 0.0044 -2 113 16 193
bicycle 0.0040 -29 90 79 222
bicycle 0.0032 3 142 22 181
bicycle 0.0017 0 121 6 181
car 0.9578 193 -42 483 369
car 0.9016 146 100 534 229
car 0.2890 325 -13 503 330
car 0.0541 306 65 552 208
car 0.0319 -107 82 436 294
car 0.0293 481 98 504 167
car 0.0175 483 79 503 225
car 0.0149 479 24 503 293
car 0.0144 487 113 501 151
car 0.0085 473 110 504 191
car 0.0065 11 15 325 334
car 0.0057 -1 122 7 146
car 0.0027 -2 113 16 193
car 0.0026 477 128 496 153
car 0.0021 493 95 500 135
car 0.0020 486 58 502 169
car 0.0014 490 87 501 273
car 0.0012 268 77 521 165
car 0.0011 0 121 6 181
car 0.0010 454 87 502 262
motorbike 0.2784 -6 123 29 198
motorbike 0.0716 -5 104 50 206
motorbike 0.0350 -2 113 16 193
motorbike 0.0195 0 133 8 191
motorbike 0.0140 23 126 42 158
motorbike 0.0129 14 122 49 164
motorbike 0.0108 2 115 59 171
motorbike 0.0083 15 135 33 165
motorbike 0.0083 -29 90 79 222
motorbike 0.0059 0 121 6 181
motorbike 0.0049 -1 124 8 159
motorbike 0.0027 33 130 47 153
motorbike 0.0022 476 33 505 348
motorbike 0.0020 3 142 22 181
motorbike 0.0015 2 129 20 155
bus 0.0033 347 -1 507 309
bus 0.0026 -90 84 393 294
bus 0.0017 478 30 504 323
train 0.0015 -90 84 393 294
boat 0.0128 347 -1 507 309
horse 0.0017 347 -1 507 309
sofa 0.0010 -90 84 393 294
