person 0.0139 246 197 420 352
person 0.0035 302 215 360 333
person 0.0024 59 128 435 411
person 0.0015 206 326 494 399
person 0.0013 311 214 438 342
train 0.0095 -66 200 496 332
train 0.0023 -18 173 441 416
bird 0.0020 342 -35 523 472
cat 0.9956 128 95 348 247
cat 0.0019 173 74 305 357
dog 0.0046 342 -35 523 472
dog 0.0042 312 137 552 312
dog 0.0014 159 58 311 275
sheep 0.0039 342 -35 523 472
sheep 0.0024 312 137 552 312
bottle 0.0030 353 175 399 251
chair 0.0086 58 119 369 326
chair 0.0068 273 186 390 248
chair 0.0012 38 321 368 396
sofa 0.0017 -66 200 496 332
sofa 0.0016 58 119 369 326
pottedplant 0.0095 318 153 553 353
pottedplant 0.0048 323 0 518 437
diningtable 0.0018 -98 226 526 359
tvmonitor 0.0012 253 145 416 401
