person 0.9989 340 8 524 216
person 0.9964 366 -90 495 303
person 0.0040 0 132 3 172
person 0.0024 493 118 499 147
person 0.0023 266 96 357 158
person 0.0021 394 120 404 145
person 0.0018 0 55 477 223
person 0.0018 466 119 482 145
person 0.0017 480 123 490 142
person 0.0014 -3 -53 15 250
person 0.0012 0 126 2 194
person 0.0011 -1 66 6 199
person 0.0010 0 76 2 190
bicycle 0.0010 0 132 3 172
car 0.5776 -54 69 471 234
car 0.0146 0 132 3 172
car 0.0107 92 36 358 90
car 0.0062 33 -9 392 328
car 0.0042 358 -167 509 364
car 0.0032 493 118 499 147
car 0.0023 0 126 2 194
car 0.0016 -1 79 7 225
car 0.0014 493 112 499 137
car 0.0013 324 5 514 206
car 0.0012 428 124 439 149
motorbike 0.0060 -65 56 445 223
motorbike 0.0019 0 132 3 172
bus 0.0015 324 5 514 206
train 0.0013 324 5 514 206
bottle 0.0139 398 54 412 100
bottle 0.0114 385 80 398 104
bottle 0.0062 390 46 413 109
bottle 0.0017 377 55 403 115
bottle 0.0013 462 65 475 83
bottle 0.0011 393 67 406 100
