person 0.0028 -23 -44 156 105
person 0.0011 28 -65 333 135
chair 0.0924 416 11 515 343
chair 0.0654 60 0 494 318
chair 0.0447 341 11 544 270
chair 0.0393 -37 23 151 279
chair 0.0299 -7 -40 96 358
chair 0.0152 -3 -12 20 330
chair 0.0128 -5 -72 37 349
chair 0.0097 28 -65 333 135
chair 0.0061 -23 -44 156 105
chair 0.0028 432 -81 509 245
chair 0.0024 188 5 557 227
chair 0.0023 -9 -94 136 170
chair 0.0019 362 -52 521 414
chair 0.0019 310 -150 508 293
chair 0.0019 -1 -11 4 319
chair 0.0017 -25 92 212 344
chair 0.0014 460 -104 507 381
chair 0.0013 478 -61 503 264
chair 0.0010 297 -71 519 153
sofa 0.0017 30 -38 369 85
diningtable 0.9586 30 0 475 377
diningtable 0.0039 -9 -20 67 374
diningtable 0.0038 -3 -12 20 330
diningtable 0.0027 28 -65 333 135
diningtable 0.0025 -5 -55 35 410
diningtable 0.0013 416 11 515 343
