person 0.9168 37 56 465 378
person 0.3982 46 -3 458 232
person 0.0415 259 12 563 201
person 0.0133 327 3 489 318
person 0.0130 -69 77 410 279
person 0.0046 349 -77 523 167
person 0.0043 163 55 407 328
person 0.0035 60 -16 292 304
person 0.0026 304 -154 520 298
person 0.0014 219 -26 512 398
person 0.0011 -15 178 586 345
person 0.0010 105 69 319 382
person 0.0010 193 72 556 298
bird 0.0010 326 28 488 325
cat 0.0307 37 56 465 378
cat 0.0146 151 34 353 347
cat 0.0063 -14 92 437 273
cat 0.0043 326 28 488 325
dog 0.0104 37 56 465 378
dog 0.0021 151 34 353 347
chair 0.0206 56 -7 490 378
chair 0.0079 317 28 552 337
sofa 0.5263 69 -24 484 341
sofa 0.0190 3 6 558 193
sofa 0.0186 317 28 552 337
sofa 0.0023 36 131 465 380
sofa 0.0017 -15 -5 283 379
sofa 0.0015 -63 53 408 255
sofa 0.0011 255 8 565 162
sofa 0.0010 347 -132 521 278
diningtable 0.0025 317 28 552 337
diningtable 0.0014 357 125 517 498
