person 0.9992 145 26 417 255
person 0.9879 338 -18 483 371
person 0.9748 344 71 476 282
person 0.3496 0 48 193 541
person 0.1507 -42 210 248 372
person 0.0954 19 29 62 181
person 0.0930 -6 102 143 437
person 0.0273 10 30 50 247
person 0.0160 43 141 69 204
person 0.0140 5 164 122 347
person 0.0132 -5 -85 34 477
person 0.0101 242 15 289 150
person 0.0086 46 176 168 372
person 0.0054 28 59 57 168
person 0.0050 -1 -12 61 290
person 0.0033 19 70 50 175
person 0.0031 0 -68 17 462
person 0.0025 55 185 116 325
person 0.0023 17 84 70 231
person 0.0019 44 99 83 152
person 0.0018 53 58 110 173
person 0.0018 481 96 502 374
person 0.0014 58 70 87 123
person 0.0014 434 17 509 298
person 0.0013 0 74 4 387
person 0.0013 -11 97 65 451
person 0.0013 2 -37 24 354
person 0.0012 32 89 94 163
person 0.0011 467 103 500 296
person 0.0010 53 112 76 143
person 0.0010 493 54 501 292
bicycle 0.0011 113 222 208 413
car 0.3034 11 31 59 178
car 0.0068 119 14 448 232
car 0.0068 33 75 56 95
car 0.0061 28 59 57 168
car 0.0015 -7 -33 67 237
car 0.0011 -55 189 257 361
car 0.0011 16 49 49 105
car 0.0011 0 22 129 187
car 0.0011 20 61 85 129
train 0.0031 103 179 602 364
boat 0.0106 119 14 448 232
boat 0.0013 232 23 568 212
bottle 0.4933 451 130 501 275
bottle 0.0058 248 212 464 345
bottle 0.0033 110 245 135 312
bottle 0.0031 314 234 408 287
bottle 0.0021 357 169 409 290
bottle 0.0021 43 141 69 204
bottle 0.0011 47 160 64 198
chair 0.0516 43 167 180 347
chair 0.0487 113 222 208 413
chair 0.0291 0 48 193 541
chair 0.0135 -42 210 248 372
chair 0.0122 35 64 229 321
chair 0.0062 335 -20 487 351
chair 0.0040 29 186 225 475
chair 0.0039 54 153 265 309
chair 0.0030 232 23 568 212
chair 0.0029 79 196 157 321
chair 0.0025 111 52 454 311
chair 0.0016 -2 57 19 490
chair 0.0015 433 5 510 274
chair 0.0012 12 38 56 193
chair 0.0012 11 152 160 434
chair 0.0010 360 164 411 282
sofa 0.0066 111 52 454 311
sofa 0.0017 35 64 229 321
sofa 0.0013 -42 210 248 372
sofa 0.0013 0 48 193 541
diningtable 0.9660 67 228 609 367
diningtable 0.3137 133 96 539 508
diningtable 0.0112 191 134 513 390
diningtable 0.0016 36 51 238 383
