person 0.9984 231 0 399 256
person 0.9948 -7 -114 84 366
person 0.9700 160 -5 304 246
person 0.9080 136 -24 189 84
person 0.8586 253 -108 367 349
person 0.6038 300 -92 387 373
person 0.5533 166 -98 276 337
person 0.2729 -30 4 110 258
person 0.0408 109 -37 214 98
person 0.0358 -11 -97 35 352
person 0.0151 17 83 328 421
person 0.0109 256 -2 279 13
person 0.0078 179 -38 285 161
person 0.0075 313 -28 386 188
person 0.0074 252 -29 298 96
person 0.0063 223 -39 279 133
person 0.0048 344 -1 387 6
person 0.0048 168 -1 194 12
person 0.0040 145 -8 240 20
person 0.0040 358 0 388 4
person 0.0038 208 -8 310 21
person 0.0038 236 -16 318 263
person 0.0037 -7 -48 29 175
person 0.0036 141 -40 256 98
person 0.0033 171 -1 213 8
person 0.0032 204 152 257 282
person 0.0030 -17 0 327 261
person 0.0025 156 -2 187 14
person 0.0023 168 -21 229 79
person 0.0022 126 -9 204 23
person 0.0022 256 -1 300 9
person 0.0021 247 44 301 172
person 0.0021 245 -20 314 48
person 0.0021 316 -19 394 46
person 0.0017 265 -5 407 14
person 0.0016 198 -18 299 45
person 0.0016 131 -1 170 74
person 0.0016 -6 84 24 136
person 0.0015 241 -9 354 19
person 0.0014 0 -50 75 181
person 0.0013 105 -121 278 229
person 0.0013 346 -12 383 42
bicycle 0.4131 131 -1 170 74
bicycle 0.2595 124 -9 188 88
bicycle 0.1154 109 -37 214 98
bicycle 0.0066 139 10 154 57
bicycle 0.0050 144 7 183 73
bicycle 0.0015 143 14 159 53
bicycle 0.0014 187 -14 313 265
car 0.0023 187 -14 313 265
car 0.0010 107 -38 246 98
motorbike 0.9995 -22 91 320 420
motorbike 0.0466 131 -1 170 74
motorbike 0.0423 109 -37 214 98
motorbike 0.0192 123 -14 188 88
motorbike 0.0120 187 -14 313 265
bottle 0.0204 309 -4 325 33
bottle 0.0167 304 -10 328 44
bottle 0.0099 234 49 251 95
pottedplant 0.0018 49 -31 115 127
