person 0.1566 9 -8 425 385
person 0.0892 238 3 563 207
person 0.0562 -31 -125 214 248
person 0.0404 -65 15 253 282
person 0.0149 -80 0 275 156
person 0.0109 104 -77 317 148
person 0.0090 73 -34 362 74
person 0.0045 90 -16 479 248
person 0.0019 44 0 612 166
person 0.0012 320 -4 548 380
person 0.0011 287 -148 453 381
person 0.0010 -52 67 181 367
cat 0.0057 -50 50 184 319
cat 0.0018 9 -8 425 385
dog 0.4417 33 -12 449 386
dog 0.1150 155 32 498 245
dog 0.0105 292 -159 451 438
dog 0.0084 313 -27 444 300
dog 0.0070 -50 50 184 319
dog 0.0035 216 34 428 347
dog 0.0030 260 6 556 369
horse 0.0036 155 32 498 245
horse 0.0028 33 -12 449 386
cow 0.0020 33 -12 449 386
chair 0.0252 33 -12 449 386
chair 0.0197 238 3 563 207
chair 0.0042 320 -4 548 380
chair 0.0021 -62 34 245 336
chair 0.0010 277 -141 526 291
sofa 0.3000 33 -12 449 386
sofa 0.0298 238 3 563 207
sofa 0.0124 -62 34 245 336
sofa 0.0028 97 23 484 220
sofa 0.0020 277 -141 526 291
sofa 0.0015 320 -4 548 380
diningtable 0.0041 320 -4 548 380
diningtable 0.0036 426 130 512 413
diningtable 0.0014 238 3 563 207
