person 0.0035 0 260 191 614
person 0.0020 -115 323 428 490
person 0.0019 14 52 291 422
person 0.0014 28 332 158 537
cat 0.5018 229 17 344 171
cat 0.2237 0 260 191 614
cat 0.0164 40 327 172 539
cat 0.0157 99 76 219 247
cat 0.0097 89 12 226 321
cat 0.0026 225 -72 384 246
dog 0.9675 99 76 219 247
dog 0.9644 89 12 226 321
dog 0.6801 22 252 197 615
dog 0.6721 229 11 344 189
dog 0.0774 246 34 324 155
dog 0.0235 40 327 172 539
dog 0.0143 -78 54 386 312
dog 0.0043 225 -72 384 246
dog 0.0036 101 17 449 202
chair 0.9933 7 17 300 393
chair 0.9640 91 23 452 245
chair 0.2367 -90 113 397 376
chair 0.0098 160 -116 391 286
chair 0.0061 16 205 313 520
chair 0.0058 -117 331 374 489
chair 0.0012 224 -39 410 387
sofa 0.3109 4 6 357 409
sofa 0.1469 74 41 463 278
sofa 0.0355 16 205 313 520
sofa 0.0098 -117 331 374 489
sofa 0.0022 273 64 408 295
sofa 0.0012 -59 60 302 309
sofa 0.0010 -91 179 402 373
diningtable 0.0068 2 278 371 512
