person 0.9998 198 6 426 411
person 0.8941 93 32 533 305
person 0.0857 262 119 568 371
person 0.0017 425 -1 510 462
bottle 0.0043 429 141 446 170
bottle 0.0026 164 2 437 347
bottle 0.0014 415 131 455 179
bottle 0.0013 415 111 458 233
chair 0.6312 314 119 552 374
chair 0.0156 356 216 515 486
chair 0.0057 341 258 493 396
chair 0.0049 395 66 512 466
chair 0.0034 -7 288 40 433
chair 0.0029 243 212 565 395
chair 0.0023 356 118 474 418
chair 0.0021 415 107 458 312
chair 0.0021 -13 302 47 364
chair 0.0018 429 46 509 332
chair 0.0011 324 215 503 358
chair 0.0011 405 287 530 438
chair 0.0011 207 2 499 410
chair 0.0011 440 69 506 235
chair 0.0010 395 294 460 428
chair 0.0010 427 193 511 452
sofa 0.0259 312 140 555 384
sofa 0.0016 423 21 511 509
diningtable 0.0095 -71 178 352 384
diningtable 0.0031 5 40 283 432
tvmonitor 0.2996 66 31 179 231
tvmonitor 0.2732 -17 22 111 285
tvmonitor 0.0688 -16 -101 118 416
tvmonitor 0.0417 128 -42 290 315
tvmonitor 0.0222 246 102 278 208
tvmonitor 0.0091 -57 70 236 247
tvmonitor 0.0087 16 -50 183 308
tvmonitor 0.0021 139 42 269 254
