person 0.9687 98 33 343 209
person 0.9606 99 71 554 300
person 0.9395 128 -162 311 397
person 0.0576 438 -33 510 121
person 0.0202 487 7 503 106
person 0.0137 494 31 501 82
person 0.0116 465 15 506 81
person 0.0079 464 -13 505 134
person 0.0063 265 29 367 201
person 0.0052 402 90 512 374
person 0.0048 29 2 411 384
person 0.0042 208 18 499 351
person 0.0029 169 -25 304 263
person 0.0029 425 181 486 337
person 0.0026 439 -74 508 275
person 0.0026 473 41 498 71
person 0.0020 182 -49 393 338
person 0.0018 496 -7 499 87
person 0.0018 480 42 504 111
person 0.0018 340 97 544 337
person 0.0013 478 -55 503 257
person 0.0013 427 -21 502 63
person 0.0013 -115 227 379 378
person 0.0011 453 25 517 109
person 0.0011 343 10 537 222
person 0.0010 359 -116 519 339
bicycle 0.0039 433 -42 510 160
car 0.4219 28 112 467 391
car 0.0084 57 -32 443 341
car 0.0018 340 97 544 337
motorbike 0.2531 28 112 467 391
motorbike 0.0031 134 121 577 315
motorbike 0.0023 340 97 544 337
motorbike 0.0010 57 -32 443 341
bus 0.0091 72 76 479 369
train 0.0125 110 32 461 341
train 0.0021 8 115 435 390
boat 0.0798 10 83 435 381
boat 0.0089 340 30 539 277
boat 0.0029 359 -116 519 339
boat 0.0018 106 -9 463 322
dog 0.0077 99 110 553 315
horse 0.0238 337 77 545 299
horse 0.0073 359 -88 524 463
horse 0.0049 397 41 515 353
horse 0.0027 127 70 580 301
cow 0.0751 337 77 545 299
cow 0.0207 127 70 580 301
cow 0.0188 359 -88 524 463
cow 0.0080 397 41 515 353
chair 0.0168 440 -23 510 139
chair 0.0019 480 42 504 111
chair 0.0018 485 58 501 98
chair 0.0017 337 77 545 299
chair 0.0012 360 -56 523 357
chair 0.0010 472 -35 503 196
sofa 0.0029 337 77 545 299
