person 0.9997 238 38 348 432
person 0.9992 116 -2 202 437
person 0.9980 189 37 281 426
person 0.9883 164 22 233 408
person 0.8180 225 68 284 205
person 0.6652 206 120 375 338
person 0.3306 284 31 346 365
person 0.1486 277 67 346 216
person 0.0852 92 97 252 334
person 0.0695 182 56 308 221
person 0.0239 226 69 290 323
person 0.0216 232 49 371 236
person 0.0089 119 76 153 282
person 0.0082 295 -10 362 447
person 0.0037 292 93 341 299
person 0.0021 198 -18 375 481
person 0.0017 89 131 115 194
person 0.0016 262 101 329 220
person 0.0013 108 131 134 214
person 0.0012 92 141 107 183
person 0.0012 113 146 128 178
person 0.0012 214 117 232 136
car 0.0054 108 131 134 214
car 0.0025 77 123 145 203
car 0.0021 106 107 152 248
car 0.0019 113 146 128 178
car 0.0018 177 50 273 395
car 0.0018 118 -8 200 416
dog 0.0078 237 218 279 361
bottle 0.0389 237 224 269 279
bottle 0.0324 246 238 264 262
bottle 0.0221 31 285 67 329
bottle 0.0164 -14 297 63 351
bottle 0.0159 311 240 324 265
bottle 0.0158 241 210 253 229
bottle 0.0143 237 245 264 272
bottle 0.0139 15 304 45 332
bottle 0.0102 254 233 267 262
bottle 0.0070 328 290 340 311
bottle 0.0055 366 302 375 333
bottle 0.0047 249 233 263 252
bottle 0.0046 252 206 272 274
bottle 0.0046 230 201 258 261
bottle 0.0028 0 317 26 341
bottle 0.0025 224 217 284 285
bottle 0.0021 236 232 253 250
bottle 0.0017 273 202 287 219
bottle 0.0015 0 316 11 341
bottle 0.0015 134 238 144 258
bottle 0.0014 129 218 148 302
bottle 0.0013 352 315 368 337
bottle 0.0011 9 311 41 337
bottle 0.0011 222 211 249 229
bottle 0.0010 15 278 76 338
chair 0.0025 191 78 282 416
pottedplant 0.0077 79 121 133 240
pottedplant 0.0021 107 110 152 277
