person 0.0531 272 5 288 29
person 0.0052 297 5 314 26
person 0.0019 356 16 374 46
person 0.0013 277 11 293 29
car 0.0638 162 5 186 17
car 0.0283 125 -1 201 24
car 0.0218 142 4 182 17
car 0.0165 272 5 288 29
car 0.0079 297 5 314 26
car 0.0043 140 3 152 20
car 0.0040 143 1 167 15
car 0.0017 137 0 153 14
car 0.0013 277 11 293 29
bird 0.0324 64 -40 183 298
bird 0.0029 23 149 273 379
bird 0.0018 74 36 187 224
dog 0.2609 196 -54 341 357
dog 0.0258 64 -40 183 298
dog 0.0127 74 36 187 224
dog 0.0115 29 195 266 431
dog 0.0030 107 -26 261 429
dog 0.0016 69 -1 227 574
dog 0.0011 139 62 257 313
horse 0.0352 64 -40 183 298
horse 0.0204 191 34 334 268
horse 0.0071 23 149 273 379
horse 0.0064 74 36 187 224
horse 0.0033 107 -26 261 429
horse 0.0021 190 -63 343 380
horse 0.0017 356 16 374 46
sheep 0.9916 188 30 345 288
sheep 0.9877 68 35 182 224
sheep 0.9844 134 69 262 341
sheep 0.9401 33 178 261 393
sheep 0.1844 107 -26 261 429
sheep 0.1378 69 -1 227 574
sheep 0.0927 64 -27 207 293
sheep 0.0030 202 -52 369 371
sheep 0.0010 243 56 334 272
cow 0.0536 193 25 340 278
cow 0.0289 33 178 261 393
cow 0.0095 64 -40 183 298
cow 0.0038 74 36 187 224
cow 0.0024 69 -1 227 574
cow 0.0016 107 -26 261 429
cow 0.0014 356 16 374 46
cow 0.0014 134 69 262 341
