person 0.0085 445 -17 508 337
person 0.0018 23 -16 345 383
person 0.0012 467 -168 503 369
aeroplane 0.0012 83 -21 390 346
bird 0.9989 90 -5 347 371
bird 0.2219 446 42 508 316
bird 0.0249 -3 70 432 357
bird 0.0186 -28 15 458 222
bird 0.0052 460 -86 506 367
cat 0.0440 446 42 508 316
dog 0.0942 446 42 508 316
dog 0.0035 460 -21 505 452
dog 0.0012 85 19 355 403
horse 0.0164 446 42 508 316
horse 0.0020 460 -86 506 367
sheep 0.0043 446 42 508 316
cow 0.0307 446 42 508 316
cow 0.0010 460 -21 505 452
chair 0.0011 23 -16 345 383
pottedplant 0.0015 23 -16 345 383
diningtable 0.0020 21 -24 342 347
