bird 0.0019 348 53 543 298
cat 0.0035 349 40 541 270
dog 0.0025 348 53 543 298
dog 0.0023 3 26 452 203
horse 0.0241 348 53 543 298
horse 0.0126 61 84 408 299
horse 0.0051 3 26 452 203
horse 0.0014 -10 -11 72 29
sheep 0.8655 349 40 541 270
sheep 0.5962 26 25 444 206
sheep 0.5334 381 -27 517 340
sheep 0.1869 45 90 394 307
sheep 0.0017 490 174 501 345
sheep 0.0015 113 -105 366 333
cow 0.7598 68 104 398 328
cow 0.6901 3 26 452 203
cow 0.1240 348 53 543 298
cow 0.0022 -10 -11 72 29
cow 0.0012 113 -105 366 333
cow 0.0010 365 -129 514 426
