person 0.2981 32 -14 449 396
person 0.0171 181 67 480 308
person 0.0061 -4 134 25 374
person 0.0036 255 -10 419 386
person 0.0032 -4 -35 30 505
person 0.0011 -40 10 148 366
cat 0.0256 251 -16 420 256
cat 0.0042 32 -14 449 396
dog 0.9693 3 -12 343 396
dog 0.0148 107 0 458 379
dog 0.0065 251 -16 420 256
dog 0.0036 2 111 490 334
dog 0.0020 -101 30 372 261
dog 0.0018 181 67 480 308
chair 0.0700 336 67 536 359
chair 0.0650 436 -66 510 494
chair 0.0395 27 -16 464 332
chair 0.0126 217 59 511 316
chair 0.0018 35 120 439 391
chair 0.0013 -5 130 23 452
sofa 0.4665 27 -16 464 332
sofa 0.0034 15 131 424 381
diningtable 0.0016 2 -8 439 323
