person 0.0052 378 216 382 230
person 0.0027 366 213 371 228
person 0.0011 368 216 374 238
person 0.0010 493 195 500 223
car 0.0712 28 224 54 242
car 0.0291 -5 222 30 241
car 0.0267 -22 210 73 252
car 0.0036 50 221 77 241
car 0.0031 0 221 11 240
car 0.0019 35 204 111 252
car 0.0013 13 224 33 238
car 0.0010 23 229 46 243
bus 0.0033 -22 210 73 252
bus 0.0029 57 167 386 291
train 0.9765 114 129 328 333
train 0.8846 57 167 386 291
train 0.0877 380 175 402 214
train 0.0372 -22 210 73 252
train 0.0327 454 170 512 237
train 0.0232 366 138 536 259
train 0.0174 390 175 405 212
train 0.0090 470 195 503 221
train 0.0052 492 188 500 217
train 0.0048 361 162 418 225
train 0.0032 400 177 411 212
train 0.0030 333 204 345 224
train 0.0029 475 193 497 215
train 0.0026 403 189 410 215
train 0.0023 35 204 111 252
train 0.0023 367 134 420 257
train 0.0023 445 144 505 251
train 0.0022 384 163 412 236
train 0.0020 -35 170 133 269
train 0.0018 -5 222 30 241
train 0.0018 482 168 503 236
train 0.0016 370 176 380 212
train 0.0015 28 224 54 242
train 0.0012 393 162 417 226
train 0.0011 -13 215 45 259
train 0.0010 396 202 403 223
bird 0.0018 245 143 251 150
