person 0.9971 242 247 295 409
person 0.9936 185 301 260 405
person 0.4002 196 316 245 388
person 0.0961 68 246 170 422
person 0.0135 112 276 132 304
person 0.0037 107 269 140 318
person 0.0024 99 257 166 342
person 0.0022 150 301 203 399
person 0.0018 210 332 250 382
person 0.0013 206 252 338 411
boat 0.8577 46 2 344 419
boat 0.5698 29 267 416 481
boat 0.0124 11 337 23 345
boat 0.0086 344 292 353 299
boat 0.0072 41 286 67 358
boat 0.0061 2 336 19 346
boat 0.0043 348 292 360 299
boat 0.0031 329 290 342 299
boat 0.0030 26 333 49 345
boat 0.0024 -52 258 484 405
boat 0.0014 87 326 379 427
boat 0.0012 104 73 423 355
boat 0.0012 223 308 237 315
boat 0.0010 309 297 320 304
chair 0.0025 185 313 258 399
