person 0.9931 117 36 461 385
person 0.9705 38 53 280 346
person 0.9482 -4 24 48 206
person 0.9436 183 35 246 137
person 0.0763 420 96 434 118
person 0.0645 449 105 461 128
person 0.0332 419 93 436 133
person 0.0296 189 50 229 122
person 0.0259 413 88 439 143
person 0.0257 433 106 446 128
person 0.0222 437 106 450 129
person 0.0207 478 109 505 179
person 0.0167 447 102 461 141
person 0.0167 204 52 239 120
person 0.0151 494 110 500 140
person 0.0109 414 98 429 116
person 0.0098 419 108 433 143
person 0.0067 218 338 291 392
person 0.0066 432 97 459 152
person 0.0064 -3 71 18 159
person 0.0062 412 106 428 146
person 0.0060 404 94 435 152
person 0.0055 398 106 414 145
person 0.0055 443 95 465 154
person 0.0053 393 107 408 144
person 0.0031 493 109 499 156
person 0.0031 392 96 423 151
person 0.0030 488 67 502 184
person 0.0025 496 83 500 147
person 0.0021 411 98 429 129
person 0.0020 378 83 455 162
person 0.0017 0 92 10 133
person 0.0016 127 29 522 205
person 0.0016 -5 53 33 138
person 0.0015 387 106 397 138
person 0.0015 186 18 257 299
person 0.0014 490 113 499 177
person 0.0014 192 64 244 221
person 0.0014 389 99 408 131
person 0.0013 253 345 277 380
person 0.0013 -3 76 431 311
person 0.0012 160 25 277 148
person 0.0011 75 74 128 176
person 0.0011 385 89 413 145
person 0.0010 0 52 3 140
person 0.0010 392 98 409 116
person 0.0010 0 91 6 158
bicycle 0.9929 -110 246 548 371
bicycle 0.8984 -11 130 446 500
bicycle 0.5010 -20 53 107 184
bicycle 0.4064 10 69 96 165
bicycle 0.0401 59 83 122 164
bicycle 0.0139 200 182 243 363
bicycle 0.0067 203 116 245 281
bicycle 0.0066 -6 91 29 157
bicycle 0.0063 -3 79 16 168
bicycle 0.0052 32 83 73 148
bicycle 0.0045 -4 24 48 206
bicycle 0.0045 183 150 254 442
bicycle 0.0042 376 82 458 151
bicycle 0.0038 -23 196 220 463
bicycle 0.0036 331 69 496 171
bicycle 0.0030 0 91 6 158
bicycle 0.0023 28 62 270 360
bicycle 0.0020 344 333 414 392
bicycle 0.0019 204 208 244 273
bicycle 0.0019 295 152 448 441
bicycle 0.0015 191 32 254 362
bicycle 0.0014 16 179 414 371
bicycle 0.0013 207 156 242 248
bicycle 0.0011 -14 80 60 167
bicycle 0.0010 -52 295 191 408
bicycle 0.0010 95 28 405 397
car 0.0038 -37 49 105 190
car 0.0019 478 109 505 179
motorbike 0.0201 -37 49 105 190
motorbike 0.0012 10 69 96 165
boat 0.0032 478 109 505 179
bottle 0.0121 262 344 278 368
bottle 0.0094 218 338 291 392
bottle 0.0083 253 345 277 380
bottle 0.0039 178 312 270 358
bottle 0.0034 272 297 325 401
bottle 0.0033 256 326 292 386
bottle 0.0031 178 313 253 403
bottle 0.0023 392 274 421 360
bottle 0.0017 230 285 371 415
bottle 0.0015 283 322 318 390
bottle 0.0012 223 247 263 407
bottle 0.0010 195 250 243 408
chair 0.0012 59 83 122 164
pottedplant 0.0058 59 83 122 164
