person 0.9996 308 27 416 203
person 0.9992 49 72 208 310
person 0.9965 63 -48 191 429
person 0.9955 167 -1 291 202
person 0.9954 244 3 346 231
person 0.9887 269 153 443 362
person 0.9724 148 30 215 174
person 0.9646 67 -39 134 398
person 0.9141 289 74 426 434
person 0.6880 47 311 357 402
person 0.3530 191 22 274 176
person 0.1778 64 9 140 191
person 0.1655 124 12 242 190
person 0.1025 45 230 195 428
person 0.0789 289 -39 434 272
person 0.0255 81 249 329 441
person 0.0238 200 -39 375 254
person 0.0046 -19 177 133 480
person 0.0036 11 84 324 299
person 0.0026 60 58 446 328
person 0.0015 409 143 428 170
person 0.0015 13 236 485 443
person 0.0012 73 250 140 411
person 0.0010 415 96 490 214
person 0.0010 63 0 182 242
bottle 0.0287 315 340 351 386
bottle 0.0279 300 334 365 392
bottle 0.0012 325 145 343 176
bottle 0.0011 311 139 319 152
chair 0.0176 372 133 526 303
chair 0.0081 439 152 506 283
chair 0.0079 489 160 501 282
chair 0.0063 396 151 461 283
chair 0.0053 -42 161 138 314
chair 0.0045 480 120 503 344
chair 0.0028 -21 143 136 486
chair 0.0026 422 59 513 331
chair 0.0023 467 169 506 272
chair 0.0022 366 108 454 210
chair 0.0018 420 105 479 205
chair 0.0017 497 151 499 292
chair 0.0016 418 190 495 266
chair 0.0014 -2 284 12 407
chair 0.0011 -3 225 93 311
diningtable 0.0128 355 75 516 370
diningtable 0.0081 372 133 526 303
diningtable 0.0052 349 155 547 235
diningtable 0.0050 49 136 449 320
diningtable 0.0031 -21 143 136 486
tvmonitor 0.9296 343 95 479 222
tvmonitor 0.4790 420 105 479 205
tvmonitor 0.1093 370 111 450 203
tvmonitor 0.0059 167 115 357 235
tvmonitor 0.0056 267 189 328 309
tvmonitor 0.0052 -33 243 123 412
tvmonitor 0.0037 27 141 546 314
tvmonitor 0.0019 401 86 530 228
tvmonitor 0.0011 243 172 352 326
tvmonitor 0.0011 490 161 501 298
