person 0.9786 84 115 422 357
person 0.7336 -82 172 331 368
person 0.0202 -2 68 8 221
person 0.0101 -2 34 20 248
person 0.0045 -2 -17 13 371
person 0.0042 471 166 504 383
person 0.0033 432 193 510 425
person 0.0029 462 261 506 405
person 0.0025 6 91 248 500
person 0.0019 0 89 2 161
person 0.0019 -5 -11 33 134
person 0.0017 36 212 459 376
person 0.0016 0 99 3 189
person 0.0016 463 39 505 509
person 0.0013 -1 -3 14 100
person 0.0013 166 -28 351 336
person 0.0013 -1 79 5 305
person 0.0012 -3 -95 27 564
person 0.0012 93 -32 153 119
person 0.0012 0 87 6 122
person 0.0011 294 98 457 497
person 0.0010 0 82 11 112
bicycle 0.0026 432 193 510 425
car 0.0013 58 80 436 385
car 0.0010 395 -2 514 277
motorbike 0.0030 58 80 436 385
aeroplane 0.0011 58 80 436 385
train 0.0024 58 80 436 385
boat 0.0025 58 80 436 385
dog 0.0012 71 140 431 362
bottle 0.0041 -2 79 9 228
bottle 0.0010 0 104 3 204
chair 0.4594 395 -2 514 277
chair 0.2634 -37 123 460 341
chair 0.0163 22 119 46 150
chair 0.0127 -1 95 54 214
chair 0.0119 39 120 80 147
chair 0.0100 16 114 53 155
chair 0.0085 -20 83 113 226
chair 0.0083 374 -111 525 393
chair 0.0077 -3 114 35 173
chair 0.0056 -82 172 331 368
chair 0.0048 -13 45 48 111
chair 0.0047 20 107 49 196
chair 0.0046 32 111 87 157
chair 0.0040 3 123 27 149
chair 0.0040 -1 34 18 282
chair 0.0039 -2 68 8 221
chair 0.0038 78 25 106 109
chair 0.0036 5 106 63 163
chair 0.0030 89 99 423 297
chair 0.0029 20 103 79 205
chair 0.0028 92 122 185 386
chair 0.0027 376 79 535 237
chair 0.0021 101 209 155 375
chair 0.0018 33 134 70 189
chair 0.0018 47 -17 231 475
chair 0.0017 -2 7 16 106
chair 0.0016 0 82 11 112
chair 0.0014 430 152 511 436
chair 0.0013 -5 -11 33 134
chair 0.0011 399 137 530 260
chair 0.0010 29 119 114 204
chair 0.0010 0 64 6 105
sofa 0.4850 -37 123 460 341
sofa 0.1854 395 -2 514 277
sofa 0.0173 -82 172 331 368
sofa 0.0062 89 99 423 297
sofa 0.0042 374 -111 525 393
sofa 0.0021 144 43 354 410
sofa 0.0019 47 -17 231 475
sofa 0.0017 27 202 468 392
sofa 0.0016 376 79 535 237
sofa 0.0012 430 152 511 436
sofa 0.0012 92 122 185 386
pottedplant 0.0027 432 193 510 425
pottedplant 0.0013 278 -50 405 127
pottedplant 0.0010 380 -37 525 98
diningtable 0.0047 -31 79 167 202
diningtable 0.0028 395 -2 514 277
diningtable 0.0019 -7 10 201 281
tvmonitor 0.0080 39 120 80 147
tvmonitor 0.0043 -2 68 8 221
tvmonitor 0.0021 11 87 38 111
tvmonitor 0.0020 32 111 87 157
tvmonitor 0.0017 109 62 207 123
tvmonitor 0.0012 -2 75 70 123
