person 0.7689 80 189 105 245
person 0.1151 445 172 471 268
person 0.0678 419 191 438 212
person 0.0414 459 198 471 226
person 0.0170 426 191 442 211
person 0.0170 104 206 115 230
person 0.0081 95 204 105 233
person 0.0061 470 203 481 221
person 0.0058 452 192 475 261
person 0.0055 189 200 206 226
person 0.0052 445 164 499 275
person 0.0050 431 156 475 280
person 0.0042 397 191 416 206
person 0.0040 95 161 106 171
person 0.0039 226 205 246 219
person 0.0033 417 173 437 190
person 0.0029 293 143 559 287
person 0.0028 453 198 465 225
person 0.0027 294 206 308 216
person 0.0023 478 203 491 221
person 0.0023 178 198 199 227
person 0.0022 448 184 463 219
person 0.0021 53 186 129 241
person 0.0015 439 176 461 264
person 0.0014 456 188 493 257
person 0.0014 215 205 238 220
person 0.0013 411 192 427 209
car 0.2413 226 205 246 219
car 0.2378 285 143 544 290
car 0.1281 309 204 334 217
car 0.1094 276 204 308 218
car 0.1036 331 205 354 216
car 0.0874 336 204 360 214
car 0.0832 204 205 227 221
car 0.0806 215 205 238 220
car 0.0712 322 206 341 216
car 0.0457 305 205 323 217
car 0.0291 294 206 308 216
car 0.0284 197 203 219 222
car 0.0105 150 202 180 221
car 0.0094 440 175 516 270
car 0.0085 187 195 263 228
car 0.0061 244 206 284 224
car 0.0047 206 199 302 229
car 0.0046 53 186 129 241
car 0.0040 126 196 195 227
car 0.0039 189 200 206 226
car 0.0038 276 195 367 225
car 0.0037 329 49 524 345
car 0.0027 157 191 236 233
car 0.0023 142 206 160 220
car 0.0019 255 195 329 226
car 0.0018 403 151 532 285
car 0.0018 333 200 364 211
car 0.0017 347 205 369 214
car 0.0017 467 186 505 259
car 0.0016 84 194 101 235
car 0.0015 495 197 500 243
car 0.0014 64 204 83 221
car 0.0012 178 198 199 227
car 0.0012 69 203 91 222
car 0.0010 485 183 502 275
aeroplane 0.9947 -40 90 597 220
aeroplane 0.8862 52 -31 458 338
aeroplane 0.0094 82 78 486 267
aeroplane 0.0090 313 42 523 348
aeroplane 0.0014 63 183 157 239
aeroplane 0.0010 126 196 195 227
bus 0.0304 329 49 524 345
bus 0.0070 276 204 308 218
bus 0.0056 293 143 559 287
bus 0.0023 150 202 180 221
bus 0.0014 126 196 195 227
bus 0.0012 226 205 246 219
bus 0.0010 331 205 354 216
train 0.0017 329 49 524 345
boat 0.0026 329 49 524 345
sheep 0.0023 -2 90 439 214
pottedplant 0.0233 -25 250 88 387
pottedplant 0.0020 -18 129 277 472
pottedplant 0.0012 -66 218 327 373
