person 0.0031 -40 164 406 363
person 0.0013 50 24 95 108
person 0.0010 45 0 98 161
cat 0.9809 3 162 429 365
cat 0.0050 57 225 221 438
cat 0.0010 107 58 392 463
dog 0.0010 -32 133 462 333
bottle 0.8425 358 58 426 256
bottle 0.7078 412 57 477 264
bottle 0.2062 441 63 513 302
bottle 0.0128 338 118 375 213
bottle 0.0086 327 98 382 223
bottle 0.0070 295 60 450 260
bottle 0.0062 463 62 505 260
bottle 0.0048 477 -32 503 235
bottle 0.0033 492 8 501 163
bottle 0.0020 490 69 502 179
bottle 0.0019 361 -39 462 244
bottle 0.0017 494 90 500 141
bottle 0.0014 388 -13 451 142
bottle 0.0011 309 104 364 213
bottle 0.0010 467 -133 501 374
chair 0.0496 -40 164 406 363
chair 0.0085 103 136 215 284
chair 0.0071 40 90 220 515
chair 0.0048 8 185 117 430
chair 0.0026 122 155 181 270
chair 0.0016 -49 217 255 367
chair 0.0015 -11 100 134 511
chair 0.0014 85 115 197 432
diningtable 0.0011 87 131 499 391
