person 0.0282 465 169 489 251
person 0.0261 433 189 448 206
person 0.0118 318 187 327 215
person 0.0035 494 187 500 235
person 0.0032 487 162 502 261
person 0.0028 496 176 500 228
person 0.0027 466 40 505 311
person 0.0019 98 179 117 203
person 0.0017 455 143 500 287
person 0.0015 318 184 325 204
person 0.0012 494 168 499 215
person 0.0012 217 188 231 216
person 0.0011 0 184 4 242
person 0.0011 192 182 204 199
car 0.0091 433 189 448 206
bus 0.0027 -64 61 537 322
bus 0.0024 430 187 448 204
train 0.9988 -102 57 529 335
train 0.5255 -190 139 620 236
train 0.2994 18 135 423 245
train 0.0017 -27 66 299 327
