person 0.2585 0 108 6 164
person 0.1659 -2 94 9 175
person 0.0539 118 85 129 110
person 0.0294 276 140 308 204
person 0.0287 364 91 379 121
person 0.0283 363 83 375 109
person 0.0166 255 70 273 99
person 0.0124 89 118 111 146
person 0.0123 258 65 273 91
person 0.0118 0 108 9 143
person 0.0103 148 86 165 105
person 0.0089 226 133 262 180
person 0.0084 36 95 65 156
person 0.0079 218 74 235 87
person 0.0071 332 123 355 185
person 0.0069 352 94 369 120
person 0.0066 317 156 330 193
person 0.0064 286 133 316 195
person 0.0064 214 124 277 189
person 0.0060 292 144 309 179
person 0.0057 224 75 243 92
person 0.0056 283 163 301 198
person 0.0054 118 88 425 260
person 0.0052 233 139 255 174
person 0.0048 244 148 265 175
person 0.0048 284 148 302 179
person 0.0047 42 105 59 147
person 0.0044 336 133 352 172
person 0.0044 263 74 285 97
person 0.0038 243 74 265 96
person 0.0037 -1 30 5 294
person 0.0036 267 62 294 93
person 0.0035 52 34 71 62
person 0.0035 270 82 289 105
person 0.0034 26 120 42 148
person 0.0033 84 102 117 152
person 0.0029 44 27 78 74
person 0.0029 0 -47 156 342
person 0.0029 160 86 171 103
person 0.0029 339 90 361 121
person 0.0026 247 63 280 106
person 0.0024 284 64 305 89
person 0.0024 309 145 335 202
person 0.0024 286 75 301 91
person 0.0023 295 140 327 205
person 0.0022 356 87 370 107
person 0.0022 169 83 186 109
person 0.0022 64 99 98 154
person 0.0022 43 35 62 60
person 0.0020 171 89 183 119
person 0.0020 58 104 124 159
person 0.0019 81 119 103 145
person 0.0018 354 80 384 126
person 0.0017 35 39 54 60
person 0.0016 370 87 381 122
person 0.0016 0 132 2 172
person 0.0016 290 73 312 93
person 0.0016 278 164 294 197
person 0.0016 335 158 345 183
person 0.0016 11 83 74 168
person 0.0016 226 147 246 175
person 0.0015 32 119 51 148
person 0.0015 335 143 347 181
person 0.0015 30 22 91 89
person 0.0014 257 62 295 111
person 0.0014 253 150 274 175
person 0.0013 55 125 72 147
person 0.0013 323 157 335 187
person 0.0013 268 127 336 217
person 0.0012 292 156 307 190
person 0.0012 51 44 76 70
person 0.0012 236 138 271 184
person 0.0011 70 112 91 140
person 0.0011 371 84 383 109
person 0.0011 341 87 359 108
person 0.0010 161 77 188 156
person 0.0010 459 133 470 153
bicycle 0.0107 0 112 4 170
bicycle 0.0012 0 132 2 172
car 0.5122 232 75 260 96
car 0.4858 260 81 292 105
car 0.3007 163 101 177 145
car 0.2048 267 62 294 93
car 0.1980 160 84 182 150
car 0.1403 288 61 314 90
car 0.1385 290 73 312 93
car 0.0789 0 108 6 164
car 0.0596 215 75 240 90
car 0.0463 0 108 9 143
car 0.0454 263 74 285 97
car 0.0365 -2 94 9 175
car 0.0282 257 62 295 111
car 0.0271 118 85 129 110
car 0.0237 255 70 273 99
car 0.0220 213 64 278 106
car 0.0209 286 75 301 91
car 0.0179 235 73 255 88
car 0.0173 230 57 298 113
car 0.0162 258 65 273 91
car 0.0152 224 75 243 92
car 0.0144 169 83 186 109
car 0.0117 226 69 266 101
car 0.0106 244 69 265 90
car 0.0084 259 61 273 78
car 0.0082 273 74 292 93
car 0.0050 247 63 280 106
car 0.0050 271 55 298 80
car 0.0049 0 95 5 140
car 0.0048 -3 59 14 170
car 0.0035 423 69 445 85
car 0.0031 263 59 280 78
car 0.0030 417 66 442 82
car 0.0029 255 83 276 102
car 0.0029 171 89 183 119
car 0.0025 257 46 326 102
car 0.0024 111 78 434 251
car 0.0019 176 70 258 98
car 0.0015 -6 -48 137 297
car 0.0012 282 59 304 79
car 0.0011 282 62 318 106
car 0.0011 168 95 182 132
car 0.0011 163 74 188 139
motorbike 0.0065 163 101 177 145
motorbike 0.0056 0 112 4 170
motorbike 0.0050 118 85 129 110
motorbike 0.0017 260 81 292 105
motorbike 0.0017 -2 94 9 175
motorbike 0.0014 160 84 182 150
bus 0.9981 112 86 400 258
bus 0.9892 -8 -52 145 343
bus 0.6536 152 -65 358 411
bus 0.3866 0 45 141 254
bus 0.1200 288 61 314 90
bus 0.0779 263 54 299 95
bus 0.0490 257 46 326 102
bus 0.0428 271 55 298 80
bus 0.0109 -3 59 14 170
bus 0.0073 276 54 315 95
bus 0.0023 -3 26 26 210
bus 0.0021 282 59 304 79
bus 0.0010 -2 94 9 175
train 0.0235 0 -47 156 342
train 0.0062 118 88 425 260
train 0.0014 257 44 325 97
train 0.0012 266 47 302 94
train 0.0010 0 45 141 254
horse 0.0020 322 76 395 135
horse 0.0013 339 90 361 121
