person 0.0153 85 178 94 195
person 0.0110 400 172 421 206
person 0.0105 407 180 424 212
person 0.0094 394 166 426 214
person 0.0080 0 174 4 223
person 0.0068 249 171 262 191
person 0.0060 0 194 4 219
person 0.0053 69 171 80 190
person 0.0043 359 155 438 227
person 0.0040 0 147 2 233
person 0.0039 459 165 471 193
person 0.0037 94 177 103 196
person 0.0025 74 172 85 190
person 0.0023 239 172 253 190
person 0.0018 78 178 88 194
person 0.0015 -2 142 8 237
person 0.0013 25 154 44 227
person 0.0013 402 172 417 189
person 0.0011 363 169 374 188
person 0.0010 28 184 39 214
bicycle 0.0011 0 194 4 219
car 0.0121 354 166 389 234
car 0.0022 0 194 4 219
car 0.0016 0 174 4 223
car 0.0010 374 173 388 188
train 0.9982 7 30 432 369
train 0.9633 -47 143 480 260
train 0.0606 402 126 533 239
train 0.0207 438 149 518 211
train 0.0154 327 112 493 221
train 0.0069 445 122 505 242
train 0.0054 346 53 523 274
train 0.0019 77 72 573 231
train 0.0015 385 115 445 221
train 0.0010 225 121 528 205
bird 0.0075 98 45 129 78
pottedplant 0.8628 357 148 437 244
pottedplant 0.0174 374 162 420 229
pottedplant 0.0137 407 180 424 212
pottedplant 0.0066 394 166 426 214
pottedplant 0.0051 400 172 421 206
pottedplant 0.0022 389 176 409 200
pottedplant 0.0016 378 174 401 203
pottedplant 0.0015 388 189 409 207
pottedplant 0.0014 328 123 491 245
pottedplant 0.0012 375 182 386 215
pottedplant 0.0011 365 162 391 231
