person 0.0655 63 257 391 426
person 0.0234 107 125 348 558
person 0.0030 246 226 345 482
person 0.0011 -47 290 388 613
bird 0.0269 63 257 391 426
bird 0.0084 107 125 348 558
cat 0.9389 48 280 406 430
cat 0.6191 98 124 339 584
cat 0.0205 -85 305 425 493
cat 0.0010 42 303 366 593
dog 0.0271 63 257 391 426
dog 0.0122 83 129 372 583
sheep 0.0042 54 256 387 424
sheep 0.0030 98 124 339 584
chair 0.0047 -47 290 388 613
chair 0.0015 63 257 391 426
chair 0.0013 107 125 348 558
chair 0.0012 247 229 346 445
sofa 0.0038 -47 290 388 613
sofa 0.0013 63 257 391 426
diningtable 0.0011 -114 284 451 450
