person 0.9991 196 1 439 332
person 0.0426 445 234 487 402
person 0.0344 116 -31 306 74
person 0.0266 77 -11 189 25
person 0.0194 42 -32 232 72
person 0.0191 293 219 466 436
person 0.0189 387 -24 509 99
person 0.0122 350 -95 498 184
person 0.0069 459 -56 483 175
person 0.0062 410 -34 490 152
person 0.0054 391 230 510 412
person 0.0053 466 -10 482 84
person 0.0037 103 -28 183 63
person 0.0035 -6 -6 27 17
person 0.0034 151 -24 243 62
person 0.0032 190 -9 260 25
person 0.0031 423 268 493 392
person 0.0030 407 -1 503 76
person 0.0028 -5 -51 28 98
person 0.0026 150 -9 244 25
person 0.0024 301 -24 539 106
person 0.0024 471 -16 481 126
person 0.0023 451 6 486 67
person 0.0021 0 -7 15 19
person 0.0019 -9 -17 31 54
person 0.0018 202 -2 245 18
person 0.0017 191 -26 280 63
person 0.0017 475 2 479 72
person 0.0015 109 6 191 51
person 0.0015 -34 -43 92 85
person 0.0014 218 -10 289 26
person 0.0013 -24 -14 70 29
person 0.0012 17 -16 298 39
person 0.0010 457 135 484 429
bird 0.0020 -36 133 459 330
bird 0.0014 -15 -72 122 211
cat 0.0135 -62 154 420 337
cat 0.0016 445 234 487 402
dog 0.0488 445 234 487 402
dog 0.0263 -36 133 459 330
dog 0.0070 422 197 491 406
dog 0.0033 293 219 466 436
dog 0.0026 457 135 484 429
dog 0.0011 396 265 504 400
dog 0.0011 -15 -72 122 211
sheep 0.9836 -6 136 463 347
sheep 0.0571 189 77 436 342
sheep 0.0077 11 240 457 421
bottle 0.2459 452 35 479 132
bottle 0.0936 468 22 482 144
bottle 0.0483 423 25 477 137
bottle 0.0095 384 47 421 100
bottle 0.0081 476 36 479 129
bottle 0.0053 428 45 465 120
bottle 0.0045 472 82 481 123
bottle 0.0041 364 45 399 103
bottle 0.0034 459 -56 483 175
bottle 0.0022 400 7 505 153
bottle 0.0015 372 37 430 110
chair 0.0015 350 -95 498 184
diningtable 0.0087 -29 245 368 418
