person 0.0756 57 146 491 398
person 0.0098 163 188 588 374
person 0.0071 181 91 569 298
person 0.0031 63 -111 277 199
person 0.0013 78 -28 245 111
person 0.0012 -35 26 207 155
cat 0.6841 11 131 439 372
cat 0.0024 -94 190 588 352
cat 0.0010 -65 43 339 346
dog 0.1730 22 149 477 395
dog 0.0014 326 22 450 184
dog 0.0012 -35 26 207 155
bottle 0.0543 138 82 175 186
bottle 0.0082 124 104 156 173
bottle 0.0042 160 86 205 184
bottle 0.0028 122 90 192 190
bottle 0.0028 82 40 135 170
bottle 0.0019 -12 49 58 153
chair 0.0329 240 -7 426 263
chair 0.0173 11 153 442 386
chair 0.0155 -35 26 207 155
chair 0.0055 -2 -52 23 167
chair 0.0049 203 62 430 208
chair 0.0020 -1 -50 7 159
chair 0.0016 330 29 447 193
chair 0.0015 -9 -109 134 212
chair 0.0012 489 105 502 237
chair 0.0012 -7 -49 65 169
chair 0.0010 216 111 384 210
sofa 0.0570 11 153 442 386
sofa 0.0020 -35 26 207 155
sofa 0.0011 -2 71 362 338
sofa 0.0011 -129 114 399 280
sofa 0.0010 315 20 448 183
diningtable 0.0556 -111 87 384 244
diningtable 0.0511 -41 8 317 330
diningtable 0.0203 11 131 439 372
diningtable 0.0062 374 -2 527 124
diningtable 0.0053 173 55 562 296
diningtable 0.0024 376 25 536 65
diningtable 0.0016 -56 143 252 339
tvmonitor 0.0048 63 -111 277 199
tvmonitor 0.0031 -1 -47 8 139
tvmonitor 0.0013 436 22 516 201
