person 0.9108 347 167 373 258
person 0.5685 300 178 321 221
person 0.4682 281 172 320 253
person 0.3724 303 188 341 252
person 0.3608 295 178 366 261
person 0.3052 238 88 246 105
person 0.2483 150 85 165 108
person 0.1471 320 190 358 249
person 0.0804 267 161 336 264
person 0.0570 160 106 176 126
person 0.0440 140 114 156 132
person 0.0405 168 105 183 126
person 0.0386 457 88 473 106
person 0.0386 145 82 160 111
person 0.0297 133 114 148 132
person 0.0297 156 111 175 131
person 0.0283 136 101 163 187
person 0.0242 68 93 76 100
person 0.0239 440 94 455 110
person 0.0234 303 184 319 205
person 0.0231 312 186 333 215
person 0.0222 153 114 167 131
person 0.0222 445 94 465 109
person 0.0197 320 198 343 223
person 0.0195 295 184 312 217
person 0.0192 312 199 332 222
person 0.0192 167 112 189 132
person 0.0146 153 104 167 126
person 0.0140 158 94 170 115
person 0.0132 37 93 45 99
person 0.0113 303 181 340 221
person 0.0104 159 90 168 106
person 0.0100 430 95 445 109
person 0.0095 444 90 470 104
person 0.0091 292 172 351 231
person 0.0091 322 189 338 213
person 0.0085 139 114 157 150
person 0.0083 136 75 165 131
person 0.0074 111 82 122 96
person 0.0072 142 108 155 125
person 0.0072 304 196 320 223
person 0.0069 468 89 481 104
person 0.0057 248 157 381 273
person 0.0057 107 88 118 103
person 0.0051 338 215 356 241
person 0.0049 270 115 337 189
person 0.0045 178 114 193 132
person 0.0044 287 183 304 218
person 0.0044 81 195 101 229
person 0.0042 132 114 149 149
person 0.0039 29 92 42 98
person 0.0036 318 86 338 105
person 0.0032 332 206 351 238
person 0.0031 180 105 193 126
person 0.0031 322 204 342 236
person 0.0031 134 108 147 125
person 0.0030 355 93 363 103
person 0.0029 173 101 182 113
person 0.0026 151 92 182 138
person 0.0026 280 177 312 229
person 0.0026 297 186 311 203
person 0.0026 426 91 446 105
person 0.0025 311 205 334 234
person 0.0025 132 88 142 108
person 0.0025 322 80 341 94
person 0.0023 386 90 396 101
person 0.0018 302 203 322 237
person 0.0018 82 138 115 185
person 0.0017 417 94 441 107
person 0.0017 311 91 334 105
person 0.0016 178 132 198 156
person 0.0016 315 187 331 203
person 0.0016 142 125 158 177
person 0.0016 86 142 103 180
person 0.0016 128 89 137 107
person 0.0016 448 83 465 95
person 0.0015 148 116 166 148
person 0.0013 160 102 194 145
person 0.0013 355 187 367 217
person 0.0012 141 99 212 149
person 0.0012 340 209 358 234
person 0.0012 103 93 116 112
person 0.0011 126 109 157 154
person 0.0011 190 105 202 126
person 0.0011 478 90 491 104
person 0.0010 19 54 305 150
person 0.0010 96 95 106 111
person 0.0010 292 127 327 175
person 0.0010 328 202 349 222
car 0.0159 416 91 442 106
car 0.0054 444 90 470 104
car 0.0042 445 94 465 109
car 0.0025 430 95 445 109
car 0.0022 457 88 473 106
car 0.0015 440 94 455 110
car 0.0011 424 76 508 115
motorbike 0.0089 289 180 357 259
motorbike 0.0045 248 157 381 273
aeroplane 0.0305 -48 66 414 237
aeroplane 0.0047 19 -8 340 304
aeroplane 0.0045 246 0 256 6
boat 0.9611 -48 66 414 237
boat 0.3524 9 8 359 363
boat 0.1066 68 93 76 100
boat 0.0472 37 93 45 99
boat 0.0300 289 87 294 92
boat 0.0240 29 92 42 98
boat 0.0234 311 91 334 105
boat 0.0223 27 17 237 261
boat 0.0199 322 80 341 94
boat 0.0118 416 91 442 106
boat 0.0082 444 90 470 104
boat 0.0070 76 77 251 209
boat 0.0061 214 94 223 102
boat 0.0047 289 89 296 94
boat 0.0041 54 94 70 100
boat 0.0035 238 88 246 105
boat 0.0035 45 94 61 99
boat 0.0026 15 94 34 99
boat 0.0019 3 93 8 101
boat 0.0019 422 77 492 118
boat 0.0018 445 94 465 109
boat 0.0016 196 80 204 84
boat 0.0016 -19 52 267 149
boat 0.0015 218 93 228 102
boat 0.0015 7 94 17 100
boat 0.0013 274 81 280 87
boat 0.0012 457 88 473 106
boat 0.0012 294 73 369 116
boat 0.0011 198 80 209 86
boat 0.0010 111 82 122 96
bird 0.1346 246 0 256 6
bird 0.0427 322 80 341 94
bird 0.0244 245 0 252 5
bird 0.0066 289 87 294 92
bird 0.0039 472 249 494 270
bird 0.0033 164 16 175 25
bird 0.0028 238 88 246 105
bird 0.0027 245 2 252 7
dog 0.0054 338 215 356 241
dog 0.0050 305 179 372 260
dog 0.0037 347 172 373 261
dog 0.0014 320 190 358 249
dog 0.0010 311 216 333 241
horse 0.0044 347 172 373 261
horse 0.0010 445 94 465 109
chair 0.0838 417 94 441 107
chair 0.0310 289 180 357 259
chair 0.0270 430 95 445 109
chair 0.0186 445 94 465 109
chair 0.0177 456 93 473 109
chair 0.0153 440 94 455 110
chair 0.0151 444 90 470 104
chair 0.0088 314 188 351 250
chair 0.0074 280 180 320 253
chair 0.0038 468 89 481 104
chair 0.0035 248 157 381 273
chair 0.0034 311 216 333 241
chair 0.0032 470 95 483 108
chair 0.0028 296 184 331 251
chair 0.0025 365 100 377 110
chair 0.0021 267 173 336 263
chair 0.0019 386 90 396 101
chair 0.0017 423 84 489 118
chair 0.0017 426 91 446 105
chair 0.0014 382 99 397 108
chair 0.0014 302 203 322 237
chair 0.0012 479 98 491 109
chair 0.0012 368 99 391 110
chair 0.0012 322 204 342 236
chair 0.0011 413 101 424 108
chair 0.0011 311 205 334 234
chair 0.0011 304 205 340 248
diningtable 0.0052 417 94 441 107
diningtable 0.0043 444 90 470 104
diningtable 0.0027 445 94 465 109
diningtable 0.0016 430 95 445 109
diningtable 0.0014 457 88 473 106
diningtable 0.0012 440 94 455 110
