person 0.0293 31 129 37 136
person 0.0254 32 29 370 398
car 0.0033 12 24 335 299
car 0.0010 -105 62 461 248
motorbike 0.0040 32 29 370 398
boat 0.2519 32 29 370 398
boat 0.0277 -81 174 413 368
boat 0.0121 -74 79 426 307
boat 0.0020 -54 214 258 364
bird 0.0012 -12 10 311 382
dog 0.9660 18 29 330 395
dog 0.7431 -74 79 426 307
dog 0.1894 -81 174 413 368
dog 0.0108 -54 214 258 364
dog 0.0043 -13 88 204 446
dog 0.0013 83 48 402 255
dog 0.0012 -65 127 271 333
horse 0.0242 32 29 370 398
horse 0.0093 -74 79 426 307
horse 0.0029 -81 174 413 368
