person 0.9335 123 -3 299 338
person 0.2222 80 44 416 205
person 0.0594 207 -95 368 291
person 0.0029 284 -5 350 155
person 0.0029 287 -34 334 120
person 0.0017 254 -14 381 164
person 0.0010 136 66 270 275
aeroplane 0.0010 88 32 418 173
cat 0.0015 245 81 382 221
dog 0.0024 245 81 382 221
bottle 0.0451 215 69 249 116
bottle 0.0024 204 61 263 125
bottle 0.0010 315 137 347 183
chair 0.3718 105 -8 388 338
chair 0.2620 68 95 426 238
chair 0.0046 133 131 168 209
chair 0.0036 85 139 276 295
chair 0.0019 120 93 212 294
chair 0.0012 322 103 363 162
chair 0.0010 88 32 418 173
chair 0.0010 129 94 187 221
sofa 0.4153 105 -8 388 338
sofa 0.2742 68 95 426 238
sofa 0.0012 116 60 320 216
diningtable 0.0131 97 43 391 342
diningtable 0.0019 77 132 404 221
