chair 0.9968 37 78 147 266
chair 0.9927 99 86 232 296
chair 0.5792 35 4 156 348
chair 0.0430 59 19 229 350
chair 0.0139 -2 10 15 308
chair 0.0130 -2 116 10 247
chair 0.0061 -1 56 7 272
chair 0.0047 -2 158 11 302
chair 0.0029 -3 103 17 405
chair 0.0019 0 120 2 244
chair 0.0013 -1 187 8 233
chair 0.0012 93 87 154 230
chair 0.0010 0 149 7 368
sofa 0.0040 35 4 156 348
sofa 0.0035 -2 10 15 308
sofa 0.0031 -2 89 8 257
sofa 0.0023 95 4 233 372
sofa 0.0018 -2 158 11 302
sofa 0.0013 -3 103 17 405
sofa 0.0010 38 80 146 253
diningtable 0.1289 59 19 229 350
diningtable 0.0498 89 84 205 278
diningtable 0.0176 72 125 207 161
diningtable 0.0146 53 90 238 222
diningtable 0.0137 35 4 156 348
diningtable 0.0030 86 124 155 164
diningtable 0.0011 110 117 188 156
tvmonitor 0.0015 -2 116 10 247
