person 0.9950 129 68 191 174
person 0.9939 75 17 141 194
person 0.9518 299 56 349 133
person 0.9063 110 53 211 189
person 0.7111 59 29 100 199
person 0.6270 214 54 275 179
person 0.5141 229 106 286 171
person 0.4529 237 117 279 160
person 0.1357 45 -2 168 213
person 0.1109 183 39 304 195
person 0.1105 215 65 291 136
person 0.0448 298 31 347 193
person 0.0361 244 124 267 154
person 0.0355 66 60 103 112
person 0.0275 281 102 346 168
person 0.0218 81 67 100 100
person 0.0193 231 91 287 225
person 0.0169 291 112 330 159
person 0.0106 481 94 494 111
person 0.0099 295 118 316 148
person 0.0081 77 46 102 160
person 0.0079 196 96 296 172
person 0.0071 245 78 281 125
person 0.0070 253 91 274 115
person 0.0061 66 94 482 296
person 0.0043 68 59 95 167
person 0.0041 227 74 261 119
person 0.0037 271 120 297 143
person 0.0033 56 51 112 121
person 0.0030 116 60 139 87
person 0.0028 123 94 151 157
person 0.0027 104 44 139 106
person 0.0025 106 52 147 176
person 0.0024 488 95 498 111
person 0.0023 217 71 254 133
person 0.0023 112 74 144 153
person 0.0023 252 57 294 180
person 0.0019 206 80 242 125
person 0.0019 218 110 236 137
person 0.0019 458 94 472 111
person 0.0018 85 69 99 87
person 0.0018 300 124 320 154
person 0.0016 245 73 282 168
person 0.0016 264 112 304 156
person 0.0016 218 71 299 277
person 0.0015 93 66 104 87
person 0.0014 311 126 332 153
person 0.0013 248 96 259 109
person 0.0012 240 126 256 153
person 0.0012 18 3 424 352
person 0.0012 207 100 246 164
person 0.0011 229 92 245 113
person 0.0011 73 69 92 102
person 0.0010 81 30 136 137
person 0.0010 179 90 255 176
car 0.9994 -62 116 557 242
car 0.9579 22 -1 475 359
car 0.8274 72 90 436 264
car 0.0069 325 13 489 303
car 0.0046 116 60 139 87
car 0.0038 488 95 498 111
car 0.0015 481 94 494 111
car 0.0011 111 48 144 101
car 0.0011 42 112 92 243
car 0.0010 334 91 486 215
motorbike 0.0023 -2 11 494 367
dog 0.0042 376 115 460 185
dog 0.0035 331 89 488 198
dog 0.0010 215 65 291 136
sheep 0.0011 353 113 463 176
bottle 0.0013 248 96 259 109
chair 0.0026 123 94 151 157
