person 0.9982 -19 31 299 377
person 0.9808 362 166 468 472
person 0.9638 433 239 512 407
person 0.4975 464 194 506 344
person 0.3520 432 300 501 427
person 0.3503 211 161 268 261
person 0.3393 343 196 412 451
person 0.1827 335 71 485 558
person 0.0772 466 219 508 287
person 0.0695 210 22 493 405
person 0.0590 370 189 422 338
person 0.0389 471 262 505 425
person 0.0385 188 146 288 273
person 0.0346 447 216 488 288
person 0.0328 426 209 482 358
person 0.0226 483 300 503 395
person 0.0204 362 305 417 426
person 0.0202 422 253 472 395
person 0.0197 486 181 501 360
person 0.0183 391 289 522 435
person 0.0128 150 135 298 318
person 0.0118 440 207 514 299
person 0.0104 482 206 502 297
person 0.0100 419 219 492 304
person 0.0082 470 316 506 380
person 0.0079 113 89 599 367
person 0.0073 189 157 251 302
person 0.0072 380 208 416 295
person 0.0063 222 170 261 239
person 0.0060 390 191 515 340
person 0.0051 370 203 447 300
person 0.0051 353 177 472 323
person 0.0048 487 168 502 278
person 0.0048 492 340 501 374
person 0.0045 427 295 462 366
person 0.0042 495 206 499 277
person 0.0042 368 215 410 394
person 0.0039 495 321 500 376
person 0.0035 380 236 402 324
person 0.0031 270 224 546 389
person 0.0028 408 191 493 417
person 0.0028 325 284 436 444
person 0.0027 368 239 395 322
person 0.0025 490 221 500 398
person 0.0025 458 228 474 252
person 0.0023 470 244 504 334
person 0.0023 492 182 500 226
person 0.0023 463 243 484 278
person 0.0022 457 233 493 306
person 0.0022 497 233 499 346
person 0.0021 365 72 517 411
person 0.0020 444 245 511 334
person 0.0019 406 210 459 357
person 0.0018 496 277 500 342
person 0.0016 442 234 474 325
person 0.0016 411 339 520 392
person 0.0015 431 271 463 330
person 0.0015 216 194 233 216
person 0.0014 496 227 499 294
person 0.0014 458 182 507 470
person 0.0012 209 176 245 232
person 0.0011 399 223 437 280
person 0.0011 365 205 430 260
person 0.0011 474 237 498 264
person 0.0011 445 328 486 385
person 0.0010 374 254 387 287
dog 0.0086 411 287 527 437
dog 0.0031 421 311 509 400
horse 0.9161 181 50 490 397
horse 0.0139 -14 127 145 522
horse 0.0110 33 85 410 369
horse 0.0101 -67 236 256 393
horse 0.0016 19 -30 244 436
horse 0.0011 411 287 527 437
cow 0.0043 94 34 483 388
bottle 0.0011 492 340 501 374
chair 0.1795 362 305 417 426
chair 0.1412 411 287 527 437
chair 0.0719 421 304 506 393
chair 0.0360 470 341 507 413
chair 0.0276 470 286 507 434
chair 0.0254 367 316 405 383
chair 0.0180 367 337 409 414
chair 0.0176 427 297 462 375
chair 0.0138 484 304 502 410
chair 0.0136 492 340 501 374
chair 0.0108 359 225 468 451
chair 0.0101 424 352 507 416
chair 0.0095 495 321 500 376
chair 0.0063 470 316 506 380
chair 0.0060 475 357 500 374
chair 0.0046 374 289 402 347
chair 0.0043 485 371 501 403
chair 0.0039 487 354 500 377
chair 0.0035 375 352 401 381
chair 0.0032 476 349 499 370
chair 0.0031 375 327 399 351
chair 0.0029 354 352 428 417
chair 0.0029 332 287 450 444
chair 0.0025 439 351 457 378
chair 0.0022 327 332 544 424
chair 0.0018 474 361 502 388
chair 0.0016 492 348 499 403
chair 0.0015 365 207 407 440
chair 0.0014 422 253 472 395
chair 0.0013 496 277 500 342
chair 0.0013 379 362 417 408
chair 0.0012 493 294 498 362
chair 0.0011 486 252 501 387
sofa 0.0040 428 233 512 440
diningtable 0.0096 487 354 500 377
diningtable 0.0075 475 357 500 374
diningtable 0.0046 470 341 507 413
diningtable 0.0027 484 316 502 418
diningtable 0.0017 492 340 501 374
diningtable 0.0016 411 287 527 437
diningtable 0.0012 421 304 506 393
