person 0.9998 17 -23 275 378
person 0.9475 -80 24 369 323
car 0.0013 0 35 358 371
bottle 0.9858 247 118 365 561
bottle 0.9204 221 215 393 486
bottle 0.0021 -26 440 80 525
bottle 0.0011 267 144 358 412
bottle 0.0010 9 -25 286 325
chair 0.1522 0 35 358 371
chair 0.0400 -103 158 406 347
chair 0.0050 -14 82 65 316
chair 0.0030 185 242 322 388
chair 0.0012 -6 150 313 427
sofa 0.0424 0 35 358 371
sofa 0.0041 -103 158 406 347
pottedplant 0.0015 224 212 395 472
pottedplant 0.0012 9 -25 286 325
diningtable 0.8639 10 288 370 525
diningtable 0.4790 -134 334 509 492
diningtable 0.0124 108 305 311 591
diningtable 0.0091 -22 256 176 616
diningtable 0.0091 327 355 383 545
diningtable 0.0043 234 272 380 613
diningtable 0.0029 195 308 413 483
diningtable 0.0026 -57 338 215 488
diningtable 0.0025 15 -21 336 373
