person 0.0018 32 57 424 262
car 0.0199 43 43 454 242
motorbike 0.0040 43 43 454 242
aeroplane 0.9899 43 64 463 254
aeroplane 0.0305 -41 168 137 258
aeroplane 0.0260 -3 209 29 233
aeroplane 0.0228 -12 195 44 244
aeroplane 0.0049 -25 190 113 234
aeroplane 0.0033 0 110 267 312
aeroplane 0.0032 0 207 12 233
aeroplane 0.0027 462 218 492 232
aeroplane 0.0016 4 -6 502 326
aeroplane 0.0016 -2 184 17 252
aeroplane 0.0011 437 208 515 245
train 0.0015 43 43 454 242
boat 0.0397 -3 209 29 233
boat 0.0165 -41 168 137 258
boat 0.0099 -12 195 44 244
boat 0.0080 43 43 454 242
boat 0.0058 -30 194 116 237
boat 0.0038 0 207 12 233
boat 0.0036 41 200 140 234
boat 0.0022 186 226 209 245
boat 0.0015 -2 184 17 252
boat 0.0012 151 231 164 245
boat 0.0012 177 229 195 244
boat 0.0011 10 210 33 229
boat 0.0010 41 176 141 245
horse 0.0018 43 43 454 242
sheep 0.0028 -58 82 613 241
sheep 0.0023 88 37 464 246
cow 0.0023 32 57 424 262
chair 0.0013 43 43 454 242
sofa 0.0084 32 57 424 262
sofa 0.0013 -84 85 602 235
diningtable 0.0058 41 87 466 297
