person 0.0082 118 -6 439 349
person 0.0029 -13 -52 72 205
person 0.0012 -67 2 249 325
bicycle 0.0019 118 -6 439 349
motorbike 0.0014 73 -6 421 345
bird 0.0080 94 118 459 436
bird 0.0019 -67 2 249 325
bird 0.0011 19 -16 406 348
cat 0.8879 73 -6 421 345
cat 0.0603 -63 14 245 246
cat 0.0340 10 -18 273 351
cat 0.0010 -13 -52 72 205
dog 0.0321 -67 2 249 325
dog 0.0064 18 -10 404 293
sheep 0.0018 19 -16 406 348
bottle 0.0056 -14 126 184 436
chair 0.0016 118 -6 439 349
sofa 0.0117 60 -14 434 295
pottedplant 0.0047 118 -6 439 349
