person 0.1012 4 -15 273 393
person 0.0142 -71 6 264 217
person 0.0029 -21 -130 153 266
person 0.0022 -42 10 165 362
person 0.0020 79 -8 473 391
bicycle 0.0023 44 31 448 396
car 0.0043 44 31 448 396
motorbike 0.0415 44 31 448 396
boat 0.0363 44 31 448 396
bird 0.0712 49 -17 433 403
cat 0.3997 24 -8 404 397
dog 0.7941 24 -8 404 397
horse 0.0024 18 -9 345 393
sheep 0.0015 25 -15 403 332
cow 0.0012 18 -9 345 393
chair 0.0092 44 31 448 396
chair 0.0035 4 -15 273 393
sofa 0.0264 25 -15 403 332
pottedplant 0.0039 44 31 448 396
diningtable 0.0027 44 31 448 396
tvmonitor 0.0039 44 31 448 396
