person 0.9994 390 28 502 264
person 0.9961 164 42 275 246
person 0.9837 12 38 94 228
person 0.8924 367 -35 514 345
person 0.4879 145 -51 290 337
person 0.0864 0 15 121 300
person 0.0017 171 83 226 231
person 0.0011 0 141 4 204
person 0.0010 497 154 500 248
horse 0.9988 176 73 265 328
horse 0.9974 -18 53 123 307
horse 0.9407 402 75 492 366
horse 0.0041 -1 110 10 236
horse 0.0036 0 141 4 204
horse 0.0032 142 -1 290 398
horse 0.0031 -3 55 23 264
horse 0.0022 406 109 457 328
horse 0.0018 381 90 517 266
horse 0.0013 367 -35 514 345
horse 0.0013 0 120 4 187
cow 0.0010 403 92 491 365
