person 0.1891 10 108 95 195
person 0.0208 376 125 396 157
person 0.0127 359 134 374 156
person 0.0107 452 116 468 158
person 0.0101 466 138 480 162
person 0.0049 43 125 79 180
person 0.0044 26 161 39 170
person 0.0032 449 115 476 168
person 0.0032 456 129 472 157
person 0.0021 130 147 142 163
person 0.0021 364 123 399 163
person 0.0016 32 161 52 171
person 0.0015 271 125 295 158
person 0.0014 4 165 23 180
person 0.0014 246 113 320 170
person 0.0011 13 162 34 170
person 0.0011 220 176 234 188
person 0.0011 0 161 10 170
person 0.0010 314 137 328 156
car 0.0137 195 51 526 318
car 0.0064 0 161 10 170
car 0.0052 340 42 516 348
car 0.0031 13 162 34 170
car 0.0015 5 162 22 169
car 0.0012 54 50 439 300
car 0.0011 26 161 39 170
car 0.0010 -2 163 15 181
car 0.0010 32 161 52 171
motorbike 0.0013 197 50 463 316
aeroplane 0.0588 32 67 322 288
aeroplane 0.0104 121 53 460 308
aeroplane 0.0028 -31 74 215 298
aeroplane 0.0020 10 108 95 195
aeroplane 0.0012 340 42 516 348
aeroplane 0.0010 -43 117 176 194
bus 0.0018 197 50 463 316
bus 0.0016 340 42 516 348
train 0.0010 340 42 516 348
boat 0.7698 197 50 463 316
boat 0.6694 46 57 384 294
boat 0.3529 340 42 516 348
boat 0.0891 12 190 189 230
boat 0.0683 64 140 308 242
boat 0.0497 17 112 461 199
boat 0.0329 86 139 191 182
boat 0.0293 91 105 308 208
boat 0.0227 8 164 38 178
boat 0.0166 178 106 415 206
boat 0.0164 -31 74 215 298
boat 0.0154 128 130 264 175
boat 0.0148 -2 163 15 181
boat 0.0141 0 161 10 170
boat 0.0106 308 126 549 268
boat 0.0101 13 162 34 170
boat 0.0078 176 128 421 261
boat 0.0061 -94 152 228 246
boat 0.0057 121 121 606 237
boat 0.0050 318 130 406 174
boat 0.0048 -69 123 244 193
boat 0.0044 -19 162 145 182
boat 0.0037 4 165 23 180
boat 0.0031 492 177 500 204
boat 0.0029 -17 105 116 201
boat 0.0026 85 155 119 170
boat 0.0021 211 134 394 173
boat 0.0021 5 162 22 169
boat 0.0018 111 146 128 166
boat 0.0016 32 149 150 178
boat 0.0015 439 97 511 452
boat 0.0014 219 175 250 188
boat 0.0014 -16 154 49 191
boat 0.0013 26 161 39 170
boat 0.0013 -18 153 106 178
boat 0.0013 139 142 161 165
boat 0.0012 111 152 147 169
boat 0.0012 225 183 440 277
boat 0.0011 487 126 502 222
boat 0.0011 119 147 141 164
boat 0.0010 239 111 365 176
boat 0.0010 -3 175 29 186
bird 0.0411 10 108 95 195
horse 0.0011 32 67 322 288
bottle 0.0062 453 117 470 157
chair 0.0028 8 164 38 178
diningtable 0.0011 8 164 38 178
