person 0.0160 196 165 217 177
person 0.0057 433 145 446 171
person 0.0047 383 158 414 170
person 0.0040 130 159 282 193
person 0.0037 141 182 154 193
person 0.0035 373 157 404 171
person 0.0016 215 156 254 170
person 0.0015 208 167 243 177
person 0.0015 199 159 213 175
person 0.0012 426 152 447 172
person 0.0011 185 168 209 178
person 0.0010 408 158 426 170
car 0.0053 468 218 496 340
boat 0.7690 236 159 506 229
boat 0.6041 125 159 307 191
boat 0.5847 332 149 484 181
boat 0.4070 24 168 337 256
boat 0.2955 215 145 314 185
boat 0.2597 190 78 324 209
boat 0.2158 112 147 328 212
boat 0.1908 299 156 401 189
boat 0.1734 457 142 495 190
boat 0.0898 235 157 307 189
boat 0.0839 88 147 128 159
boat 0.0838 277 163 483 202
boat 0.0734 215 156 254 170
boat 0.0652 322 157 457 191
boat 0.0595 211 176 545 209
boat 0.0560 310 126 514 202
boat 0.0518 115 178 238 205
boat 0.0468 426 152 447 172
boat 0.0460 199 149 273 181
boat 0.0459 468 218 496 340
boat 0.0441 433 145 446 171
boat 0.0385 281 165 400 199
boat 0.0383 434 160 476 172
boat 0.0310 11 147 36 159
boat 0.0300 241 167 302 179
boat 0.0267 82 149 96 159
boat 0.0251 70 141 145 166
boat 0.0218 383 158 414 170
boat 0.0211 119 181 293 222
boat 0.0208 154 169 313 196
boat 0.0201 230 84 297 198
boat 0.0194 129 120 348 197
boat 0.0181 66 126 279 301
boat 0.0179 118 174 203 199
boat 0.0176 464 153 488 178
boat 0.0169 410 157 447 172
boat 0.0161 373 157 404 171
boat 0.0161 265 195 517 270
boat 0.0159 107 240 264 280
boat 0.0157 11 90 552 243
boat 0.0149 400 147 493 179
boat 0.0127 123 154 131 160
boat 0.0123 76 150 92 158
boat 0.0118 218 151 235 161
boat 0.0117 261 89 484 265
boat 0.0111 224 117 304 174
boat 0.0105 189 150 205 155
boat 0.0104 168 149 188 156
boat 0.0101 181 133 312 178
boat 0.0099 198 151 213 156
boat 0.0092 216 149 250 165
boat 0.0087 180 151 193 155
boat 0.0076 208 167 243 177
boat 0.0067 216 115 249 177
boat 0.0064 168 166 205 178
boat 0.0064 379 152 477 191
boat 0.0063 137 186 194 194
boat 0.0061 116 50 378 238
boat 0.0061 435 158 459 169
boat 0.0058 168 165 186 177
boat 0.0058 245 147 284 160
boat 0.0056 408 158 426 170
boat 0.0055 147 158 226 189
boat 0.0054 229 159 258 171
boat 0.0052 310 174 354 187
boat 0.0050 83 220 280 298
boat 0.0050 330 166 371 179
boat 0.0046 258 96 286 173
boat 0.0046 227 165 261 180
boat 0.0046 196 165 217 177
boat 0.0042 -5 138 188 167
boat 0.0041 140 183 155 194
boat 0.0039 320 169 363 181
boat 0.0039 196 168 236 179
boat 0.0037 143 181 189 192
boat 0.0037 119 151 126 159
boat 0.0036 164 149 175 157
boat 0.0034 57 150 87 158
boat 0.0033 375 168 421 179
boat 0.0033 254 170 428 212
boat 0.0032 274 161 369 221
boat 0.0031 245 175 298 188
boat 0.0030 246 161 298 172
boat 0.0028 407 165 447 178
boat 0.0028 345 143 451 172
boat 0.0027 167 162 175 172
boat 0.0026 168 162 184 173
boat 0.0025 418 142 513 187
boat 0.0024 420 141 451 183
boat 0.0023 210 90 270 197
boat 0.0022 218 134 237 158
boat 0.0021 402 134 414 143
boat 0.0021 -40 140 592 280
boat 0.0019 166 166 176 177
boat 0.0019 -24 139 109 166
boat 0.0017 364 166 394 178
boat 0.0017 315 170 350 183
boat 0.0016 22 150 40 158
boat 0.0016 425 167 449 174
boat 0.0015 208 151 224 157
bird 0.0116 141 182 154 193
bird 0.0038 346 320 362 329
bird 0.0023 137 183 148 191
chair 0.0135 69 161 333 234
chair 0.0055 124 181 271 222
chair 0.0017 83 220 280 298
chair 0.0010 168 191 206 210
