person 0.0069 82 70 478 335
bicycle 0.0025 64 3 446 271
car 0.0031 64 3 446 271
motorbike 0.0063 64 3 446 271
bird 0.0017 78 0 480 335
cat 0.7928 7 150 497 307
cat 0.0939 57 13 451 321
cat 0.0529 -28 33 537 228
dog 0.3471 -36 133 467 296
dog 0.2610 43 12 397 323
dog 0.0223 -28 33 537 228
dog 0.0021 -49 55 316 290
dog 0.0020 -44 35 154 312
horse 0.0084 29 151 533 309
horse 0.0025 78 0 480 335
sheep 0.0297 64 3 446 271
sheep 0.0155 29 151 533 309
cow 0.0222 29 151 533 309
cow 0.0074 78 0 480 335
cow 0.0013 310 13 548 299
cow 0.0012 -44 35 154 312
bottle 0.0054 9 -30 164 99
bottle 0.0018 -33 -43 97 87
chair 0.1650 78 0 480 335
chair 0.0096 -59 35 495 234
chair 0.0057 -44 35 154 312
chair 0.0022 303 14 554 257
chair 0.0015 42 142 516 294
sofa 0.0615 43 12 397 323
sofa 0.0042 -44 35 154 312
sofa 0.0017 269 6 560 308
sofa 0.0014 42 142 516 294
diningtable 0.0033 43 12 397 323
