person 0.0016 95 7 460 357
bicycle 0.0020 56 -13 427 336
car 0.0039 56 -13 427 336
motorbike 0.0017 54 66 427 363
cat 0.9373 -52 74 489 290
cat 0.3994 27 -11 405 333
cat 0.0017 165 119 483 316
chair 0.3567 56 -13 427 336
chair 0.0041 -72 56 497 262
chair 0.0028 285 1 531 357
chair 0.0013 372 271 413 404
sofa 0.0988 6 9 362 349
pottedplant 0.0084 5 -27 363 338
diningtable 0.2835 54 66 427 363
diningtable 0.0117 -108 230 456 370
diningtable 0.0080 -46 206 391 465
diningtable 0.0062 285 1 531 357
diningtable 0.0025 -52 2 167 226
diningtable 0.0014 -7 -5 295 369
tvmonitor 0.0011 5 -27 363 338
