person 0.8951 41 119 73 201
person 0.3219 224 132 240 159
person 0.0954 242 124 259 161
person 0.0830 271 132 294 159
person 0.0620 234 125 250 160
person 0.0582 338 137 356 161
person 0.0464 218 125 235 160
person 0.0294 -58 89 491 233
person 0.0226 308 137 326 161
person 0.0217 12 131 39 184
person 0.0199 217 119 247 163
person 0.0196 268 120 298 162
person 0.0153 318 138 334 161
person 0.0129 125 109 162 167
person 0.0125 254 135 269 158
person 0.0125 229 119 260 163
person 0.0096 290 133 309 160
person 0.0083 16 140 32 179
person 0.0079 169 112 207 164
person 0.0079 255 107 271 136
person 0.0077 49 134 67 167
person 0.0069 449 151 477 202
person 0.0067 390 138 406 163
person 0.0066 116 98 172 179
person 0.0062 298 135 316 160
person 0.0058 451 159 463 179
person 0.0057 262 136 279 157
person 0.0056 211 134 225 159
person 0.0056 57 123 78 193
person 0.0050 250 93 275 168
person 0.0048 61 136 73 165
person 0.0043 161 102 215 175
person 0.0036 213 112 273 171
person 0.0036 0 128 3 170
person 0.0033 259 123 319 169
person 0.0031 187 116 203 148
person 0.0031 173 122 190 154
person 0.0029 302 114 331 167
person 0.0028 455 161 474 192
person 0.0028 449 156 465 191
person 0.0028 363 137 379 161
person 0.0027 22 136 38 178
person 0.0027 239 98 265 167
person 0.0020 142 113 161 148
person 0.0018 244 117 257 143
person 0.0018 46 134 60 166
person 0.0017 355 138 373 160
person 0.0017 133 115 154 148
person 0.0017 326 136 343 162
person 0.0016 469 158 477 194
person 0.0016 136 91 167 155
person 0.0015 178 116 199 148
person 0.0015 50 154 67 184
person 0.0015 384 138 401 163
person 0.0014 273 96 301 167
person 0.0013 274 119 289 142
person 0.0012 212 100 237 166
person 0.0012 54 110 80 170
person 0.0012 309 119 325 141
person 0.0012 206 113 231 166
person 0.0012 28 114 90 202
person 0.0010 331 129 362 167
bicycle 0.5577 42 148 72 198
bicycle 0.0295 50 154 67 184
bicycle 0.0100 47 153 61 195
bicycle 0.0065 35 139 84 207
bicycle 0.0012 15 147 32 180
car 0.0017 391 154 499 200
car 0.0014 0 128 3 170
motorbike 0.0530 40 132 73 201
motorbike 0.0014 47 152 66 195
bus 0.9998 -67 87 544 236
bus 0.7410 59 42 420 253
