person 0.9457 5 -10 338 460
person 0.2322 44 0 460 327
person 0.0277 161 39 487 434
person 0.0232 15 62 420 248
person 0.0169 35 21 548 202
person 0.0056 9 139 511 275
person 0.0033 139 -51 348 303
person 0.0021 54 64 307 328
person 0.0020 -67 18 279 234
person 0.0017 124 -91 515 191
person 0.0015 284 -126 509 341
person 0.0013 31 139 466 469
person 0.0011 -13 -101 81 400
cat 0.1722 115 36 451 374
cat 0.1674 47 136 518 276
cat 0.0280 276 -94 520 263
cat 0.0114 237 -38 414 300
cat 0.0078 232 48 433 224
cat 0.0077 230 29 560 188
cat 0.0071 444 -16 513 116
cat 0.0041 67 68 362 317
cat 0.0030 198 115 392 234
cat 0.0026 262 71 452 383
cat 0.0011 366 -19 542 128
dog 0.8824 20 166 548 282
dog 0.8497 276 -94 520 263
dog 0.6561 106 45 466 404
dog 0.3937 226 25 564 163
dog 0.0451 458 -11 507 111
dog 0.0394 126 17 366 308
dog 0.0223 237 -38 414 300
dog 0.0118 411 -27 528 127
dog 0.0093 17 71 475 246
dog 0.0031 276 33 443 380
dog 0.0029 5 -10 338 460
dog 0.0026 54 64 307 328
dog 0.0022 232 48 433 224
dog 0.0021 353 -72 515 173
dog 0.0015 229 35 567 373
dog 0.0014 198 115 392 234
dog 0.0010 80 123 249 289
chair 0.0154 41 9 460 458
chair 0.0027 229 35 493 442
chair 0.0018 7 -24 261 477
chair 0.0018 272 -76 525 176
sofa 0.5212 41 9 460 458
sofa 0.0826 229 35 493 442
sofa 0.0802 6 -25 268 434
sofa 0.0287 124 -91 515 191
sofa 0.0081 29 10 557 166
sofa 0.0077 21 -1 415 258
sofa 0.0073 -82 29 293 281
sofa 0.0042 153 106 572 364
sofa 0.0025 -25 166 547 283
sofa 0.0021 230 29 560 188
sofa 0.0018 -13 -101 81 400
sofa 0.0011 343 58 534 413
sofa 0.0011 -46 41 155 417
