person 0.0313 0 90 3 126
person 0.0089 87 105 104 137
person 0.0049 0 75 2 126
person 0.0024 5 94 17 122
person 0.0015 -1 52 6 146
car 0.0317 0 90 3 126
car 0.0046 0 75 2 126
car 0.0029 -2 70 8 144
motorbike 0.0024 0 90 3 126
bird 0.0303 83 101 107 142
bird 0.0099 86 104 101 131
bird 0.0051 0 50 112 285
cat 0.0025 0 50 112 285
dog 0.0171 12 84 126 254
dog 0.0118 83 101 107 142
dog 0.0032 201 63 356 350
dog 0.0010 40 109 104 231
horse 0.1313 12 84 126 254
horse 0.0911 83 101 107 142
horse 0.0175 -3 96 87 213
horse 0.0112 40 109 104 231
horse 0.0076 12 108 66 201
horse 0.0021 201 63 356 350
sheep 0.9169 197 61 341 349
sheep 0.3641 12 84 126 254
sheep 0.0731 83 101 107 142
sheep 0.0573 -3 96 87 213
sheep 0.0236 12 108 66 201
sheep 0.0229 40 109 104 231
sheep 0.0065 86 104 101 131
sheep 0.0018 212 117 326 291
cow 0.4529 197 61 341 349
cow 0.3198 12 84 126 254
cow 0.1133 83 101 107 142
cow 0.0213 -3 96 87 213
cow 0.0172 40 109 104 231
cow 0.0069 12 108 66 201
cow 0.0036 86 104 101 131
cow 0.0025 212 117 326 291
cow 0.0011 75 96 117 148
