bird 0.0050 324 231 342 248
bottle 0.0217 151 163 184 217
bottle 0.0045 159 170 178 213
bottle 0.0014 134 154 200 227
bottle 0.0013 153 166 166 198
bottle 0.0012 382 299 416 397
bottle 0.0011 275 197 305 250
bottle 0.0010 154 159 168 187
chair 0.9969 286 191 518 462
chair 0.9863 222 119 338 223
chair 0.9841 317 111 474 307
chair 0.9609 -16 99 186 508
chair 0.8864 171 90 303 183
chair 0.8707 26 120 194 196
chair 0.2067 -11 126 142 380
chair 0.1199 -63 174 242 364
chair 0.0384 -2 132 105 302
chair 0.0342 49 89 158 336
chair 0.0141 9 143 75 261
chair 0.0107 -17 265 219 424
chair 0.0094 -20 199 155 312
chair 0.0090 183 102 291 156
chair 0.0052 83 119 465 357
chair 0.0051 336 60 479 465
chair 0.0043 -3 50 19 309
chair 0.0039 -2 146 55 316
chair 0.0036 296 160 308 202
chair 0.0032 447 236 503 423
chair 0.0031 -12 67 70 324
chair 0.0029 -4 176 68 414
chair 0.0027 -2 120 9 283
chair 0.0025 -50 106 188 213
chair 0.0018 -76 116 254 277
chair 0.0018 37 136 97 264
chair 0.0014 247 282 498 413
chair 0.0014 77 141 182 191
chair 0.0014 -26 111 121 245
chair 0.0010 -73 152 511 311
chair 0.0010 481 75 503 433
sofa 0.0082 -15 20 159 369
sofa 0.0030 -1 206 185 453
pottedplant 0.0057 -3 50 19 309
diningtable 0.9989 47 137 447 371
diningtable 0.3244 -104 162 595 309
diningtable 0.0020 30 128 187 190
diningtable 0.0013 -4 73 23 318
diningtable 0.0012 49 53 306 332
diningtable 0.0010 -15 152 102 192
