person 0.0079 80 38 486 384
person 0.0029 62 140 586 279
car 0.1502 21 121 471 289
car 0.0131 -104 120 594 351
car 0.0114 -103 152 597 264
car 0.0069 -7 126 192 341
car 0.0036 8 191 80 270
car 0.0032 -91 212 578 403
car 0.0016 -33 179 103 283
car 0.0011 80 38 486 384
car 0.0010 9 218 483 331
motorbike 0.2250 21 121 471 289
motorbike 0.0374 -103 152 597 264
motorbike 0.0259 -65 52 556 374
aeroplane 0.1587 31 47 462 303
aeroplane 0.0043 -103 152 597 264
bus 0.0039 31 47 462 303
diningtable 0.0015 -91 212 578 403
