person 0.0065 8 79 26 107
person 0.0054 61 51 485 318
person 0.0014 416 88 424 102
person 0.0012 304 91 340 158
person 0.0011 5 73 35 118
car 0.9695 -78 89 555 283
car 0.7573 60 21 424 307
car 0.3968 420 91 451 104
car 0.0479 439 93 455 102
car 0.0090 416 88 424 102
car 0.0078 446 91 460 102
car 0.0032 494 89 500 104
car 0.0027 402 83 472 110
car 0.0024 8 79 26 107
car 0.0023 464 85 487 101
car 0.0014 392 92 406 103
car 0.0010 456 91 475 102
bus 0.0018 26 15 423 310
diningtable 0.0288 51 69 426 356
