person 0.1253 253 143 278 204
person 0.0625 258 151 274 197
person 0.0577 326 141 359 204
person 0.0470 304 152 322 181
person 0.0350 493 154 500 171
person 0.0290 341 145 357 181
person 0.0161 295 146 328 199
person 0.0157 100 132 178 216
person 0.0143 21 1 427 319
person 0.0099 478 144 491 165
person 0.0088 86 114 205 232
person 0.0086 334 152 351 193
person 0.0074 372 150 385 182
person 0.0060 131 136 169 212
person 0.0058 468 155 483 170
person 0.0054 448 153 460 174
person 0.0053 252 162 265 198
person 0.0044 326 151 340 195
person 0.0038 478 149 494 171
person 0.0036 379 154 394 187
person 0.0034 295 155 313 189
person 0.0033 493 143 500 169
person 0.0032 312 132 372 213
person 0.0031 190 164 207 205
person 0.0026 401 158 415 186
person 0.0025 454 160 461 178
person 0.0024 83 135 117 193
person 0.0023 92 156 110 186
person 0.0023 184 153 210 216
person 0.0021 464 155 474 170
person 0.0020 133 103 189 223
person 0.0018 215 159 250 227
person 0.0014 240 119 283 234
person 0.0014 287 152 317 206
person 0.0013 220 157 235 189
person 0.0013 344 142 355 170
person 0.0012 151 127 181 218
person 0.0012 496 155 500 185
person 0.0012 351 146 363 182
person 0.0011 221 171 245 192
person 0.0011 105 153 137 207
person 0.0011 242 136 306 212
person 0.0011 157 176 174 205
person 0.0010 282 137 341 209
person 0.0010 128 138 153 165
person 0.0010 148 147 165 179
person 0.0010 322 131 345 199
car 0.0364 493 154 500 171
car 0.0188 468 155 483 170
car 0.0090 463 144 491 165
car 0.0075 448 153 460 174
car 0.0050 -14 155 46 195
car 0.0049 451 132 516 180
car 0.0048 444 154 457 172
car 0.0037 493 143 500 169
car 0.0025 478 144 491 165
car 0.0018 478 149 494 171
car 0.0018 -2 168 32 183
car 0.0014 464 155 474 170
car 0.0010 460 136 495 175
bus 0.9997 64 47 434 302
bus 0.6591 -64 71 568 257
bus 0.0010 451 132 516 180
train 0.0023 82 49 463 301
