person 0.9914 395 46 455 155
person 0.9642 70 41 109 105
person 0.9457 365 48 410 158
person 0.7718 97 30 141 117
person 0.4399 371 52 411 112
person 0.3460 375 33 478 169
person 0.2565 384 66 416 144
person 0.1531 31 28 423 330
person 0.1200 258 56 277 81
person 0.0594 215 43 236 76
person 0.0554 52 30 116 115
person 0.0304 190 51 279 158
person 0.0155 16 -3 485 191
person 0.0152 115 56 126 74
person 0.0143 392 83 406 103
person 0.0139 393 85 425 140
person 0.0090 381 65 400 89
person 0.0075 391 73 405 96
person 0.0067 400 100 419 130
person 0.0065 382 71 398 96
person 0.0064 -46 89 599 305
person 0.0058 123 62 319 159
person 0.0052 386 63 406 91
person 0.0046 77 57 87 78
person 0.0043 222 50 241 74
person 0.0039 345 76 418 149
person 0.0037 210 42 228 75
person 0.0035 86 48 151 139
person 0.0034 100 68 116 95
person 0.0031 224 65 266 141
person 0.0028 250 51 282 97
person 0.0027 366 96 397 148
person 0.0026 368 59 398 132
person 0.0023 375 85 444 143
person 0.0022 236 53 256 76
person 0.0021 144 66 231 138
person 0.0021 241 49 263 80
person 0.0021 75 62 86 84
person 0.0019 86 60 97 76
person 0.0018 200 38 216 76
person 0.0018 301 72 486 160
person 0.0018 377 64 389 91
person 0.0017 391 88 408 118
person 0.0016 390 96 405 130
person 0.0016 85 62 99 84
person 0.0015 399 89 415 121
person 0.0013 494 70 500 115
person 0.0011 382 81 397 107
person 0.0010 382 99 400 126
person 0.0010 371 106 386 136
bicycle 0.0011 387 81 451 147
car 0.9899 66 60 447 327
car 0.0030 16 -3 485 191
motorbike 0.0034 74 65 469 321
bus 0.0035 83 42 462 318
train 0.0010 83 42 462 318
bird 0.0010 441 109 449 134
dog 0.0014 441 109 449 134
bottle 0.0514 441 109 449 134
bottle 0.0030 391 114 403 131
bottle 0.0023 431 112 445 133
bottle 0.0015 365 108 378 131
bottle 0.0014 400 100 419 130
bottle 0.0012 371 106 386 136
chair 0.0272 387 81 451 147
chair 0.0081 396 89 437 139
chair 0.0073 400 100 419 130
chair 0.0067 399 89 415 121
chair 0.0044 391 70 422 140
chair 0.0040 310 102 334 125
chair 0.0032 403 104 430 127
chair 0.0026 60 31 120 114
chair 0.0019 398 84 413 103
chair 0.0018 -1 53 7 99
chair 0.0016 362 32 475 168
chair 0.0015 416 103 440 126
chair 0.0013 369 74 407 147
chair 0.0012 84 71 99 94
chair 0.0012 390 96 405 130
chair 0.0011 75 72 91 93
diningtable 0.0038 52 113 456 346
