person 0.0015 260 25 563 190
car 0.0017 34 48 458 350
motorbike 0.0038 34 48 458 350
bird 0.0298 260 25 563 190
bird 0.0074 -88 92 414 340
bird 0.0059 345 -155 522 360
bird 0.0014 316 -36 471 232
cat 0.9647 21 120 616 333
cat 0.9525 131 78 465 355
cat 0.8533 15 61 323 369
cat 0.3041 260 25 563 190
cat 0.0471 234 45 573 313
cat 0.0363 304 -152 513 357
cat 0.0070 -69 159 396 348
cat 0.0019 316 -36 471 232
dog 0.1033 260 25 563 190
dog 0.0117 304 -152 513 357
dog 0.0099 15 61 323 369
dog 0.0050 156 27 484 357
dog 0.0015 324 38 549 320
horse 0.0026 -98 92 383 342
horse 0.0018 12 55 282 376
sheep 0.0103 260 25 563 190
sheep 0.0062 -98 92 383 342
sheep 0.0024 12 55 282 376
sheep 0.0019 345 -155 522 360
cow 0.0219 2 64 432 369
cow 0.0019 260 25 563 190
sofa 0.0133 34 48 458 350
sofa 0.0020 214 25 500 349
pottedplant 0.0051 34 48 458 350
