person 0.8981 151 47 587 282
person 0.0083 229 186 393 342
person 0.0031 51 54 451 311
person 0.0023 68 113 144 332
person 0.0012 280 29 383 296
car 0.0076 52 41 454 283
car 0.0031 155 12 438 118
car 0.0015 217 25 328 84
dog 0.9803 58 38 274 430
dog 0.3674 77 127 208 345
dog 0.0907 -11 159 351 294
dog 0.0183 122 129 246 339
dog 0.0048 227 40 571 290
dog 0.0033 77 121 132 276
dog 0.0026 -42 86 454 277
dog 0.0022 138 33 351 430
chair 0.1149 182 165 370 353
chair 0.0884 -4 169 88 335
chair 0.0271 -14 93 375 279
chair 0.0100 276 28 361 264
chair 0.0084 142 66 601 287
chair 0.0071 -37 138 110 366
chair 0.0033 207 46 374 427
chair 0.0024 -1 25 92 374
chair 0.0017 45 -34 307 350
chair 0.0010 59 36 237 429
sofa 0.5249 -42 81 456 247
sofa 0.0478 42 29 383 293
sofa 0.0236 134 54 528 275
sofa 0.0235 182 165 370 353
sofa 0.0121 -39 156 447 291
sofa 0.0079 61 98 266 407
sofa 0.0073 -3 155 89 332
sofa 0.0050 188 -46 390 350
sofa 0.0021 275 37 361 284
