person 0.0189 -2 54 14 153
person 0.0037 275 39 552 319
person 0.0036 -4 8 23 192
person 0.0033 0 57 4 131
person 0.0021 -1 -11 8 161
person 0.0019 -1 96 12 130
person 0.0014 -7 46 61 185
person 0.0013 143 27 156 45
person 0.0011 0 79 8 128
person 0.0011 -11 -11 81 364
bicycle 0.0110 -8 1 75 320
bicycle 0.0010 300 42 550 248
bicycle 0.0010 -17 56 98 402
car 0.0194 0 16 9 38
car 0.0080 0 17 26 36
car 0.0047 21 17 44 33
car 0.0042 -16 2 61 49
car 0.0035 0 18 6 49
car 0.0027 12 15 36 34
car 0.0013 28 18 57 34
car 0.0013 133 20 161 34
car 0.0012 40 18 63 34
car 0.0012 59 19 83 35
car 0.0011 76 18 105 32
car 0.0011 125 27 156 41
car 0.0011 52 19 75 35
motorbike 0.0012 -8 1 75 320
bus 0.0041 -67 -13 196 58
bird 0.0105 299 78 331 172
bird 0.0033 -7 46 61 185
bird 0.0023 -29 30 88 199
bird 0.0018 98 61 244 237
cat 0.0054 367 100 488 165
cat 0.0010 270 38 557 249
dog 0.0016 367 100 488 165
bottle 0.7577 300 66 332 196
bottle 0.0155 142 205 194 371
bottle 0.0066 298 102 329 177
bottle 0.0022 333 91 381 190
bottle 0.0021 306 83 336 146
bottle 0.0015 -1 96 12 130
chair 0.9891 270 38 557 249
chair 0.8444 108 38 247 169
chair 0.7458 -11 -11 81 364
chair 0.0953 -7 46 61 185
chair 0.0883 -29 30 88 199
chair 0.0752 -4 70 24 394
chair 0.0244 304 -95 514 295
chair 0.0233 127 61 228 149
chair 0.0135 -3 75 17 149
chair 0.0134 -1 96 12 130
chair 0.0072 359 26 518 353
chair 0.0068 -33 65 129 304
chair 0.0057 -4 36 30 199
chair 0.0056 29 64 59 141
chair 0.0052 0 79 8 128
chair 0.0033 56 82 389 366
chair 0.0030 0 57 4 131
chair 0.0020 -2 37 11 149
chair 0.0019 -1 97 6 398
chair 0.0017 319 100 388 182
chair 0.0015 234 97 305 159
chair 0.0013 0 113 11 150
chair 0.0013 -3 96 17 186
chair 0.0012 106 61 251 107
chair 0.0010 -8 91 31 155
sofa 0.0117 275 39 552 319
pottedplant 0.0220 333 91 381 190
pottedplant 0.0133 300 67 336 183
pottedplant 0.0028 -3 75 17 149
pottedplant 0.0027 269 28 552 211
pottedplant 0.0027 310 62 355 179
pottedplant 0.0024 228 66 370 174
pottedplant 0.0018 -11 -11 81 364
pottedplant 0.0014 -2 16 10 152
pottedplant 0.0014 310 85 374 158
pottedplant 0.0013 -1 96 12 130
pottedplant 0.0012 275 76 335 200
pottedplant 0.0011 292 -55 381 211
pottedplant 0.0010 271 52 403 186
pottedplant 0.0010 104 42 251 177
pottedplant 0.0010 307 110 364 216
diningtable 0.9763 47 100 463 358
diningtable 0.0280 -13 30 81 358
diningtable 0.0137 -1 96 12 130
diningtable 0.0134 -3 75 17 149
diningtable 0.0102 -6 45 26 388
diningtable 0.0061 275 39 552 319
diningtable 0.0026 0 79 8 128
diningtable 0.0025 -21 92 70 154
diningtable 0.0018 -8 91 31 155
diningtable 0.0015 146 86 339 189
diningtable 0.0011 -18 110 50 206
diningtable 0.0011 0 113 11 150
diningtable 0.0010 -2 112 26 133
