person 0.9923 -21 70 183 472
person 0.9532 161 -59 268 379
person 0.6830 345 44 395 181
person 0.2630 454 144 480 237
person 0.1678 449 127 489 299
person 0.1351 436 140 477 298
person 0.1027 471 146 496 236
person 0.0752 163 0 255 237
person 0.0409 470 117 502 309
person 0.0335 -76 197 247 340
person 0.0290 357 58 385 129
person 0.0210 111 77 185 156
person 0.0181 252 43 288 127
person 0.0137 241 21 288 212
person 0.0132 365 19 408 183
person 0.0131 478 158 490 188
person 0.0105 460 152 491 248
person 0.0100 440 160 470 240
person 0.0094 120 44 314 288
person 0.0084 361 67 380 105
person 0.0084 367 41 395 127
person 0.0076 428 47 512 342
person 0.0070 220 23 256 215
person 0.0069 487 146 502 273
person 0.0043 302 31 412 197
person 0.0038 352 77 386 163
person 0.0036 262 80 282 111
person 0.0032 256 83 275 109
person 0.0031 316 58 332 106
person 0.0030 -8 51 181 156
person 0.0029 473 179 500 257
person 0.0028 461 163 474 197
person 0.0028 222 33 245 114
person 0.0028 445 33 499 204
person 0.0027 309 53 336 111
person 0.0027 370 85 393 160
person 0.0024 452 170 464 209
person 0.0023 83 -36 480 317
person 0.0022 463 157 473 185
person 0.0022 496 103 500 145
person 0.0019 181 43 214 101
person 0.0018 496 159 499 241
person 0.0017 298 35 332 114
person 0.0016 478 191 492 226
person 0.0016 452 181 483 256
person 0.0016 417 133 495 369
person 0.0015 231 -33 429 282
person 0.0015 180 24 252 107
person 0.0014 495 168 498 251
person 0.0013 227 107 280 284
person 0.0012 234 -12 283 136
person 0.0012 437 158 458 280
person 0.0011 458 169 472 209
person 0.0011 476 168 492 211
person 0.0010 224 -22 293 338
car 0.0012 19 -35 429 311
aeroplane 0.0042 44 -40 443 323
bus 0.0099 0 -32 448 365
train 0.9689 30 -47 454 366
train 0.0037 120 44 314 288
train 0.0020 432 34 509 321
boat 0.0011 19 -35 429 311
