person 0.2145 67 -9 450 390
person 0.0305 8 2 335 160
person 0.0226 57 -141 235 278
car 0.0088 145 30 488 395
motorbike 0.0052 62 40 449 394
boat 0.0079 145 30 488 395
cat 0.0012 243 173 563 365
dog 0.9446 141 -21 487 405
dog 0.0071 243 173 563 365
dog 0.0023 63 127 583 333
dog 0.0011 40 48 604 251
horse 0.0075 38 -13 395 396
cow 0.1034 62 40 449 394
chair 0.0368 38 -13 395 396
chair 0.0023 90 127 489 391
chair 0.0020 77 -26 495 255
chair 0.0016 210 -24 503 407
chair 0.0015 21 107 333 349
sofa 0.4700 100 -20 487 342
sofa 0.0104 68 168 582 362
sofa 0.0031 27 -11 324 395
sofa 0.0024 -103 88 359 357
sofa 0.0013 29 153 328 358
sofa 0.0010 57 -141 235 278
diningtable 0.0048 38 -13 395 396
tvmonitor 0.0019 134 -18 496 342
