person 0.0020 -56 181 374 411
person 0.0012 488 -3 500 14
person 0.0010 470 -13 506 44
bicycle 0.0036 -51 193 369 433
car 0.2034 116 224 594 483
car 0.1646 225 185 487 524
bus 0.0070 225 185 487 524
bus 0.0059 116 224 594 483
train 0.0019 116 224 594 483
boat 0.0807 116 224 594 483
boat 0.0538 225 185 487 524
bird 0.0018 227 199 306 247
cat 0.9424 -58 194 357 405
cat 0.0094 17 50 183 583
cat 0.0025 37 135 293 516
dog 0.2110 -51 193 369 433
dog 0.0012 -20 218 222 410
chair 0.0374 469 -68 505 210
chair 0.0101 225 185 487 524
chair 0.0100 382 -33 486 131
chair 0.0080 344 -45 519 99
chair 0.0073 116 224 594 483
chair 0.0062 376 -119 514 217
chair 0.0040 436 -46 510 184
chair 0.0025 380 -30 440 86
chair 0.0022 493 -59 500 243
chair 0.0016 483 -92 501 339
chair 0.0013 -97 -19 308 48
chair 0.0012 93 -24 350 51
chair 0.0012 -46 -25 135 57
chair 0.0010 -56 181 374 411
sofa 0.0017 473 -63 504 234
diningtable 0.0069 469 -68 505 210
diningtable 0.0012 101 213 605 462
tvmonitor 0.0024 101 213 605 462
