person 0.9983 -114 114 388 312
person 0.1994 375 129 516 435
person 0.1492 -90 182 295 324
person 0.0707 56 83 85 139
person 0.0600 39 85 70 142
person 0.0508 62 93 80 132
person 0.0469 74 86 90 123
person 0.0399 -23 50 288 433
person 0.0318 53 88 68 121
person 0.0250 46 94 62 133
person 0.0158 24 77 44 114
person 0.0130 67 82 96 130
person 0.0091 8 80 23 108
person 0.0073 369 78 534 328
person 0.0064 30 74 94 151
person 0.0062 16 77 33 108
person 0.0054 64 87 78 108
person 0.0038 79 94 100 129
person 0.0035 40 96 53 134
person 0.0030 28 89 41 112
person 0.0026 -7 94 52 147
person 0.0021 -10 159 57 309
person 0.0015 6 72 42 115
person 0.0014 1 102 41 138
person 0.0012 -8 40 58 161
person 0.0012 49 71 113 139
person 0.0010 -6 63 59 125
bird 0.0053 24 77 44 114
cat 0.0033 -24 167 73 267
dog 0.0040 -24 167 73 267
dog 0.0014 24 77 44 114
dog 0.0012 -7 94 52 147
dog 0.0010 99 177 218 243
chair 0.3792 80 84 290 463
chair 0.2951 -14 166 362 329
chair 0.0228 -32 51 218 436
chair 0.0071 -24 167 73 267
chair 0.0070 375 129 516 435
chair 0.0048 99 177 218 243
chair 0.0046 -98 200 688 319
chair 0.0032 -11 150 66 384
chair 0.0025 25 67 562 441
chair 0.0020 -44 201 137 390
chair 0.0018 12 182 55 251
chair 0.0016 83 188 492 325
chair 0.0012 115 156 249 385
chair 0.0012 75 268 288 356
chair 0.0010 268 100 521 445
sofa 0.7049 8 199 645 318
sofa 0.3239 205 59 532 448
sofa 0.1693 -14 166 362 329
sofa 0.0544 375 129 516 435
sofa 0.0431 78 37 328 471
sofa 0.0251 -32 51 218 436
sofa 0.0059 -10 159 57 309
sofa 0.0015 -35 146 88 318
sofa 0.0014 139 170 491 340
