person 0.0212 52 11 415 426
person 0.0025 -13 -98 470 190
car 0.0019 52 11 415 426
motorbike 0.0023 52 11 415 426
boat 0.0019 52 11 415 426
cat 0.0035 73 42 441 473
dog 0.9940 59 36 398 477
dog 0.0018 2 155 450 409
chair 0.0734 52 11 415 426
chair 0.0134 65 -101 486 191
chair 0.0046 -10 6 564 171
chair 0.0012 153 120 545 300
chair 0.0011 213 -72 465 141
chair 0.0010 -15 77 79 286
sofa 0.1265 65 76 448 479
sofa 0.0013 153 120 545 300
sofa 0.0012 15 -32 452 303
diningtable 0.0085 52 11 415 426
tvmonitor 0.0018 65 -101 486 191
