person 0.0364 -1 -25 8 117
person 0.0359 -4 -45 24 164
person 0.0142 0 12 4 63
person 0.0104 -3 -24 15 61
person 0.0044 -11 28 91 244
person 0.0036 0 -12 7 45
person 0.0033 0 -13 3 68
person 0.0030 0 9 3 100
person 0.0022 0 -8 13 27
person 0.0018 31 9 93 105
person 0.0014 7 -3 121 119
car 0.8334 -12 45 77 228
car 0.5646 18 -66 195 144
car 0.1013 94 -18 480 341
car 0.0101 -2 -32 12 87
car 0.0061 0 12 4 63
car 0.0049 12 14 501 218
car 0.0036 -20 118 119 265
car 0.0035 -7 2 28 196
car 0.0033 164 78 577 315
car 0.0030 -20 -46 116 306
car 0.0023 0 -8 13 27
car 0.0023 222 13 247 33
car 0.0020 0 -13 3 68
car 0.0014 0 -12 7 45
car 0.0011 -1 56 11 227
car 0.0011 -4 -23 17 43
car 0.0011 -7 84 29 141
car 0.0010 -18 65 66 139
car 0.0010 1 -3 21 17
motorbike 0.0029 20 -67 219 145
motorbike 0.0027 -14 30 78 217
bus 0.1389 165 12 581 319
bus 0.0325 20 -67 219 145
bus 0.0217 15 6 490 195
bus 0.0120 96 -17 422 344
train 0.0215 165 12 581 319
pottedplant 0.0027 -9 79 146 275
diningtable 0.0139 94 -18 480 341
