person 0.0021 254 -80 430 144
person 0.0015 420 -47 515 164
person 0.0012 -10 -81 124 173
bottle 0.0076 -14 -57 144 131
bottle 0.0070 173 -12 257 32
bottle 0.0018 373 -40 540 119
bottle 0.0012 -2 -4 12 140
chair 0.0013 -4 128 19 273
pottedplant 0.0011 394 -44 519 166
diningtable 0.5646 32 38 464 354
diningtable 0.0415 17 15 488 210
diningtable 0.0268 22 227 453 358
diningtable 0.0089 -50 148 528 478
diningtable 0.0035 373 -40 540 119
diningtable 0.0027 -9 161 54 419
diningtable 0.0014 400 -9 514 367
