person 0.9982 39 -17 160 162
person 0.9974 169 13 264 128
person 0.9770 335 -97 456 212
person 0.8428 334 -21 455 128
person 0.7155 152 54 296 291
person 0.6937 30 -34 89 160
person 0.6505 170 98 278 248
person 0.3546 311 73 443 277
person 0.3407 389 108 520 252
person 0.2733 89 5 280 329
person 0.1233 334 100 410 249
person 0.0925 56 6 127 133
person 0.0487 382 97 453 238
person 0.0410 418 123 485 235
person 0.0351 316 28 496 314
person 0.0175 39 1 77 61
person 0.0081 357 69 473 263
person 0.0051 186 30 394 303
person 0.0051 28 -90 235 179
person 0.0030 -2 71 202 335
person 0.0026 43 27 445 258
person 0.0026 203 31 249 108
person 0.0017 226 67 241 97
person 0.0015 108 76 134 103
person 0.0014 105 38 139 119
person 0.0013 2 -34 134 134
person 0.0011 -7 -29 71 166
person 0.0010 245 112 311 245
person 0.0010 434 89 507 237
person 0.0010 71 129 189 264
person 0.0010 -45 94 391 238
car 0.9899 27 73 471 357
car 0.0044 125 12 367 320
car 0.0010 -45 94 391 238
bus 0.0010 31 38 455 317
bird 0.0558 71 129 189 264
bird 0.0089 92 141 154 250
cat 0.0013 71 129 189 264
tvmonitor 0.0012 31 38 455 317
