person 0.0056 225 165 258 214
person 0.0051 229 169 249 207
person 0.0041 160 73 342 279
person 0.0014 221 142 250 209
person 0.0012 225 151 242 176
bicycle 0.0011 171 7 320 325
car 0.7765 170 39 320 316
car 0.0658 189 99 314 258
motorbike 0.0182 185 95 308 264
motorbike 0.0165 171 7 320 325
aeroplane 0.0010 185 95 308 264
bus 0.0046 154 72 339 283
train 0.0387 154 72 339 283
boat 0.0157 160 73 342 279
bird 0.0194 30 244 71 293
bird 0.0026 63 157 105 349
bird 0.0015 54 239 122 318
bird 0.0013 229 168 249 202
bird 0.0011 11 235 80 302
bird 0.0010 160 73 342 279
dog 0.0027 160 73 342 279
horse 0.0290 160 73 342 279
sheep 0.0028 171 7 320 325
cow 0.0210 160 73 342 279
tvmonitor 0.0012 170 39 320 316
