person 0.0617 1 312 442 595
person 0.0182 207 14 419 274
person 0.0015 -56 449 176 521
person 0.0013 128 353 401 576
car 0.0011 207 14 419 274
bird 0.0011 134 255 441 446
cat 0.9985 134 246 439 427
cat 0.0836 159 79 396 567
dog 0.0010 1 312 442 595
chair 0.0420 1 312 442 595
chair 0.0158 -47 446 133 525
chair 0.0041 -36 477 132 509
chair 0.0031 -101 456 261 517
chair 0.0024 37 336 275 577
chair 0.0015 134 255 441 446
chair 0.0012 -38 368 126 544
sofa 0.1111 1 312 442 595
sofa 0.0010 37 336 275 577
pottedplant 0.9820 -88 136 314 370
pottedplant 0.3177 -79 64 298 293
pottedplant 0.0535 -7 5 240 410
pottedplant 0.0039 19 181 207 458
pottedplant 0.0032 135 226 227 448
pottedplant 0.0028 207 14 419 274
pottedplant 0.0028 -46 42 216 229
pottedplant 0.0025 77 132 194 423
pottedplant 0.0022 13 108 355 467
pottedplant 0.0021 125 119 229 401
pottedplant 0.0013 -9 189 52 299
diningtable 0.0124 -47 446 133 525
diningtable 0.0079 -44 323 430 585
diningtable 0.0052 -38 368 126 544
diningtable 0.0025 26 172 354 484
diningtable 0.0015 -32 473 91 510
diningtable 0.0011 -101 456 261 517
