person 0.0579 293 181 315 216
person 0.0085 226 163 302 229
person 0.0039 205 200 230 220
person 0.0026 299 162 384 225
person 0.0026 260 161 327 229
person 0.0010 279 166 349 225
car 0.9992 36 56 514 391
car 0.9944 -15 164 564 278
car 0.1268 371 144 401 156
car 0.0211 321 127 395 163
car 0.0164 342 135 382 156
car 0.0044 327 137 356 157
car 0.0024 277 116 386 166
car 0.0019 378 161 460 221
aeroplane 0.0014 -79 144 606 264
bird 0.0012 205 200 230 220
dog 0.0051 293 181 315 216
dog 0.0010 378 161 460 221
dog 0.0010 205 200 230 220
sheep 0.0072 369 141 403 156
sheep 0.0053 394 132 419 160
sheep 0.0025 378 161 460 221
cow 0.1216 321 127 395 163
cow 0.0639 369 141 403 156
cow 0.0538 394 132 419 160
cow 0.0392 342 135 382 156
cow 0.0166 277 116 386 166
cow 0.0128 378 161 460 221
cow 0.0090 335 137 366 157
cow 0.0072 -79 144 606 264
cow 0.0025 360 124 433 165
cow 0.0020 387 121 468 168
