person 0.0112 -20 137 154 489
person 0.0026 410 101 514 451
chair 0.9947 244 69 374 272
chair 0.9911 332 89 498 299
chair 0.9035 273 104 353 240
chair 0.1869 399 129 517 448
chair 0.0421 45 15 318 426
chair 0.0288 -20 137 154 489
chair 0.0274 -18 114 110 349
chair 0.0245 -4 160 30 348
chair 0.0138 -17 150 394 284
chair 0.0096 477 53 504 307
chair 0.0065 -1 183 9 335
chair 0.0057 488 135 502 269
chair 0.0050 371 119 476 281
chair 0.0019 0 219 2 318
chair 0.0019 492 134 501 325
chair 0.0013 -10 150 58 329
chair 0.0011 360 192 542 387
chair 0.0011 495 169 500 232
chair 0.0010 491 176 502 205
sofa 0.9685 -14 148 409 282
sofa 0.9347 398 110 518 443
sofa 0.9032 48 -3 350 431
sofa 0.4555 -20 137 154 489
sofa 0.0192 347 40 475 348
sofa 0.0167 355 117 472 283
sofa 0.0159 238 96 373 237
sofa 0.0118 360 192 542 387
sofa 0.0115 476 77 503 315
sofa 0.0090 130 52 358 314
sofa 0.0031 488 135 502 269
sofa 0.0026 426 86 510 347
sofa 0.0017 -18 114 110 349
sofa 0.0016 442 136 512 290
sofa 0.0012 54 53 235 413
sofa 0.0011 -78 281 213 411
sofa 0.0010 -4 160 30 348
pottedplant 0.8899 -35 107 123 278
pottedplant 0.1441 -18 29 115 426
pottedplant 0.0329 -12 118 81 346
pottedplant 0.0128 -4 175 20 247
pottedplant 0.0075 9 129 86 260
pottedplant 0.0075 -4 116 27 358
pottedplant 0.0071 -1 184 12 223
pottedplant 0.0066 403 35 458 199
pottedplant 0.0059 38 170 96 307
pottedplant 0.0039 -16 171 47 248
pottedplant 0.0037 1 159 121 320
pottedplant 0.0030 477 38 505 244
pottedplant 0.0027 -29 140 404 268
pottedplant 0.0016 483 102 503 222
pottedplant 0.0011 321 -63 491 284
diningtable 0.0971 207 93 424 422
diningtable 0.0337 -18 187 155 465
diningtable 0.0026 -18 114 110 349
diningtable 0.0022 488 135 502 269
diningtable 0.0018 -4 160 30 348
diningtable 0.0015 491 176 502 205
