bird 0.0038 142 60 314 283
bird 0.0033 280 36 437 278
bird 0.0022 -13 51 171 321
cat 0.0150 -13 51 171 321
cat 0.0080 142 60 314 283
cat 0.0031 410 108 529 223
cat 0.0017 280 36 437 278
dog 0.2300 -13 51 171 321
dog 0.0270 142 60 314 283
dog 0.0149 410 108 529 223
dog 0.0049 280 36 437 278
horse 0.0924 -17 45 161 331
horse 0.0560 410 108 529 223
horse 0.0146 280 36 437 278
horse 0.0051 142 60 314 283
horse 0.0025 436 116 504 216
sheep 0.9857 244 72 471 252
sheep 0.9485 122 88 350 260
sheep 0.6332 -17 45 161 331
sheep 0.1512 410 108 529 223
sheep 0.0059 95 123 143 241
sheep 0.0045 436 116 504 216
sheep 0.0027 41 100 166 267
sheep 0.0016 -2 141 9 264
sheep 0.0016 0 161 2 244
sheep 0.0012 281 154 312 215
sheep 0.0011 -58 113 200 222
cow 0.2392 280 36 437 278
cow 0.1186 -13 51 171 321
cow 0.1171 410 108 529 223
cow 0.0638 154 63 317 283
cow 0.0016 436 116 504 216
