person 0.9944 129 -2 296 561
person 0.9851 134 134 285 438
person 0.9579 94 195 333 361
person 0.8959 182 215 564 367
person 0.2214 227 82 524 511
person 0.0426 210 82 220 95
person 0.0167 204 80 212 95
person 0.0135 73 102 404 503
person 0.0082 220 82 230 94
person 0.0058 191 82 201 94
person 0.0020 239 80 251 94
person 0.0016 229 80 240 94
person 0.0014 -38 163 617 459
aeroplane 0.9980 129 -42 375 203
aeroplane 0.0194 64 31 448 129
aeroplane 0.0020 121 38 324 126
boat 0.0091 64 211 498 382
boat 0.0033 73 102 404 503
boat 0.0017 -20 230 587 437
chair 0.0061 250 107 530 500
chair 0.0044 198 212 578 371
chair 0.0022 489 340 501 372
chair 0.0010 431 225 510 407
