person 0.0898 -12 261 62 411
person 0.0110 -11 136 63 451
person 0.0049 365 156 522 493
person 0.0032 159 313 392 401
person 0.0024 -4 -38 33 545
person 0.0022 339 62 362 88
person 0.0013 342 350 551 387
bird 0.0420 226 59 246 88
bird 0.0041 339 62 362 88
dog 0.0045 -28 262 80 424
dog 0.0036 365 136 523 492
horse 0.0018 -12 278 63 409
cow 0.0010 -12 278 63 409
chair 0.3043 365 136 523 492
chair 0.0281 383 207 514 421
sofa 0.1341 365 136 523 492
sofa 0.0107 383 207 514 421
pottedplant 0.0606 61 0 126 78
pottedplant 0.0087 72 10 113 67
pottedplant 0.0010 7 63 35 87
