person 0.0075 52 109 515 322
person 0.0031 208 144 238 166
person 0.0019 197 135 292 191
person 0.0015 239 152 270 174
person 0.0011 0 121 11 262
car 0.9981 -124 119 424 342
car 0.9581 58 149 617 287
car 0.9340 6 73 295 375
car 0.8582 53 85 458 310
car 0.0309 -33 77 104 267
car 0.0241 122 34 547 408
car 0.0069 -37 117 106 166
car 0.0053 470 164 508 237
car 0.0052 482 159 502 244
car 0.0048 -13 31 135 333
car 0.0040 433 156 518 229
car 0.0038 490 175 500 209
car 0.0028 220 115 407 213
car 0.0024 -65 158 269 348
car 0.0023 404 133 529 256
car 0.0019 492 166 500 199
car 0.0018 468 120 505 274
car 0.0018 492 174 499 228
car 0.0015 60 44 253 119
car 0.0013 -88 79 368 225
car 0.0010 496 176 499 245
car 0.0010 -12 102 69 247
motorbike 0.0033 53 85 458 310
bus 0.0014 10 110 435 333
boat 0.0042 10 110 435 333
boat 0.0019 60 44 253 119
pottedplant 0.0021 336 131 367 160
