bird 0.0053 154 67 264 144
bird 0.0011 120 72 259 184
cat 0.0019 111 118 191 274
cat 0.0013 177 -35 344 458
dog 0.0473 109 100 193 291
dog 0.0064 177 -35 344 458
dog 0.0063 104 33 238 358
dog 0.0051 205 69 339 343
dog 0.0014 -34 49 145 200
dog 0.0011 120 72 259 184
dog 0.0010 158 67 259 132
horse 0.0058 111 118 191 274
horse 0.0014 120 72 259 184
horse 0.0013 104 33 238 358
sheep 0.9916 -21 51 141 201
sheep 0.9916 204 86 340 333
sheep 0.9300 163 122 246 300
sheep 0.9017 112 115 199 276
sheep 0.8643 118 78 259 187
sheep 0.6213 158 67 259 132
sheep 0.5856 177 -35 344 458
sheep 0.5382 87 81 225 307
sheep 0.0110 135 99 223 169
sheep 0.0103 -10 -10 123 257
sheep 0.0072 143 37 278 395
sheep 0.0056 156 85 254 162
sheep 0.0040 454 -17 513 40
sheep 0.0025 138 1 155 21
sheep 0.0023 209 13 225 33
sheep 0.0021 118 136 388 288
sheep 0.0014 133 111 262 249
cow 0.0754 111 118 191 274
cow 0.0488 104 33 238 358
cow 0.0435 177 -35 344 458
cow 0.0133 163 122 246 300
cow 0.0096 -34 49 145 200
cow 0.0081 204 86 340 333
cow 0.0055 120 72 259 184
cow 0.0019 158 67 259 132
chair 0.0021 200 -53 345 463
