person 0.0011 31 136 391 281
bicycle 0.9958 -58 147 403 284
bicycle 0.9595 2 16 345 424
bicycle 0.0038 127 29 329 327
bicycle 0.0036 178 130 330 317
car 0.0013 1 59 306 410
motorbike 0.0087 -44 147 355 288
motorbike 0.0049 12 6 293 440
dog 0.0038 -8 66 351 404
dog 0.0016 -54 162 398 302
bottle 0.0133 202 204 224 287
bottle 0.0023 175 217 198 248
bottle 0.0021 96 142 184 198
bottle 0.0015 160 182 230 267
bottle 0.0013 204 227 221 278
bottle 0.0011 168 210 205 262
chair 0.0044 188 105 334 252
chair 0.0015 182 25 325 325
pottedplant 0.4162 158 81 349 254
pottedplant 0.4049 182 25 325 325
pottedplant 0.0017 213 149 290 224
