person 0.2329 28 276 37 306
person 0.0140 17 281 32 308
person 0.0093 -1 278 26 310
person 0.0085 428 261 442 281
person 0.0078 35 289 49 307
person 0.0036 0 278 13 310
person 0.0031 419 261 438 281
person 0.0019 48 279 57 297
person 0.0019 45 287 65 309
person 0.0017 351 272 363 292
person 0.0015 492 250 500 287
person 0.0012 20 273 45 315
person 0.0012 397 259 436 284
person 0.0010 494 267 500 285
car 0.0639 397 259 436 284
car 0.0497 45 90 427 313
car 0.0433 388 253 450 290
car 0.0163 -18 270 65 317
car 0.0126 399 261 422 282
car 0.0045 -112 117 546 290
car 0.0043 -1 278 26 310
car 0.0037 0 278 13 310
car 0.0030 45 287 65 309
car 0.0019 491 237 500 280
car 0.0017 419 261 438 281
car 0.0017 35 289 49 307
car 0.0013 371 270 387 279
car 0.0011 484 221 503 298
motorbike 0.0114 45 90 427 313
motorbike 0.0085 -112 117 546 290
aeroplane 0.9986 24 110 414 320
aeroplane 0.0126 -45 195 135 343
aeroplane 0.0081 344 209 552 305
aeroplane 0.0051 -20 110 145 408
aeroplane 0.0024 436 204 521 260
aeroplane 0.0024 467 139 504 334
aeroplane 0.0021 444 141 511 289
aeroplane 0.0016 -7 180 54 333
aeroplane 0.0013 -27 263 92 318
bus 0.0128 383 249 468 290
bus 0.0093 397 259 436 284
bus 0.0010 344 209 552 305
sheep 0.0017 -117 132 558 304
