person 0.9756 406 177 453 341
person 0.9408 383 178 417 344
person 0.5467 270 183 332 246
person 0.3177 36 72 414 333
person 0.2948 285 192 322 237
person 0.1279 127 124 148 149
person 0.1060 234 168 310 244
person 0.0989 290 200 316 226
person 0.0861 392 181 428 326
person 0.0610 247 183 275 242
person 0.0558 252 197 269 228
person 0.0384 400 230 429 290
person 0.0378 432 220 454 281
person 0.0249 361 207 379 242
person 0.0220 125 217 137 244
person 0.0205 268 74 301 123
person 0.0185 213 157 347 268
person 0.0169 72 206 83 257
person 0.0150 272 83 295 116
person 0.0146 336 179 366 248
person 0.0143 114 216 127 243
person 0.0142 387 205 415 282
person 0.0116 107 219 118 241
person 0.0100 130 221 143 241
person 0.0080 201 190 226 254
person 0.0076 277 201 292 225
person 0.0073 394 222 401 243
person 0.0067 391 211 405 240
person 0.0055 103 134 122 158
person 0.0054 269 119 301 174
person 0.0051 206 201 221 245
person 0.0045 413 211 444 312
person 0.0044 355 201 385 248
person 0.0043 141 222 152 241
person 0.0040 0 192 6 233
person 0.0039 402 207 433 259
person 0.0037 388 242 413 319
person 0.0036 407 218 427 248
person 0.0034 341 203 359 240
person 0.0030 254 67 314 132
person 0.0030 228 93 246 126
person 0.0029 119 116 155 157
person 0.0028 140 200 153 226
person 0.0028 271 177 298 233
person 0.0025 17 204 29 222
person 0.0023 285 178 355 252
person 0.0021 436 226 451 262
person 0.0021 343 188 360 220
person 0.0020 163 197 178 230
person 0.0020 305 188 340 242
person 0.0019 492 185 501 318
person 0.0019 133 194 147 210
person 0.0019 496 208 499 295
person 0.0018 245 94 264 121
person 0.0018 133 201 148 225
person 0.0018 216 75 275 139
person 0.0018 373 130 389 168
person 0.0018 422 201 453 268
person 0.0018 225 84 262 129
person 0.0017 282 202 305 227
person 0.0017 232 94 254 124
person 0.0016 430 221 445 246
person 0.0016 371 208 387 241
person 0.0015 260 62 307 204
person 0.0015 4 202 24 223
person 0.0015 92 133 106 160
person 0.0014 97 107 162 168
person 0.0014 322 197 337 233
person 0.0013 237 216 256 244
person 0.0013 140 194 153 213
person 0.0013 105 197 133 251
person 0.0012 314 198 331 233
person 0.0012 404 239 426 277
person 0.0011 396 201 459 266
person 0.0011 327 170 395 257
person 0.0010 252 184 292 242
person 0.0010 138 127 154 147
person 0.0010 90 185 109 259
bicycle 0.0022 388 242 413 319
car 0.0255 -4 211 14 238
car 0.0231 72 206 83 257
car 0.0080 47 191 72 212
car 0.0026 4 202 24 223
car 0.0018 0 192 6 233
car 0.0014 406 175 451 336
car 0.0012 4 197 21 216
car 0.0012 70 185 86 263
car 0.0010 400 224 429 284
bus 0.9969 -21 62 497 307
bus 0.0347 373 63 521 377
bus 0.0049 -3 156 14 249
bus 0.0044 47 191 72 212
bus 0.0042 42 168 77 221
bus 0.0030 346 133 550 283
bus 0.0019 -4 168 28 238
bus 0.0017 0 172 7 213
bus 0.0012 32 162 92 228
bus 0.0010 0 185 5 226
train 0.0417 373 63 521 377
train 0.0060 346 133 550 283
bird 0.0024 67 31 78 47
bird 0.0019 37 10 42 15
bird 0.0011 377 18 380 23
bird 0.0011 247 18 263 36
chair 0.0017 -37 60 494 306
pottedplant 0.0143 -4 211 14 238
pottedplant 0.0018 4 202 24 223
diningtable 0.0114 80 42 481 329
