person 0.2818 202 203 234 247
person 0.2609 188 202 217 247
person 0.0470 180 211 195 244
person 0.0379 171 192 226 256
person 0.0329 210 212 227 243
person 0.0232 192 212 205 242
person 0.0172 371 197 389 222
person 0.0157 381 196 399 221
person 0.0126 388 196 406 220
person 0.0096 351 172 385 234
person 0.0095 195 208 211 246
person 0.0092 177 197 201 249
person 0.0075 188 194 244 259
person 0.0067 134 182 149 206
person 0.0062 88 182 100 207
person 0.0051 92 184 106 205
person 0.0045 139 180 154 208
person 0.0040 399 198 414 219
person 0.0039 361 195 379 224
person 0.0034 245 181 262 207
person 0.0033 353 195 369 228
person 0.0026 210 180 227 207
person 0.0021 338 162 400 244
person 0.0021 306 183 334 242
person 0.0018 102 185 116 205
person 0.0013 311 190 329 229
person 0.0012 275 183 292 204
person 0.0011 351 188 370 214
bus 0.9998 -48 153 546 269
bus 0.9968 23 29 474 394
bus 0.0060 60 120 439 316
bird 0.0011 385 50 397 69
pottedplant 0.0058 139 180 154 208
