person 0.7601 62 288 104 375
person 0.6876 -1 295 32 352
person 0.3557 35 289 80 370
person 0.2957 21 288 57 369
person 0.2171 103 320 119 361
person 0.1699 97 313 123 368
person 0.0812 12 279 84 381
person 0.0426 100 317 115 348
person 0.0376 1 248 12 276
person 0.0331 -14 288 46 374
person 0.0326 47 338 63 356
person 0.0303 7 304 27 341
person 0.0187 106 364 118 381
person 0.0173 106 334 119 365
person 0.0164 135 326 149 352
person 0.0161 39 338 58 357
person 0.0161 78 304 95 326
person 0.0157 39 305 55 338
person 0.0139 -45 196 306 467
person 0.0129 79 288 111 357
person 0.0119 -16 268 106 394
person 0.0108 129 346 141 375
person 0.0103 89 313 104 350
person 0.0103 -2 327 21 354
person 0.0102 30 299 48 343
person 0.0102 27 328 46 356
person 0.0099 84 297 103 331
person 0.0094 18 328 38 356
person 0.0093 -73 46 234 424
person 0.0092 134 345 148 378
person 0.0089 -6 317 30 359
person 0.0069 64 324 81 358
person 0.0069 53 304 74 335
person 0.0063 127 331 159 387
person 0.0055 116 327 126 356
person 0.0054 45 307 65 334
person 0.0054 0 256 11 287
person 0.0054 130 328 142 352
person 0.0053 -104 251 375 404
person 0.0053 117 334 128 366
person 0.0050 98 332 114 365
person 0.0050 100 363 111 380
person 0.0050 0 317 17 347
person 0.0049 30 314 63 364
person 0.0048 16 275 177 394
person 0.0048 75 303 134 378
person 0.0045 87 308 104 335
person 0.0045 60 309 93 367
person 0.0040 43 302 71 326
person 0.0037 47 313 82 364
person 0.0036 203 353 214 362
person 0.0035 58 338 73 356
person 0.0033 -20 224 184 496
person 0.0032 88 339 102 362
person 0.0032 146 340 157 359
person 0.0031 108 347 119 368
person 0.0029 133 337 153 364
person 0.0029 263 288 273 304
person 0.0028 64 266 71 274
person 0.0027 119 349 127 368
person 0.0027 -4 236 17 295
person 0.0026 198 354 206 362
person 0.0025 4 306 18 337
person 0.0025 39 294 76 336
person 0.0025 96 312 111 336
person 0.0024 145 349 156 374
person 0.0024 68 337 82 358
person 0.0022 192 295 209 304
person 0.0021 56 283 129 361
person 0.0021 11 318 44 361
person 0.0021 66 317 83 347
person 0.0021 76 324 95 359
person 0.0020 166 293 177 306
person 0.0020 128 337 141 366
person 0.0019 77 336 92 361
person 0.0019 202 343 216 362
person 0.0019 176 295 186 305
person 0.0018 110 267 124 282
person 0.0018 16 315 31 346
person 0.0017 7 303 23 326
person 0.0017 201 294 218 304
person 0.0017 -2 324 6 354
person 0.0016 45 315 66 348
person 0.0016 147 312 157 333
person 0.0016 212 295 223 305
person 0.0016 181 295 201 304
person 0.0014 129 322 144 345
person 0.0013 0 311 75 369
person 0.0013 89 371 98 387
person 0.0012 98 346 112 370
person 0.0012 93 481 267 507
person 0.0011 120 318 149 383
person 0.0011 148 314 159 346
person 0.0011 307 344 337 359
person 0.0010 158 340 165 358
person 0.0010 55 317 75 349
person 0.0010 146 334 157 351
car 0.0056 201 294 218 304
car 0.0049 238 287 262 305
car 0.0047 307 344 337 359
car 0.0031 192 295 209 304
car 0.0025 154 288 245 313
car 0.0022 262 343 287 358
car 0.0015 181 295 201 304
boat 0.9844 -78 12 240 404
boat 0.1918 303 344 334 360
boat 0.1203 262 343 287 358
boat 0.1097 209 343 232 362
boat 0.0538 -20 224 184 496
boat 0.0247 212 351 229 361
boat 0.0210 295 345 318 359
boat 0.0156 282 332 349 368
boat 0.0143 203 353 214 362
boat 0.0129 202 343 216 362
boat 0.0127 250 343 269 359
boat 0.0104 218 344 236 362
boat 0.0071 -53 304 217 445
boat 0.0058 234 334 301 367
boat 0.0055 220 353 233 362
boat 0.0045 198 354 206 362
boat 0.0042 196 340 208 364
boat 0.0041 202 329 238 370
boat 0.0040 183 328 255 373
boat 0.0040 267 304 346 379
boat 0.0035 306 352 326 360
boat 0.0027 242 345 256 359
boat 0.0025 296 313 336 370
boat 0.0024 212 332 227 355
boat 0.0021 64 266 71 274
boat 0.0017 247 282 365 399
boat 0.0015 279 344 292 358
boat 0.0014 230 343 245 360
boat 0.0014 289 344 308 358
boat 0.0013 48 274 63 289
boat 0.0012 251 310 288 371
boat 0.0011 235 355 244 363
boat 0.0011 312 351 334 361
boat 0.0010 131 315 372 390
boat 0.0010 313 336 334 352
boat 0.0010 259 352 276 361
bird 0.0031 64 266 71 274
bird 0.0010 52 0 65 9
