person 0.0025 -11 -13 66 370
person 0.0015 448 326 516 398
person 0.0014 -3 -22 20 340
person 0.0010 -4 -83 33 402
bicycle 0.0108 171 -53 372 126
bicycle 0.0010 213 8 252 67
bottle 0.0014 446 146 468 185
bottle 0.0011 220 132 232 151
chair 0.9995 273 138 410 410
chair 0.9986 91 131 245 413
chair 0.9959 380 122 525 373
chair 0.9928 -17 98 110 382
chair 0.9909 81 8 252 536
chair 0.9678 250 14 426 533
chair 0.7079 136 120 239 236
chair 0.3245 242 109 366 247
chair 0.2447 20 190 322 348
chair 0.1754 174 192 489 345
chair 0.1556 192 108 322 254
chair 0.0995 301 178 404 208
chair 0.0989 333 160 498 270
chair 0.0702 253 168 350 220
chair 0.0389 296 169 423 229
chair 0.0219 150 173 448 256
chair 0.0165 -3 92 21 454
chair 0.0164 150 146 189 203
chair 0.0144 266 118 336 239
chair 0.0110 264 161 445 245
chair 0.0109 222 121 290 243
chair 0.0105 464 132 505 268
chair 0.0105 448 326 516 398
chair 0.0093 103 179 194 206
chair 0.0089 60 104 444 353
chair 0.0081 350 183 451 219
chair 0.0069 353 180 485 241
chair 0.0062 410 120 527 282
chair 0.0053 140 137 200 213
chair 0.0045 318 142 560 318
chair 0.0045 478 92 505 380
chair 0.0037 268 155 295 209
chair 0.0034 -5 105 30 288
chair 0.0033 247 131 349 346
chair 0.0033 238 127 489 319
chair 0.0032 459 255 508 411
chair 0.0030 158 174 230 214
chair 0.0026 307 185 331 203
chair 0.0025 206 154 246 208
chair 0.0025 -62 161 306 268
chair 0.0023 194 146 258 217
chair 0.0023 -30 116 89 282
chair 0.0022 171 134 226 255
chair 0.0021 190 155 224 209
chair 0.0020 -10 131 60 267
chair 0.0019 159 59 348 460
chair 0.0019 347 154 406 316
chair 0.0018 187 123 297 350
chair 0.0018 -6 65 39 409
chair 0.0017 100 146 270 245
chair 0.0016 2 167 167 268
chair 0.0016 332 185 388 197
chair 0.0015 120 106 399 213
chair 0.0014 13 184 149 236
chair 0.0013 324 153 384 280
chair 0.0013 441 99 497 261
chair 0.0012 433 114 513 466
chair 0.0012 -9 162 68 421
chair 0.0012 413 162 446 218
chair 0.0012 490 114 501 289
chair 0.0011 92 171 207 228
chair 0.0011 -1 135 5 460
chair 0.0011 131 115 230 358
chair 0.0010 6 108 206 346
chair 0.0010 265 150 327 323
chair 0.0010 275 159 290 205
sofa 0.0298 -18 22 120 456
sofa 0.0041 372 22 513 456
sofa 0.0040 -12 99 79 403
sofa 0.0020 455 295 509 403
sofa 0.0018 -3 144 22 441
sofa 0.0015 92 121 240 400
sofa 0.0014 263 34 436 536
pottedplant 0.1901 450 124 488 179
pottedplant 0.1376 289 71 360 180
pottedplant 0.1205 192 108 322 254
pottedplant 0.0416 224 130 290 254
pottedplant 0.0170 438 114 497 188
pottedplant 0.0125 459 129 484 164
pottedplant 0.0083 300 90 347 165
pottedplant 0.0056 139 126 236 230
pottedplant 0.0026 441 99 497 261
pottedplant 0.0017 413 162 446 218
pottedplant 0.0015 140 67 369 304
pottedplant 0.0011 -17 85 105 357
pottedplant 0.0011 307 112 341 159
diningtable 0.6652 174 192 489 345
diningtable 0.5814 20 190 322 348
diningtable 0.1837 32 45 260 489
diningtable 0.1296 259 27 441 518
diningtable 0.0656 159 59 348 460
diningtable 0.0580 333 160 498 270
diningtable 0.0511 2 123 270 317
diningtable 0.0361 -62 161 306 268
diningtable 0.0329 211 172 500 256
diningtable 0.0227 60 104 444 353
diningtable 0.0160 238 127 489 319
diningtable 0.0128 353 180 485 241
diningtable 0.0091 455 295 509 403
diningtable 0.0083 2 167 167 268
diningtable 0.0070 129 164 390 262
diningtable 0.0043 374 40 515 462
diningtable 0.0024 29 164 476 299
diningtable 0.0017 -20 24 124 479
diningtable 0.0016 287 171 415 227
diningtable 0.0013 374 144 500 359
diningtable 0.0011 92 121 240 400
diningtable 0.0011 -3 92 21 454
diningtable 0.0011 285 213 453 246
diningtable 0.0011 289 135 408 383
diningtable 0.0010 13 184 149 236
