person 0.1782 99 48 379 224
person 0.1479 -8 97 50 218
person 0.0894 201 -156 358 288
person 0.0387 139 -128 335 402
person 0.0290 -4 30 29 252
person 0.0270 -8 44 58 349
person 0.0254 331 -60 422 219
person 0.0128 274 -166 444 306
person 0.0102 -5 121 54 278
person 0.0081 219 -54 368 184
person 0.0068 -7 -64 54 229
person 0.0064 336 -141 480 298
person 0.0062 -4 -58 24 186
person 0.0055 -2 16 8 175
person 0.0044 150 180 256 413
person 0.0041 -2 79 9 208
person 0.0039 -4 103 32 331
person 0.0037 -25 80 75 235
person 0.0030 149 5 501 146
person 0.0029 181 -37 342 90
person 0.0027 2 117 45 190
person 0.0022 -7 126 34 201
person 0.0018 434 142 508 401
person 0.0011 -2 112 11 252
person 0.0011 0 98 3 170
bottle 0.9944 387 -49 465 223
bottle 0.2571 192 126 439 332
bottle 0.1041 226 -18 402 489
bottle 0.0327 162 179 232 245
bottle 0.0302 -40 16 237 274
bottle 0.0268 463 6 505 154
bottle 0.0248 381 -44 416 209
bottle 0.0091 258 109 372 247
bottle 0.0070 134 159 228 364
bottle 0.0065 443 -32 508 272
bottle 0.0063 133 104 295 500
bottle 0.0059 433 -10 470 212
bottle 0.0038 488 10 502 124
bottle 0.0026 -3 125 56 310
bottle 0.0025 449 24 500 210
bottle 0.0024 242 86 389 387
bottle 0.0021 360 -50 431 213
bottle 0.0019 187 104 330 296
bottle 0.0019 456 69 507 254
bottle 0.0018 78 162 510 349
bottle 0.0018 174 187 216 235
bottle 0.0014 394 7 416 87
bottle 0.0013 443 62 468 168
bottle 0.0012 492 96 501 249
bottle 0.0011 19 197 54 271
bottle 0.0010 158 160 281 400
chair 0.0114 455 0 503 161
chair 0.0030 -6 87 39 231
chair 0.0025 150 180 256 413
chair 0.0021 -3 125 56 310
chair 0.0017 428 -17 476 187
chair 0.0014 -2 109 12 217
chair 0.0011 361 -124 503 278
chair 0.0010 -3 -21 22 263
diningtable 0.7203 39 234 478 376
diningtable 0.1319 -58 205 571 457
diningtable 0.0605 40 88 466 370
diningtable 0.0190 133 104 295 500
diningtable 0.0046 -50 184 550 345
diningtable 0.0042 177 154 459 353
diningtable 0.0018 252 123 565 328
diningtable 0.0016 256 182 535 476
diningtable 0.0014 150 180 256 413
diningtable 0.0013 -36 132 232 497
diningtable 0.0010 -3 125 56 310
