person 0.0011 128 0 472 248
boat 0.0013 107 179 439 374
bird 0.0012 52 181 394 375
cat 0.0015 114 167 388 366
dog 0.9947 117 177 385 371
dog 0.1797 160 36 342 526
dog 0.0030 70 223 428 413
chair 0.0312 95 -24 259 373
chair 0.0159 52 181 394 375
chair 0.0012 45 55 305 268
pottedplant 0.9920 170 2 471 247
pottedplant 0.8930 49 16 302 232
pottedplant 0.5973 95 -24 259 373
pottedplant 0.0395 79 -127 273 254
pottedplant 0.0171 232 -69 412 417
pottedplant 0.0099 212 26 306 215
pottedplant 0.0087 133 -134 360 258
pottedplant 0.0085 120 85 248 275
pottedplant 0.0057 10 -1 341 139
pottedplant 0.0049 96 -22 198 153
pottedplant 0.0035 -22 17 213 241
pottedplant 0.0022 56 47 278 164
pottedplant 0.0012 66 167 153 395
pottedplant 0.0011 211 -76 338 249
