person 0.9905 -5 217 31 369
person 0.0381 175 285 181 301
person 0.0364 166 287 172 302
person 0.0243 146 285 152 316
person 0.0211 150 269 170 354
person 0.0205 184 285 190 303
person 0.0125 156 287 162 303
person 0.0114 -3 238 19 348
person 0.0105 137 287 143 314
person 0.0087 -5 243 31 306
person 0.0069 166 278 171 326
person 0.0049 192 285 199 315
person 0.0049 152 282 164 323
person 0.0030 155 274 178 336
person 0.0027 184 285 193 317
person 0.0024 201 277 209 312
person 0.0023 213 290 220 310
person 0.0013 0 252 13 274
person 0.0010 174 284 181 320
person 0.0010 13 241 34 344
car 0.0462 129 269 213 341
car 0.0015 152 282 164 323
car 0.0013 147 277 170 332
boat 0.0013 129 269 213 341
chair 0.0172 129 267 210 437
diningtable 0.0034 128 271 212 438
