person 0.9505 3 24 39 110
person 0.4533 101 39 114 74
person 0.0970 67 45 82 75
person 0.0304 72 53 85 76
person 0.0210 96 34 121 85
person 0.0166 221 110 246 134
person 0.0134 207 96 279 152
person 0.0126 -3 15 13 116
person 0.0116 0 52 7 101
person 0.0115 102 50 117 78
person 0.0093 -17 13 51 122
person 0.0058 229 111 260 134
person 0.0050 54 56 71 74
person 0.0046 247 54 277 120
person 0.0044 59 35 88 81
person 0.0040 85 38 95 75
person 0.0039 0 33 3 103
person 0.0029 216 103 254 142
person 0.0029 13 39 32 78
person 0.0025 23 30 429 322
person 0.0025 0 28 10 62
person 0.0024 224 100 265 167
person 0.0023 227 91 300 177
person 0.0022 111 45 122 72
person 0.0021 98 37 109 66
person 0.0019 242 112 265 135
person 0.0015 93 55 113 76
person 0.0015 157 77 322 196
person 0.0015 -16 71 81 154
person 0.0014 112 54 123 77
person 0.0012 -1 29 7 52
person 0.0011 26 86 65 141
bicycle 0.0043 468 198 503 344
bicycle 0.0031 488 204 503 333
car 0.9659 -19 -37 205 321
car 0.6385 -74 52 337 229
car 0.4541 23 30 429 322
car 0.0515 -7 53 39 182
car 0.0475 -12 55 72 225
car 0.0226 -41 50 139 181
car 0.0218 -21 61 65 153
car 0.0079 -9 79 34 146
car 0.0063 -14 68 48 123
car 0.0046 401 46 535 187
car 0.0041 0 52 7 101
car 0.0028 -49 89 255 278
car 0.0023 121 61 155 76
car 0.0021 -3 57 13 154
car 0.0015 472 150 503 362
car 0.0015 247 54 277 120
car 0.0014 166 80 264 151
car 0.0012 0 73 6 119
car 0.0012 -2 37 13 116
motorbike 0.0151 468 198 503 344
motorbike 0.0119 27 20 420 298
motorbike 0.0089 -74 52 337 229
motorbike 0.0083 -17 -41 269 322
motorbike 0.0029 488 204 503 333
motorbike 0.0026 478 85 503 387
aeroplane 0.0010 27 20 420 298
bus 0.0262 27 20 420 298
bus 0.0077 -12 -104 151 231
bus 0.0075 -75 35 334 199
bus 0.0016 -17 -41 269 322
train 0.0012 -5 6 39 123
boat 0.0017 -75 35 334 199
boat 0.0014 9 -84 154 178
