person 0.5119 -31 146 218 429
person 0.4632 18 -9 422 329
person 0.0608 170 79 349 462
person 0.0395 -74 174 491 326
person 0.0266 -55 4 256 324
person 0.0168 -48 85 391 459
person 0.0045 -89 196 280 338
person 0.0034 28 41 259 451
person 0.0016 -86 21 513 222
car 0.0011 48 -1 445 281
motorbike 0.0012 37 57 452 334
cat 0.6110 39 17 514 239
cat 0.1434 131 -10 430 336
cat 0.0044 -85 179 432 323
cat 0.0027 46 45 287 453
cat 0.0024 -36 99 535 306
dog 0.1256 0 36 515 282
dog 0.0875 131 -10 430 336
chair 0.1467 48 -1 445 281
chair 0.0069 -38 6 239 196
chair 0.0027 -89 9 510 189
sofa 0.4394 49 -2 442 327
sofa 0.0267 -86 21 513 222
sofa 0.0038 -55 4 256 324
