person 0.9988 190 68 497 364
person 0.9983 67 98 370 357
person 0.9946 -41 114 160 359
person 0.9885 58 146 89 253
person 0.8215 77 138 118 262
person 0.1878 -19 26 109 448
person 0.1711 69 157 96 246
person 0.1630 101 164 163 306
person 0.0771 78 153 108 234
person 0.0726 83 146 168 357
person 0.0184 42 194 62 225
person 0.0183 97 151 120 234
person 0.0179 112 151 131 255
person 0.0105 -2 42 16 468
person 0.0092 77 195 89 225
person 0.0070 479 183 504 438
person 0.0067 77 181 90 205
person 0.0063 83 167 103 200
person 0.0061 57 232 179 344
person 0.0060 27 124 145 274
person 0.0055 75 206 90 231
person 0.0053 83 157 114 210
person 0.0052 86 174 114 244
person 0.0051 93 169 107 200
person 0.0050 94 165 105 182
person 0.0050 -4 148 24 436
person 0.0049 -1 136 9 266
person 0.0046 77 188 92 215
person 0.0046 74 170 88 197
person 0.0038 415 184 513 361
person 0.0036 65 160 80 183
person 0.0032 54 42 220 411
person 0.0032 37 189 71 233
person 0.0030 105 187 115 214
person 0.0030 0 158 4 226
person 0.0023 98 159 120 184
person 0.0023 13 148 256 367
person 0.0019 386 114 521 431
person 0.0017 87 163 101 184
person 0.0016 81 177 97 208
person 0.0015 52 199 68 220
person 0.0015 -64 70 251 316
person 0.0014 -4 -17 30 489
person 0.0014 116 -17 306 312
person 0.0014 64 210 81 230
person 0.0013 491 220 502 432
person 0.0012 95 202 109 234
person 0.0011 102 174 116 212
person 0.0010 487 233 502 361
car 0.0030 194 145 517 361
motorbike 0.0011 194 145 517 361
bus 0.7630 117 -57 486 359
bus 0.0012 1 56 585 244
train 0.2245 152 -15 473 379
train 0.0020 121 -58 497 226
boat 0.0398 141 -31 456 386
boat 0.0109 194 59 509 338
cat 0.0310 415 184 513 361
cat 0.0033 477 172 504 416
cat 0.0024 386 114 521 431
dog 0.0487 415 184 513 361
dog 0.0085 386 114 521 431
dog 0.0025 477 172 504 416
horse 0.0027 386 114 521 431
horse 0.0023 141 -31 456 386
horse 0.0021 415 184 513 361
horse 0.0011 194 145 517 361
cow 0.0089 386 114 521 431
cow 0.0088 415 184 513 361
cow 0.0010 477 172 504 416
chair 0.0038 479 183 504 438
chair 0.0019 490 220 502 413
chair 0.0018 391 168 521 416
sofa 0.0020 415 184 513 361
sofa 0.0015 386 114 521 431
