person 0.0098 302 27 377 120
person 0.0089 -3 14 199 249
person 0.0039 66 -44 171 284
person 0.0030 -52 208 141 334
person 0.0028 0 148 8 193
person 0.0016 -5 145 20 215
person 0.0015 290 10 392 149
person 0.0014 0 172 12 206
car 0.0812 176 174 278 216
car 0.0077 -5 145 20 215
car 0.0062 197 179 229 200
car 0.0019 0 160 10 207
car 0.0014 154 109 328 238
car 0.0013 -1 147 13 179
car 0.0013 218 185 251 202
car 0.0013 -1 143 14 166
bus 0.0011 -11 6 76 268
boat 0.0015 -11 -59 74 262
bottle 0.0011 250 137 332 238
chair 0.0779 454 254 513 317
chair 0.0185 471 264 503 296
chair 0.0076 357 229 546 324
chair 0.0044 478 253 506 306
chair 0.0025 486 268 501 303
chair 0.0024 -52 208 141 334
chair 0.0021 -5 145 20 215
chair 0.0019 250 137 332 238
chair 0.0019 -11 131 79 243
chair 0.0018 388 254 488 301
chair 0.0016 121 193 369 325
chair 0.0014 471 173 506 338
chair 0.0010 -1 147 13 179
chair 0.0010 -30 172 100 287
sofa 0.0019 -30 172 100 287
sofa 0.0015 -52 208 141 334
pottedplant 0.9817 249 35 343 251
pottedplant 0.9453 294 11 385 261
pottedplant 0.8925 -4 10 197 232
pottedplant 0.7274 39 -47 168 289
pottedplant 0.2416 30 110 142 285
pottedplant 0.0756 -16 118 84 249
pottedplant 0.0351 304 113 376 240
pottedplant 0.0231 251 -84 403 365
pottedplant 0.0208 259 120 327 235
pottedplant 0.0088 -18 9 104 267
pottedplant 0.0085 -19 -107 147 315
pottedplant 0.0073 0 172 12 206
pottedplant 0.0055 309 29 374 132
pottedplant 0.0030 -4 160 20 219
pottedplant 0.0023 289 79 342 235
pottedplant 0.0022 188 48 470 231
pottedplant 0.0020 171 -36 338 322
pottedplant 0.0017 68 -25 176 146
pottedplant 0.0012 156 102 356 247
pottedplant 0.0012 323 14 378 184
pottedplant 0.0011 216 38 373 166
pottedplant 0.0011 297 17 530 272
pottedplant 0.0010 72 -35 287 259
diningtable 0.6810 81 158 425 367
diningtable 0.0066 -38 144 239 375
diningtable 0.0034 200 193 346 338
diningtable 0.0013 32 192 469 312
diningtable 0.0012 190 186 549 355
diningtable 0.0012 -52 191 140 330
diningtable 0.0010 202 235 555 316
diningtable 0.0010 -41 232 601 336
