person 0.9973 268 84 371 348
person 0.9955 127 34 343 305
person 0.0096 323 48 342 78
person 0.0087 314 109 359 315
person 0.0051 495 68 500 119
person 0.0041 487 36 502 131
person 0.0035 496 45 499 124
person 0.0029 338 74 406 148
person 0.0022 412 72 457 129
person 0.0018 167 -77 272 398
person 0.0016 459 35 491 119
person 0.0016 -3 88 17 419
person 0.0016 491 15 500 191
person 0.0015 0 307 5 343
person 0.0012 -2 238 9 373
person 0.0010 -1 -75 11 505
car 0.0018 483 48 502 65
car 0.0014 407 58 463 143
car 0.0010 279 112 382 193
bus 0.0013 279 112 382 193
bottle 0.0093 339 319 357 339
bottle 0.0022 236 103 249 119
bottle 0.0020 323 48 342 78
bottle 0.0017 274 139 353 219
chair 0.0010 279 112 382 193
chair 0.0010 443 26 501 141
pottedplant 0.0859 270 94 359 165
pottedplant 0.0646 338 74 406 148
pottedplant 0.0267 257 79 376 196
pottedplant 0.0246 221 -4 307 205
pottedplant 0.0187 284 -14 357 32
pottedplant 0.0145 452 95 514 172
pottedplant 0.0073 -29 53 153 233
pottedplant 0.0072 116 38 364 238
pottedplant 0.0031 217 -38 386 75
pottedplant 0.0029 157 63 195 108
pottedplant 0.0026 251 -12 334 29
pottedplant 0.0025 201 -58 375 249
pottedplant 0.0025 -16 -110 78 308
pottedplant 0.0023 348 85 390 137
pottedplant 0.0023 139 62 187 212
pottedplant 0.0023 70 58 215 220
pottedplant 0.0023 245 82 318 163
pottedplant 0.0020 214 106 278 202
pottedplant 0.0018 253 -29 332 62
pottedplant 0.0014 286 33 348 160
pottedplant 0.0013 295 -35 349 117
pottedplant 0.0012 147 96 183 171
pottedplant 0.0011 89 77 154 197
pottedplant 0.0010 354 92 385 111
diningtable 0.0014 314 102 541 183
