bird 0.0011 117 114 449 248
dog 0.0014 162 -35 398 393
dog 0.0012 117 114 449 248
dog 0.0011 429 66 511 275
horse 0.0401 427 65 510 261
horse 0.0382 332 -7 465 321
horse 0.0339 117 114 449 248
horse 0.0153 162 -35 398 393
horse 0.0058 332 75 454 228
sheep 0.9807 306 42 480 259
sheep 0.9748 429 66 511 275
sheep 0.9744 332 75 454 228
sheep 0.9657 -21 -7 243 417
sheep 0.9547 169 -36 396 413
sheep 0.9459 -62 135 287 275
sheep 0.8801 125 120 440 256
sheep 0.0054 494 105 499 156
sheep 0.0043 134 80 233 314
sheep 0.0026 489 74 501 190
sheep 0.0024 356 -4 513 328
sheep 0.0018 477 39 506 273
sheep 0.0017 495 97 500 148
sheep 0.0011 497 84 499 195
sheep 0.0011 493 77 501 301
cow 0.3462 -8 -4 252 413
cow 0.2798 -59 132 296 274
cow 0.0266 169 -36 396 413
cow 0.0230 125 120 440 256
cow 0.0155 332 -7 465 321
cow 0.0043 427 65 510 261
