person 0.0704 -25 108 93 252
person 0.0198 -6 124 62 260
person 0.0057 0 126 82 212
person 0.0012 124 -25 341 359
car 0.0021 338 258 445 300
bottle 0.0157 325 202 410 280
bottle 0.0034 11 89 22 113
bottle 0.0024 441 151 468 243
bottle 0.0020 37 164 72 215
bottle 0.0012 38 97 52 135
bottle 0.0011 45 97 60 135
chair 0.0039 42 164 165 274
chair 0.0010 124 -25 341 359
pottedplant 0.0960 -6 122 35 307
pottedplant 0.0503 261 64 552 254
pottedplant 0.0500 -29 109 93 273
pottedplant 0.0390 303 -58 511 320
pottedplant 0.0155 -6 124 62 260
pottedplant 0.0068 288 28 498 128
pottedplant 0.0055 -4 157 31 245
pottedplant 0.0044 89 50 166 293
pottedplant 0.0022 103 112 156 281
pottedplant 0.0021 -3 146 15 253
pottedplant 0.0018 429 28 508 290
pottedplant 0.0014 308 51 449 113
diningtable 0.0406 -99 166 599 387
diningtable 0.0124 21 185 373 363
diningtable 0.0034 28 59 463 349
tvmonitor 0.9855 121 -30 326 367
tvmonitor 0.4774 50 94 390 239
tvmonitor 0.0407 261 64 552 254
tvmonitor 0.0270 311 -77 483 399
tvmonitor 0.0015 396 89 514 342
tvmonitor 0.0014 481 10 504 307
