person 0.0120 366 225 521 488
person 0.0106 356 148 537 394
person 0.0067 444 302 512 426
person 0.0041 354 298 544 438
person 0.0022 432 233 511 448
person 0.0021 432 -19 509 513
person 0.0020 145 80 481 408
person 0.0010 485 -39 501 494
person 0.0010 469 -58 503 511
car 0.0088 34 -17 465 247
boat 0.0010 34 -17 465 247
dog 0.9643 58 122 516 368
dog 0.0048 278 61 539 334
dog 0.0017 10 223 476 385
bottle 0.0014 359 314 507 433
chair 0.0039 30 -25 466 195
chair 0.0031 69 64 447 417
chair 0.0014 354 298 544 438
sofa 0.0204 69 64 447 417
sofa 0.0030 34 -17 465 247
diningtable 0.0912 30 -25 466 195
tvmonitor 0.0014 34 -17 465 247
