person 0.0072 -15 29 83 282
person 0.0058 83 31 473 393
person 0.0019 -9 -19 66 450
person 0.0016 24 -27 323 389
bicycle 0.0014 61 -16 457 338
car 0.0037 61 -16 457 338
motorbike 0.0014 61 -16 457 338
train 0.0020 61 -16 457 338
cat 0.9940 83 -18 479 393
cat 0.0113 3 -24 259 388
cat 0.0021 -15 29 83 282
cat 0.0016 -71 11 283 205
cat 0.0013 -10 49 425 322
cat 0.0011 39 -119 240 250
dog 0.0091 138 -11 487 391
dog 0.0032 -15 29 83 282
dog 0.0019 -9 -19 66 450
dog 0.0011 24 -27 323 389
bottle 0.0018 -19 28 101 253
chair 0.0537 61 -16 457 338
sofa 0.3599 69 32 453 397
sofa 0.0014 3 -24 259 388
sofa 0.0012 222 -11 494 393
pottedplant 0.0029 61 -16 457 338
diningtable 0.0149 61 -16 457 338
