person 0.1994 184 377 367 553
person 0.0530 133 -37 188 135
person 0.0429 140 -29 252 128
person 0.0286 95 -46 175 171
person 0.0282 90 -117 252 221
person 0.0101 93 -29 143 91
person 0.0065 197 -41 260 131
person 0.0042 124 -111 356 212
person 0.0031 66 -40 208 100
person 0.0029 194 -46 382 106
person 0.0028 16 1 389 189
person 0.0027 272 -20 359 43
person 0.0024 153 -21 395 49
person 0.0022 16 130 70 276
person 0.0021 206 -23 292 49
person 0.0021 142 -30 205 97
person 0.0021 174 446 372 525
person 0.0018 231 -8 361 23
person 0.0012 225 -31 290 123
person 0.0012 92 -11 331 508
person 0.0011 163 -63 304 152
person 0.0010 306 -9 344 35
person 0.0010 31 85 395 416
bicycle 0.0183 35 157 401 487
bicycle 0.0010 92 -11 331 508
car 0.0259 30 140 403 448
car 0.0122 92 -11 331 508
motorbike 0.1538 98 86 330 500
motorbike 0.0104 13 62 115 302
motorbike 0.0033 5 54 256 283
motorbike 0.0027 0 -41 177 397
motorbike 0.0023 26 125 86 281
motorbike 0.0017 90 -117 252 221
motorbike 0.0015 42 85 233 407
bus 0.0088 99 112 328 525
train 0.1091 30 140 403 448
train 0.0216 114 66 342 515
boat 0.0465 98 86 330 500
boat 0.0076 -3 170 23 200
boat 0.0016 90 -117 252 221
boat 0.0011 -7 150 30 208
bottle 0.0041 57 85 252 236
bottle 0.0013 214 81 373 247
diningtable 0.0019 114 66 342 515
