person 0.0124 -51 89 383 255
person 0.0063 112 -22 291 348
person 0.0052 40 2 457 272
person 0.0028 54 -87 297 179
person 0.0018 215 -98 529 183
person 0.0015 78 79 577 252
cat 0.0851 33 35 462 286
cat 0.0013 -51 89 383 255
cat 0.0010 210 -34 395 116
dog 0.0296 33 35 462 286
dog 0.0019 210 -34 395 116
horse 0.0100 33 35 462 286
sheep 0.0061 33 35 462 286
sheep 0.0032 210 -34 395 116
cow 0.0276 40 2 457 272
chair 0.0028 40 2 457 272
chair 0.0017 270 -102 528 186
sofa 0.0250 33 35 462 286
pottedplant 0.0023 33 35 462 286
diningtable 0.0011 40 2 457 272
