person 0.0433 17 44 434 326
person 0.0032 367 -54 540 138
person 0.0031 256 -17 394 42
person 0.0020 -69 73 563 238
car 0.0013 8 64 441 373
cat 0.1574 17 44 434 326
cat 0.1550 -69 73 563 238
dog 0.9009 54 46 444 334
dog 0.7358 -57 90 556 277
dog 0.0020 182 167 542 344
chair 0.2590 367 -54 540 138
chair 0.0175 362 -137 519 358
chair 0.0159 352 5 538 207
chair 0.0148 17 44 434 326
chair 0.0016 377 -19 536 43
sofa 0.1649 17 44 434 326
sofa 0.0061 -93 158 427 365
sofa 0.0050 367 -54 540 138
sofa 0.0012 -89 90 527 262
diningtable 0.0158 367 -54 540 138
diningtable 0.0046 17 44 434 326
diningtable 0.0015 384 -33 517 271
