person 0.9945 404 80 475 290
person 0.9289 431 9 514 454
person 0.0416 470 98 508 173
person 0.0128 464 -28 507 428
person 0.0095 -25 65 93 214
person 0.0089 365 103 533 346
person 0.0082 -1 81 56 198
person 0.0062 480 16 502 378
person 0.0057 485 92 502 212
person 0.0047 492 123 499 163
person 0.0038 491 171 500 196
person 0.0035 469 81 504 229
person 0.0026 491 118 501 304
person 0.0025 439 91 509 222
person 0.0024 496 136 499 187
person 0.0020 432 118 443 135
person 0.0020 494 121 499 147
person 0.0018 443 125 452 139
person 0.0018 -10 53 73 306
person 0.0018 494 127 498 180
person 0.0012 433 148 518 218
person 0.0012 44 -8 430 429
person 0.0011 244 151 277 350
person 0.0011 426 127 434 142
person 0.0011 489 109 500 141
person 0.0010 493 173 500 208
person 0.0010 180 119 224 238
train 0.9995 21 -26 418 393
train 0.0025 365 103 533 346
train 0.0022 441 80 510 205
train 0.0011 412 65 529 219
bottle 0.0033 448 166 465 178
bottle 0.0010 491 171 500 196
bottle 0.0010 439 152 515 229
