person 0.1370 -6 239 177 379
person 0.0848 -21 140 153 436
person 0.0372 -6 199 33 377
person 0.0046 -9 194 102 380
person 0.0033 145 36 335 159
person 0.0030 146 -45 340 296
person 0.0026 479 105 506 180
person 0.0025 174 248 224 363
person 0.0020 445 195 480 261
person 0.0020 -2 239 54 371
person 0.0019 214 58 313 113
person 0.0019 177 280 212 349
person 0.0017 -2 244 13 368
person 0.0015 480 17 504 340
person 0.0011 0 306 12 342
person 0.0010 90 102 124 200
bus 0.0043 74 -52 451 328
bus 0.0011 480 17 504 340
train 0.9985 98 -7 466 347
train 0.0427 26 33 543 247
bottle 0.0157 62 170 85 252
bottle 0.0114 46 170 75 252
bottle 0.0010 46 139 91 263
chair 0.0104 30 204 95 315
chair 0.0065 7 188 119 330
chair 0.0046 -21 140 153 436
chair 0.0031 -42 236 181 380
chair 0.0016 -6 199 33 377
