person 0.9873 -10 190 61 421
person 0.0803 -4 219 15 299
person 0.0325 -2 204 12 353
person 0.0249 -1 231 8 287
person 0.0122 29 192 101 421
person 0.0086 -2 185 32 431
person 0.0082 464 -147 504 423
person 0.0074 470 -60 503 186
person 0.0058 63 128 465 398
person 0.0044 -1 198 6 414
person 0.0031 4 194 61 313
person 0.0029 26 217 56 301
person 0.0025 0 244 5 312
person 0.0019 29 227 69 398
person 0.0015 46 188 90 358
person 0.0014 63 205 104 419
person 0.0014 439 -163 512 517
person 0.0013 0 239 3 336
person 0.0012 -5 177 24 338
bicycle 0.0051 106 105 488 366
car 0.0010 106 105 488 366
motorbike 0.0042 106 105 488 366
motorbike 0.0021 214 189 518 473
bird 0.0021 101 175 491 406
cat 0.0596 126 111 502 362
cat 0.0165 307 193 504 473
cat 0.0050 -21 154 611 319
dog 0.5036 124 136 497 384
dog 0.0223 214 189 518 473
dog 0.0180 13 153 623 320
dog 0.0020 34 219 607 375
horse 0.0354 214 189 518 473
horse 0.0138 124 136 497 384
sheep 0.8621 -6 163 598 358
sheep 0.0056 214 189 518 473
sheep 0.0019 192 217 398 456
cow 0.0773 101 175 491 406
cow 0.0026 307 193 504 473
cow 0.0012 -31 218 621 370
chair 0.0107 106 105 488 366
chair 0.0024 185 271 405 421
sofa 0.0049 101 175 491 406
