person 0.0414 51 128 459 277
person 0.0112 132 -6 372 395
person 0.0012 195 131 220 155
person 0.0011 146 100 332 192
car 0.0057 139 93 343 218
car 0.0049 162 113 291 171
cat 0.0036 55 125 513 279
dog 0.0117 51 128 459 277
dog 0.0044 132 -6 372 395
dog 0.0044 139 93 343 218
dog 0.0044 22 21 240 249
horse 0.9960 15 11 243 215
horse 0.6213 44 -158 214 386
horse 0.0073 50 -34 197 273
horse 0.0041 51 128 459 277
sheep 0.0104 55 125 513 279
sheep 0.0021 132 -6 372 395
sheep 0.0010 168 35 407 274
cow 0.0013 22 21 240 249
