person 0.2369 71 -19 484 382
person 0.0498 313 2 549 372
person 0.0034 257 12 562 208
person 0.0021 -31 -84 210 162
person 0.0010 -2 -20 291 387
bicycle 0.0010 6 -5 352 332
car 0.0010 43 48 460 397
motorbike 0.0031 43 48 460 397
cat 0.9896 18 -20 345 382
cat 0.0056 -76 33 431 272
chair 0.0406 49 -17 448 385
chair 0.0059 313 2 549 372
chair 0.0026 -4 -67 34 464
chair 0.0020 -9 -19 55 298
sofa 0.1458 43 48 460 397
sofa 0.0161 258 -3 567 373
sofa 0.0023 309 157 555 368
sofa 0.0016 -2 -20 291 387
pottedplant 0.0024 6 -5 352 332
diningtable 0.0170 43 48 460 397
diningtable 0.0022 313 2 549 372
diningtable 0.0020 -2 -20 291 387
tvmonitor 0.0010 43 48 460 397
