person 0.9751 -13 182 112 416
person 0.8829 3 310 181 404
person 0.8417 -20 87 129 515
person 0.1854 -6 119 48 427
person 0.0400 99 121 232 397
person 0.0043 214 157 415 347
person 0.0029 -34 282 132 417
person 0.0027 36 170 393 337
person 0.0026 109 31 300 487
person 0.0025 -4 88 31 308
person 0.0023 24 204 82 310
person 0.0022 63 305 154 406
person 0.0019 -42 155 149 369
person 0.0015 -4 177 27 443
person 0.0013 -9 22 62 370
bird 0.0163 214 157 415 347
bird 0.0071 237 -57 392 563
bird 0.0050 45 159 443 343
bird 0.0022 95 36 246 484
cat 0.0098 36 170 393 337
cat 0.0043 95 36 246 484
cat 0.0012 214 157 415 347
dog 0.0119 19 104 463 342
dog 0.0037 214 157 415 347
dog 0.0023 109 31 300 487
dog 0.0019 -6 135 41 441
dog 0.0016 237 -57 392 563
sheep 0.0080 -4 116 40 428
chair 0.0209 457 256 507 411
chair 0.0012 -6 119 48 427
sofa 0.0011 -6 119 48 427
tvmonitor 0.1312 74 11 416 378
