person 0.0044 372 193 392 270
person 0.0015 391 210 408 237
person 0.0014 206 187 269 285
horse 0.9701 185 173 308 301
horse 0.2362 232 189 289 284
horse 0.1814 206 187 269 285
horse 0.0687 207 201 244 275
horse 0.0094 238 201 275 275
horse 0.0088 254 206 291 273
horse 0.0076 372 193 392 270
horse 0.0070 264 234 287 265
horse 0.0030 222 198 265 268
horse 0.0021 219 222 290 275
horse 0.0017 233 237 256 263
horse 0.0016 242 234 267 265
horse 0.0010 391 210 408 237
horse 0.0010 209 236 224 265
cow 0.0028 185 173 308 301
