person 0.9788 454 141 492 275
person 0.9507 357 141 393 280
person 0.0800 -3 178 11 259
person 0.0582 0 191 8 247
person 0.0295 101 78 176 150
person 0.0210 384 132 399 159
person 0.0128 325 131 356 182
person 0.0117 348 150 373 177
person 0.0099 458 180 489 259
person 0.0098 298 123 365 187
person 0.0090 0 214 8 243
person 0.0087 -1 159 8 320
person 0.0086 331 144 347 179
person 0.0054 0 159 2 246
person 0.0050 27 12 349 313
person 0.0048 380 124 402 183
person 0.0046 458 157 489 231
person 0.0040 317 129 386 192
person 0.0033 65 61 190 176
person 0.0030 343 147 362 178
person 0.0025 497 164 500 220
person 0.0023 361 137 379 168
person 0.0022 351 127 386 180
person 0.0020 478 188 489 216
person 0.0018 341 143 380 180
person 0.0016 332 139 368 182
person 0.0015 0 199 4 279
person 0.0014 311 141 333 160
person 0.0014 498 177 500 263
person 0.0012 129 88 166 139
person 0.0011 -5 96 18 296
person 0.0011 363 160 392 225
person 0.0011 329 136 349 156
person 0.0010 493 178 500 224
person 0.0010 472 151 483 161
person 0.0010 349 134 373 156
person 0.0010 364 125 393 183
car 0.0035 48 26 432 321
car 0.0020 274 -23 476 380
car 0.0014 0 214 8 243
car 0.0010 493 178 500 224
motorbike 0.0013 -1 159 8 320
bus 0.0936 284 -13 490 368
bus 0.0029 451 132 494 276
bus 0.0029 467 101 506 259
bus 0.0023 405 115 530 247
bus 0.0013 -81 46 450 296
