person 0.9265 117 60 130 89
person 0.3053 101 64 112 87
person 0.0560 152 72 159 83
person 0.0212 185 72 191 81
person 0.0013 147 73 156 84
bicycle 0.0289 101 64 112 87
bicycle 0.0145 117 60 130 89
car 0.0019 101 64 112 87
car 0.0011 120 63 131 87
motorbike 0.0055 117 60 130 89
motorbike 0.0011 101 64 112 87
bird 0.0065 129 170 315 277
bird 0.0065 373 22 379 29
bird 0.0034 222 208 341 285
bird 0.0032 185 72 191 81
bird 0.0023 115 117 141 134
bird 0.0020 152 72 159 83
bird 0.0016 225 195 271 253
cat 0.0188 210 198 353 299
cat 0.0020 129 170 315 277
dog 0.1436 210 198 353 299
dog 0.0051 129 171 316 288
dog 0.0041 225 195 271 253
dog 0.0031 101 64 112 87
dog 0.0015 150 130 338 368
dog 0.0010 217 174 278 279
horse 0.0112 210 198 353 299
horse 0.0108 117 60 130 89
horse 0.0096 101 64 112 87
horse 0.0037 129 171 316 288
sheep 0.8676 129 171 316 288
sheep 0.6881 210 198 353 299
sheep 0.1099 218 181 277 266
sheep 0.0181 155 114 328 355
sheep 0.0039 160 197 272 248
cow 0.0221 210 198 353 299
cow 0.0184 129 171 316 288
cow 0.0115 155 114 328 355
chair 0.0027 101 64 112 87
