car 0.0034 -37 196 189 403
car 0.0019 17 68 281 502
car 0.0010 -74 143 380 425
bird 0.0038 -34 211 176 411
bird 0.0022 -14 32 151 598
cat 0.9859 8 21 354 417
cat 0.0029 -34 211 176 411
cat 0.0024 198 -133 395 331
cat 0.0016 163 15 433 176
bottle 0.8023 -2 155 136 468
bottle 0.5488 -34 211 176 411
bottle 0.1643 -15 27 164 560
bottle 0.0105 2 168 53 275
bottle 0.0078 38 119 93 235
bottle 0.0046 -31 85 357 402
bottle 0.0026 -11 148 65 370
bottle 0.0012 205 -44 291 186
diningtable 0.0051 17 68 281 502
diningtable 0.0013 -74 143 380 425
diningtable 0.0010 -84 238 326 484
tvmonitor 0.0013 27 20 280 464
