person 0.5771 389 144 421 189
person 0.4630 368 155 387 187
person 0.2052 390 146 404 178
person 0.1936 333 158 350 187
person 0.1741 384 144 400 179
person 0.1508 361 157 379 187
person 0.1249 288 147 323 192
person 0.1221 322 129 355 195
person 0.1053 356 159 370 186
person 0.0976 278 151 295 193
person 0.0913 300 154 320 187
person 0.0868 431 146 446 172
person 0.0823 378 137 404 190
person 0.0802 419 139 434 168
person 0.0800 362 148 393 191
person 0.0796 413 145 425 172
person 0.0749 432 130 462 190
person 0.0623 399 146 415 178
person 0.0527 440 136 456 171
person 0.0512 99 131 137 187
person 0.0489 324 156 338 188
person 0.0368 343 166 356 185
person 0.0365 208 148 222 177
person 0.0339 390 142 405 165
person 0.0241 90 109 167 196
person 0.0191 303 145 319 178
person 0.0187 276 138 332 202
person 0.0178 373 150 388 175
person 0.0176 332 142 350 178
person 0.0166 108 145 127 173
person 0.0162 295 147 313 178
person 0.0156 380 135 432 200
person 0.0151 292 165 318 187
person 0.0151 283 165 299 188
person 0.0130 412 134 440 186
person 0.0123 324 134 340 169
person 0.0114 400 142 414 164
person 0.0107 66 79 479 296
person 0.0094 495 153 499 208
person 0.0087 422 135 455 186
person 0.0086 339 132 363 194
person 0.0076 65 95 186 215
person 0.0066 110 119 146 185
person 0.0059 355 131 384 193
person 0.0058 494 154 500 186
person 0.0058 284 142 298 178
person 0.0058 343 141 357 179
person 0.0058 362 147 378 175
person 0.0057 276 123 297 199
person 0.0056 193 141 225 201
person 0.0054 446 139 459 181
person 0.0049 392 166 407 185
person 0.0048 403 124 471 197
person 0.0048 491 168 500 214
person 0.0047 386 143 399 164
person 0.0047 315 153 329 189
person 0.0047 282 113 507 209
person 0.0047 279 143 293 178
person 0.0046 309 128 336 195
person 0.0046 234 158 249 198
person 0.0043 309 117 371 207
person 0.0037 313 142 327 179
person 0.0037 348 140 410 199
person 0.0033 410 151 421 186
person 0.0033 361 138 379 167
person 0.0031 305 138 320 166
person 0.0030 346 130 373 194
person 0.0030 103 139 123 168
person 0.0027 4 171 37 193
person 0.0026 317 136 331 166
person 0.0025 487 173 502 221
person 0.0023 316 168 329 185
person 0.0022 430 152 444 185
person 0.0022 120 148 135 171
person 0.0021 203 130 228 193
person 0.0020 256 154 269 188
person 0.0016 384 167 397 184
person 0.0016 36 169 70 196
person 0.0015 0 173 27 200
person 0.0014 57 174 69 202
person 0.0014 422 130 433 154
person 0.0013 199 152 218 188
person 0.0013 438 150 455 186
person 0.0012 225 101 409 218
person 0.0012 355 144 368 178
person 0.0012 1 173 11 207
person 0.0012 494 149 499 174
person 0.0011 487 132 503 231
person 0.0011 54 167 69 194
person 0.0011 124 129 155 190
person 0.0011 406 128 434 177
person 0.0010 120 138 136 165
person 0.0010 272 105 319 211
car 0.8512 21 157 81 217
car 0.6748 487 173 502 221
car 0.4797 -13 161 60 216
car 0.2491 0 169 33 193
car 0.0624 491 168 500 214
car 0.0536 36 169 70 196
car 0.0532 -3 166 33 208
car 0.0324 487 132 503 231
car 0.0245 -12 148 82 197
car 0.0238 7 176 39 199
car 0.0213 18 179 46 200
car 0.0188 1 173 11 207
car 0.0104 495 153 499 208
car 0.0073 2 163 27 179
car 0.0063 494 154 500 186
car 0.0049 -3 158 18 220
car 0.0038 1 165 8 198
car 0.0032 -30 144 96 235
car 0.0031 27 167 63 210
car 0.0028 31 177 54 199
car 0.0023 16 174 49 189
car 0.0019 31 172 57 191
car 0.0017 54 167 69 194
car 0.0016 494 149 499 174
car 0.0012 469 129 506 251
car 0.0011 57 174 69 202
car 0.0010 14 172 51 208
motorbike 0.0018 485 152 503 229
bus 0.9998 66 49 464 292
bus 0.0100 -82 107 601 268
bus 0.0051 487 132 503 231
bus 0.0011 0 142 86 179
