person 0.0012 -5 -40 33 160
person 0.0011 476 160 504 384
person 0.0010 -2 50 11 158
person 0.0010 -5 9 27 231
car 0.0127 57 65 458 361
car 0.0014 -5 33 29 242
car 0.0014 -19 -13 150 354
bottle 0.9998 155 6 237 387
bottle 0.0638 257 96 307 334
bottle 0.0139 209 63 287 396
bottle 0.0043 274 79 370 338
bottle 0.0042 220 174 236 283
bottle 0.0021 210 65 242 358
bottle 0.0021 161 9 193 381
bottle 0.0019 183 48 259 377
chair 0.0036 -5 51 32 262
chair 0.0016 374 75 468 356
chair 0.0016 468 283 508 348
chair 0.0011 474 199 504 381
sofa 0.0017 48 146 472 333
pottedplant 0.0365 427 85 508 345
pottedplant 0.0205 -22 25 150 470
pottedplant 0.0064 409 179 525 328
pottedplant 0.0046 -51 142 185 329
pottedplant 0.0038 475 145 505 362
pottedplant 0.0030 -18 130 113 377
pottedplant 0.0027 -5 33 29 242
pottedplant 0.0027 70 144 179 318
pottedplant 0.0024 -5 -40 33 160
pottedplant 0.0020 374 75 468 356
pottedplant 0.0017 29 126 149 336
pottedplant 0.0016 486 194 502 301
pottedplant 0.0012 -50 61 184 275
pottedplant 0.0010 354 45 522 435
diningtable 0.4254 -64 181 585 407
diningtable 0.1315 57 65 458 361
diningtable 0.0100 3 153 504 322
diningtable 0.0030 308 91 511 394
diningtable 0.0018 193 171 538 396
diningtable 0.0015 -155 221 676 322
diningtable 0.0010 -4 198 353 390
