person 0.3322 296 110 332 167
person 0.0795 282 99 341 178
person 0.0203 305 123 324 158
person 0.0107 148 126 167 153
person 0.0064 371 140 387 165
person 0.0062 327 107 356 176
person 0.0058 311 118 327 150
person 0.0057 391 120 420 183
person 0.0051 63 48 495 268
person 0.0050 201 125 216 160
person 0.0045 142 115 176 161
person 0.0039 282 98 309 169
person 0.0030 334 126 350 157
person 0.0029 270 95 294 170
person 0.0026 197 113 222 166
person 0.0023 152 192 167 220
person 0.0020 287 122 303 160
person 0.0020 66 127 81 158
person 0.0019 315 106 347 174
person 0.0018 207 121 219 147
person 0.0018 365 123 397 177
person 0.0017 218 138 233 159
person 0.0016 397 135 414 169
person 0.0014 145 125 159 155
person 0.0014 394 126 408 155
person 0.0013 293 124 308 158
person 0.0013 245 138 264 159
person 0.0012 342 127 359 156
person 0.0012 159 126 175 155
person 0.0012 205 137 222 158
person 0.0011 110 127 130 154
person 0.0010 222 110 247 168
bus 0.9995 43 60 439 262
bus 0.0798 -92 101 579 254
diningtable 0.0017 30 63 446 296
