person 0.7859 20 150 47 221
person 0.4794 43 153 66 218
person 0.3406 60 155 84 223
person 0.3303 30 153 51 218
person 0.2762 302 119 317 152
person 0.1719 54 164 66 202
person 0.1339 34 167 46 212
person 0.1282 64 167 77 183
person 0.1081 26 160 39 186
person 0.0537 30 173 42 207
person 0.0459 47 160 61 207
person 0.0357 27 166 41 199
person 0.0290 34 164 47 186
person 0.0272 64 163 80 197
person 0.0148 0 160 7 188
person 0.0135 68 157 90 221
person 0.0134 192 124 258 200
person 0.0129 20 161 34 188
person 0.0129 202 136 235 188
person 0.0126 -72 82 587 242
person 0.0117 0 166 9 200
person 0.0106 211 137 279 190
person 0.0091 55 165 69 186
person 0.0090 72 165 85 198
person 0.0081 74 170 87 214
person 0.0074 -4 159 20 222
person 0.0072 10 144 18 161
person 0.0069 229 149 258 175
person 0.0068 326 120 340 153
person 0.0044 73 73 457 279
person 0.0042 18 177 31 208
person 0.0042 69 72 111 241
person 0.0040 48 164 61 185
person 0.0037 226 149 246 178
person 0.0033 237 131 306 194
person 0.0031 66 157 78 222
person 0.0025 296 111 325 159
person 0.0024 390 117 411 211
person 0.0024 219 141 253 186
person 0.0023 316 120 329 153
person 0.0020 75 150 102 218
person 0.0019 16 147 87 222
person 0.0019 495 140 500 186
person 0.0018 251 152 280 179
person 0.0016 27 161 35 173
person 0.0014 35 189 45 209
person 0.0012 312 31 328 47
person 0.0011 -7 -7 575 318
person 0.0011 218 146 236 181
bicycle 0.0011 18 177 31 208
car 0.6987 -4 159 20 222
car 0.1276 -15 155 42 227
car 0.1104 -1 166 11 215
car 0.0094 1 178 24 209
car 0.0034 18 177 31 208
car 0.0032 2 180 8 218
car 0.0020 -4 163 71 219
car 0.0020 -35 133 99 234
car 0.0016 15 150 38 227
car 0.0012 428 106 520 140
train 0.9996 92 78 479 272
train 0.9815 -48 89 609 236
train 0.0037 42 -53 527 198
train 0.0036 197 13 531 194
train 0.0035 -7 -7 575 318
train 0.0010 360 37 544 167
chair 0.0015 119 31 140 64
pottedplant 0.0010 90 45 111 65
