person 0.9242 346 -161 522 327
person 0.1812 -98 10 344 144
person 0.1206 309 -3 555 166
person 0.1155 -77 41 269 341
person 0.0433 -38 -137 292 284
person 0.0396 3 -25 347 408
person 0.0252 371 -53 522 213
person 0.0155 -48 7 167 210
person 0.0068 -49 122 188 319
person 0.0055 42 -30 280 73
person 0.0051 87 -11 480 332
person 0.0030 321 58 554 377
person 0.0028 -28 -123 148 330
person 0.0022 26 97 408 300
person 0.0014 120 -76 451 158
person 0.0014 -19 -58 111 219
person 0.0010 -4 66 34 252
car 0.0021 65 -28 435 404
bottle 0.8539 53 112 444 333
bottle 0.2227 239 106 360 250
bottle 0.0402 146 20 352 430
bottle 0.0261 339 95 486 384
bottle 0.0259 65 -28 435 404
bottle 0.0217 212 88 270 193
bottle 0.0195 281 109 345 281
bottle 0.0099 208 94 349 336
bottle 0.0098 266 122 335 235
bottle 0.0089 190 72 297 212
bottle 0.0049 172 67 309 362
bottle 0.0040 293 189 334 252
bottle 0.0036 346 -161 522 327
bottle 0.0027 282 118 392 434
bottle 0.0024 91 34 272 410
bottle 0.0020 250 -14 390 395
bottle 0.0013 306 112 363 245
chair 0.0023 348 -124 523 316
sofa 0.0048 65 -28 435 404
diningtable 0.0115 71 -12 434 334
diningtable 0.0015 -49 122 188 319
diningtable 0.0012 -77 41 269 341
