person 0.0239 -10 -23 53 98
person 0.0092 -29 -38 87 115
bicycle 0.0077 -10 -23 53 98
bicycle 0.0030 -58 25 231 217
bicycle 0.0026 -29 -38 87 115
bicycle 0.0014 -29 -83 142 167
motorbike 0.0015 -8 -34 41 97
bird 0.0040 126 122 379 296
bird 0.0022 161 -47 344 468
bird 0.0021 -8 -23 42 99
bird 0.0012 -16 -90 166 375
cat 0.2888 -16 -90 166 375
cat 0.1411 -53 61 224 223
cat 0.0216 -8 -23 42 99
cat 0.0120 118 108 386 288
cat 0.0087 161 -47 344 468
cat 0.0038 -29 -38 87 115
cat 0.0024 2 6 144 280
cat 0.0011 66 41 190 238
dog 0.2993 -8 -23 42 99
dog 0.2469 -14 -94 182 379
dog 0.0979 161 -47 344 468
dog 0.0756 126 122 379 296
dog 0.0752 -53 61 224 223
dog 0.0552 -29 -38 87 115
dog 0.0080 13 5 149 282
dog 0.0016 1 11 42 81
dog 0.0013 -3 -17 14 93
horse 0.0167 -8 -23 42 99
horse 0.0065 -16 -90 166 375
horse 0.0060 -29 -38 87 115
horse 0.0035 13 5 149 282
horse 0.0012 -53 61 224 223
sheep 0.9430 126 122 379 296
sheep 0.9135 158 -78 342 474
sheep 0.3259 -16 -90 166 375
sheep 0.1588 -53 61 224 223
sheep 0.0609 13 5 149 282
sheep 0.0129 66 41 190 238
sheep 0.0104 -8 -23 42 99
sheep 0.0027 103 67 170 204
sheep 0.0022 -29 -38 87 115
sheep 0.0019 136 -4 294 243
cow 0.0200 -14 -94 182 379
cow 0.0182 118 108 386 288
cow 0.0134 -53 61 224 223
cow 0.0115 -8 -23 42 99
cow 0.0104 13 5 149 282
cow 0.0085 158 -78 342 474
cow 0.0030 -29 -38 87 115
chair 0.0038 -10 -23 53 98
