person 0.9987 188 -6 483 388
person 0.9671 23 15 315 407
person 0.9021 -16 105 100 292
person 0.8177 31 62 98 209
person 0.4610 -6 64 40 175
person 0.2335 126 82 600 348
person 0.2191 -22 5 118 391
person 0.0690 -5 69 32 284
person 0.0632 8 45 121 225
person 0.0602 36 74 103 153
person 0.0573 36 120 56 148
person 0.0392 -1 82 6 128
person 0.0351 -12 85 54 229
person 0.0309 -3 65 13 146
person 0.0237 -19 171 104 379
person 0.0206 -4 86 13 203
person 0.0190 2 107 44 160
person 0.0178 -7 97 71 174
person 0.0100 148 35 245 75
person 0.0088 30 112 61 158
person 0.0080 0 81 4 147
person 0.0076 -5 149 31 357
person 0.0074 -4 7 35 463
person 0.0066 -1 98 9 266
person 0.0065 -1 105 4 163
person 0.0051 -23 53 74 189
person 0.0047 -43 111 151 344
person 0.0038 24 73 82 175
person 0.0033 9 111 40 139
person 0.0029 190 -35 329 152
person 0.0029 -1 167 14 275
person 0.0025 55 81 91 109
person 0.0023 52 93 95 117
person 0.0023 52 80 94 131
person 0.0022 19 111 91 197
person 0.0020 -8 200 30 259
person 0.0019 406 66 518 252
person 0.0017 -76 68 272 316
person 0.0014 0 155 3 229
person 0.0012 -8 103 31 202
person 0.0012 0 116 3 211
person 0.0011 -38 200 121 318
person 0.0010 -2 7 8 166
person 0.0010 34 95 71 155
bottle 0.0090 12 10 419 390
bottle 0.0020 166 -9 488 331
chair 0.3617 -37 200 107 347
chair 0.1347 -12 205 78 410
chair 0.0175 -41 227 109 289
chair 0.0147 -4 208 30 416
chair 0.0119 406 66 518 252
chair 0.0116 -23 97 117 501
chair 0.0080 -21 237 67 302
chair 0.0053 77 44 493 388
chair 0.0050 -1 242 7 411
chair 0.0046 -11 214 61 336
chair 0.0045 -14 218 49 283
chair 0.0022 -1 194 8 343
chair 0.0015 -8 211 30 266
chair 0.0012 0 263 2 390
chair 0.0010 0 228 3 308
sofa 0.0075 77 44 493 388
sofa 0.0024 -20 199 104 420
diningtable 0.0127 -6 140 33 328
diningtable 0.0116 -8 200 30 259
diningtable 0.0083 209 171 294 249
diningtable 0.0063 -14 218 49 283
diningtable 0.0063 0 221 11 258
diningtable 0.0048 -1 193 15 286
diningtable 0.0029 -20 199 104 420
diningtable 0.0027 -2 224 25 252
diningtable 0.0026 0 221 5 277
diningtable 0.0021 181 160 303 270
diningtable 0.0011 -4 208 30 416
tvmonitor 0.9629 11 -36 156 131
tvmonitor 0.0025 45 -15 127 110
