person 0.9142 108 73 182 273
person 0.5216 290 95 332 173
person 0.3710 277 85 349 181
person 0.2026 304 99 345 169
person 0.0688 428 73 440 99
person 0.0637 213 89 260 190
person 0.0580 460 83 473 109
person 0.0556 230 106 246 130
person 0.0396 393 91 403 112
person 0.0224 324 96 336 118
person 0.0165 201 125 208 143
person 0.0162 319 95 328 118
person 0.0146 318 110 340 135
person 0.0118 214 106 242 180
person 0.0116 221 100 254 150
person 0.0091 233 112 250 135
person 0.0073 360 81 373 104
person 0.0065 183 78 296 288
person 0.0045 299 111 324 139
person 0.0042 318 106 330 124
person 0.0036 250 117 262 136
person 0.0031 68 110 80 135
person 0.0030 269 118 277 137
person 0.0022 214 115 294 191
person 0.0020 293 120 312 149
person 0.0013 295 114 312 135
person 0.0013 266 120 278 143
person 0.0012 254 86 268 119
person 0.0012 166 129 173 143
person 0.0012 300 120 324 149
person 0.0011 119 130 174 255
bicycle 0.0014 171 7 311 381
bicycle 0.0010 174 131 217 212
car 0.4904 251 91 332 174
car 0.1591 341 151 544 365
car 0.1313 277 85 349 181
car 0.0646 381 55 520 454
car 0.0126 318 110 340 135
car 0.0088 311 104 344 162
car 0.0064 228 79 372 176
car 0.0060 263 107 308 160
car 0.0026 290 102 321 165
car 0.0020 64 152 154 214
car 0.0014 278 114 304 134
car 0.0014 293 120 312 149
car 0.0013 269 124 300 145
car 0.0013 460 83 473 109
car 0.0010 321 117 340 155
car 0.0010 183 78 296 288
motorbike 0.9932 181 84 300 305
motorbike 0.9335 277 101 348 191
motorbike 0.5835 341 151 544 365
motorbike 0.5094 171 7 311 381
motorbike 0.1632 289 112 334 176
motorbike 0.0597 311 104 344 162
motorbike 0.0280 381 55 520 454
motorbike 0.0200 236 83 369 187
motorbike 0.0094 287 128 318 173
motorbike 0.0087 320 125 340 156
motorbike 0.0050 174 131 217 212
motorbike 0.0047 318 110 340 135
motorbike 0.0023 393 91 403 112
motorbike 0.0019 296 138 327 166
motorbike 0.0015 294 126 312 161
motorbike 0.0014 252 107 328 175
motorbike 0.0011 227 109 249 135
aeroplane 0.0020 341 121 544 355
bus 0.0013 341 151 544 365
train 0.0118 341 121 544 355
bird 0.0183 68 110 80 135
bird 0.0016 69 112 77 126
cow 0.0021 341 151 544 365
chair 0.0014 174 131 217 212
