person 0.0113 487 -46 502 479
person 0.0053 472 -13 504 484
person 0.0036 478 125 504 387
person 0.0022 -73 211 517 362
bottle 0.0263 342 206 385 262
bottle 0.0169 -3 80 28 108
bottle 0.0156 212 202 235 259
bottle 0.0119 -11 69 44 118
bottle 0.0091 185 195 212 262
bottle 0.0052 13 78 35 106
bottle 0.0049 -2 106 9 203
bottle 0.0047 0 83 13 108
bottle 0.0046 256 169 308 278
bottle 0.0043 48 25 83 117
bottle 0.0039 365 210 417 311
bottle 0.0035 -1 124 4 182
bottle 0.0035 -8 112 60 192
bottle 0.0034 192 145 226 264
bottle 0.0029 112 178 151 317
bottle 0.0023 236 136 279 270
bottle 0.0020 8 -25 100 76
bottle 0.0017 2 64 62 115
bottle 0.0017 6 128 48 180
bottle 0.0015 4 13 57 67
bottle 0.0014 121 187 160 271
bottle 0.0013 0 89 7 121
bottle 0.0012 344 192 390 290
chair 0.9984 56 2 200 327
chair 0.9982 198 84 388 280
chair 0.9910 340 84 495 369
chair 0.3716 476 136 504 411
chair 0.2985 -7 154 38 436
chair 0.0857 244 104 356 258
chair 0.0673 75 70 199 255
chair 0.0509 -10 100 67 411
chair 0.0369 -14 311 49 402
chair 0.0281 491 151 501 348
chair 0.0150 -3 42 21 394
chair 0.0130 487 -46 502 479
chair 0.0092 236 136 279 270
chair 0.0088 489 222 501 373
chair 0.0059 468 38 506 472
chair 0.0058 -20 60 107 372
chair 0.0057 401 253 529 382
chair 0.0048 304 135 490 293
chair 0.0043 495 98 500 344
chair 0.0042 -2 282 12 410
chair 0.0040 -1 238 8 395
chair 0.0038 496 197 500 264
chair 0.0035 -8 217 31 321
chair 0.0032 -1 194 11 343
chair 0.0024 -17 114 132 493
chair 0.0023 495 264 499 350
chair 0.0020 -1 123 6 356
chair 0.0019 496 206 499 293
chair 0.0018 436 143 510 439
chair 0.0018 222 -8 366 338
chair 0.0016 0 341 6 390
chair 0.0015 -14 199 100 424
chair 0.0014 -7 290 36 442
chair 0.0012 -1 89 7 254
chair 0.0011 58 108 455 371
chair 0.0010 -36 176 126 333
sofa 0.0023 57 70 199 273
sofa 0.0010 476 136 504 411
pottedplant 0.0045 249 185 389 310
pottedplant 0.0013 48 25 83 117
diningtable 0.9998 44 184 466 371
diningtable 0.0012 478 125 504 387
diningtable 0.0011 -6 289 39 407
