person 0.9989 26 68 390 513
person 0.1676 -31 219 212 649
person 0.0589 -83 360 279 498
person 0.0207 100 306 487 490
person 0.0092 -9 326 74 544
person 0.0035 -79 253 339 492
person 0.0026 -42 304 182 498
person 0.0014 9 347 409 516
person 0.0010 96 199 483 452
person 0.0010 -48 271 461 618
bicycle 0.0237 304 274 451 438
bicycle 0.0031 289 175 431 501
bicycle 0.0023 22 66 390 456
bicycle 0.0011 298 237 453 330
car 0.0262 22 66 390 456
car 0.0016 289 175 431 501
motorbike 0.0025 22 66 390 456
motorbike 0.0016 289 175 431 501
boat 0.0025 22 66 390 456
bird 0.7704 151 100 426 305
bird 0.1314 75 64 403 464
bird 0.0309 260 131 344 358
bird 0.0066 198 46 368 459
bird 0.0049 199 145 250 259
cat 0.0020 151 100 426 305
dog 0.0044 22 66 390 456
horse 0.0019 22 66 390 456
cow 0.0030 22 66 390 456
chair 0.0393 269 152 349 357
chair 0.0233 3 107 359 530
chair 0.0033 -25 216 162 651
chair 0.0026 304 274 451 438
chair 0.0017 289 175 430 537
chair 0.0012 155 307 477 492
chair 0.0011 -9 326 74 544
chair 0.0010 -83 360 279 498
sofa 0.0026 -25 216 162 651
sofa 0.0026 3 107 359 530
sofa 0.0021 -83 360 279 498
sofa 0.0013 -9 326 74 544
diningtable 0.0014 3 107 359 530
