person 0.9951 9 4 639 185
person 0.2994 154 -1 486 272
person 0.0862 -11 37 69 230
person 0.0161 -17 -131 207 254
person 0.0050 -50 5 236 189
person 0.0021 421 -45 511 195
person 0.0021 -22 -65 108 251
person 0.0016 88 -50 199 163
person 0.0013 82 -134 256 263
person 0.0013 19 21 423 347
person 0.0010 430 0 451 20
person 0.0010 414 108 511 301
bottle 0.9978 89 -52 169 273
bottle 0.9888 152 -17 235 249
bottle 0.0169 32 72 122 241
bottle 0.0022 365 43 505 394
bottle 0.0014 458 269 507 386
chair 0.0434 404 -14 510 196
chair 0.0396 38 46 621 218
chair 0.0124 12 4 590 155
chair 0.0095 154 -1 486 272
chair 0.0028 474 -6 504 227
chair 0.0027 423 -67 513 327
chair 0.0021 209 3 259 144
chair 0.0021 168 65 355 192
chair 0.0019 -11 37 69 230
chair 0.0015 442 32 505 184
sofa 0.0089 92 6 484 271
sofa 0.0086 -11 37 69 230
sofa 0.0042 38 46 621 218
sofa 0.0014 12 4 590 155
diningtable 0.6734 43 63 462 372
diningtable 0.0208 26 209 463 350
diningtable 0.0183 92 6 484 271
diningtable 0.0182 174 71 411 295
diningtable 0.0092 -13 97 76 355
diningtable 0.0092 -114 182 602 341
diningtable 0.0063 219 173 584 340
diningtable 0.0058 421 -45 511 195
diningtable 0.0039 -25 33 143 406
diningtable 0.0017 -50 152 165 355
diningtable 0.0014 348 67 516 434
diningtable 0.0014 38 46 621 218
diningtable 0.0010 89 142 573 299
