person 0.0034 -49 214 274 371
bird 0.0042 126 100 312 296
cat 0.0036 162 -133 330 426
cat 0.0035 107 57 380 235
cat 0.0029 130 27 301 353
bottle 0.0016 62 71 377 221
bottle 0.0012 118 11 244 261
chair 0.9246 174 178 465 431
chair 0.0101 116 274 561 428
chair 0.0065 387 159 521 386
chair 0.0045 123 186 518 334
chair 0.0037 -26 290 96 408
chair 0.0020 365 186 546 314
pottedplant 0.2999 -56 189 310 363
pottedplant 0.0451 107 57 380 235
pottedplant 0.0300 162 -133 330 426
pottedplant 0.0120 98 23 470 342
pottedplant 0.0051 -43 57 318 334
pottedplant 0.0029 192 30 323 282
pottedplant 0.0025 0 80 251 511
pottedplant 0.0010 130 27 301 353
diningtable 0.2895 131 289 571 416
diningtable 0.0378 -26 290 96 408
diningtable 0.0222 94 322 612 388
diningtable 0.0163 -93 272 531 429
diningtable 0.0013 98 23 470 342
diningtable 0.0012 -49 214 274 371
