person 0.7107 -2 45 27 261
person 0.2251 399 100 415 129
person 0.2116 409 101 427 129
person 0.2028 -2 75 11 237
person 0.1467 -3 77 28 179
person 0.1443 429 99 443 129
person 0.1343 422 99 436 130
person 0.1257 274 86 333 128
person 0.1242 286 94 316 121
person 0.0983 383 101 396 120
person 0.0732 393 101 409 126
person 0.0597 439 101 452 127
person 0.0570 451 100 466 128
person 0.0487 47 52 504 362
person 0.0463 490 93 499 123
person 0.0411 306 98 331 120
person 0.0347 479 91 492 126
person 0.0320 -2 78 14 157
person 0.0254 0 93 7 140
person 0.0195 16 98 33 136
person 0.0183 12 91 38 145
person 0.0153 0 94 5 122
person 0.0136 221 96 248 120
person 0.0128 0 91 3 161
person 0.0126 471 89 482 129
person 0.0097 18 99 32 117
person 0.0088 0 122 5 187
person 0.0076 493 101 499 127
person 0.0071 -89 16 582 218
person 0.0062 375 101 388 117
person 0.0062 402 95 435 134
person 0.0054 8 94 22 140
person 0.0054 457 94 469 125
person 0.0048 410 84 442 134
person 0.0044 17 112 30 138
person 0.0038 0 83 44 253
person 0.0037 7 94 36 174
person 0.0026 385 90 451 140
person 0.0024 0 91 6 108
person 0.0021 22 100 37 117
person 0.0019 294 90 331 124
person 0.0014 443 85 470 132
person 0.0012 217 88 252 126
person 0.0011 494 87 499 112
person 0.0011 294 89 367 128
person 0.0011 448 87 462 111
person 0.0010 14 124 27 150
person 0.0010 182 65 376 153
person 0.0010 -2 104 24 223
person 0.0010 421 95 450 134
person 0.0010 342 69 521 156
person 0.0010 21 108 40 138
bicycle 0.0030 -3 112 12 254
bicycle 0.0015 -3 102 23 268
car 0.3727 26 46 476 374
car 0.0252 18 102 41 136
car 0.0079 12 91 38 145
car 0.0071 -1 75 10 217
car 0.0070 -2 67 25 265
car 0.0034 -6 85 53 151
car 0.0029 17 112 30 138
car 0.0025 0 96 3 177
car 0.0022 0 112 5 181
car 0.0017 -3 112 12 254
car 0.0015 0 93 7 140
car 0.0011 0 83 44 253
car 0.0010 493 101 499 127
car 0.0010 8 94 22 140
motorbike 0.0012 -2 102 10 248
motorbike 0.0011 -3 102 23 268
bus 0.0866 26 51 477 399
train 0.0053 45 58 505 394
boat 0.0535 26 51 477 399
tvmonitor 0.0010 47 52 504 362
