person 0.7609 241 311 269 340
person 0.6055 177 252 194 285
person 0.5283 167 252 187 287
person 0.4500 135 255 164 331
person 0.1254 162 250 179 288
person 0.1166 151 203 184 260
person 0.0916 92 263 106 290
person 0.0803 86 262 99 289
person 0.0780 75 205 90 234
person 0.0608 163 248 190 301
person 0.0439 387 87 407 104
person 0.0405 127 309 138 324
person 0.0334 87 20 479 297
person 0.0333 169 247 201 290
person 0.0308 80 202 97 235
person 0.0289 72 318 88 338
person 0.0267 150 264 166 291
person 0.0253 135 189 197 273
person 0.0248 208 229 224 264
person 0.0231 129 308 145 323
person 0.0196 226 301 284 348
person 0.0142 188 254 203 285
person 0.0105 135 270 147 298
person 0.0097 159 209 176 249
person 0.0094 166 218 183 255
person 0.0081 145 216 159 258
person 0.0074 146 237 210 299
person 0.0060 138 269 158 303
person 0.0058 83 204 95 222
person 0.0053 200 221 228 272
person 0.0049 252 205 262 235
person 0.0046 153 209 167 247
person 0.0045 189 216 202 245
person 0.0045 142 209 172 261
person 0.0045 66 209 82 231
person 0.0043 184 248 208 319
person 0.0042 259 203 272 236
person 0.0042 72 198 104 241
person 0.0028 324 85 344 120
person 0.0027 397 88 415 104
person 0.0027 102 265 113 288
person 0.0024 142 266 160 292
person 0.0023 -1 301 9 344
person 0.0022 77 206 91 220
person 0.0022 161 211 174 233
person 0.0021 266 208 278 231
person 0.0020 154 252 167 284
person 0.0020 133 251 145 280
person 0.0019 399 257 419 275
person 0.0017 196 249 210 285
person 0.0015 152 211 164 233
person 0.0012 -45 73 314 340
person 0.0012 200 226 218 256
person 0.0012 73 264 89 286
person 0.0011 184 215 195 244
person 0.0011 83 312 96 339
person 0.0010 169 249 185 273
person 0.0010 155 245 184 326
car 0.0546 39 300 237 347
car 0.0134 -23 293 282 354
car 0.0067 0 8 449 266
car 0.0039 45 190 114 249
car 0.0028 66 171 94 183
car 0.0027 -2 170 221 407
car 0.0013 118 259 219 332
car 0.0013 484 239 503 316
car 0.0013 491 198 500 221
car 0.0012 75 205 90 234
aeroplane 0.9612 12 1 461 272
aeroplane 0.0107 238 30 552 224
aeroplane 0.0019 -30 22 623 170
aeroplane 0.0015 278 -66 519 314
bus 0.0045 267 167 524 423
bus 0.0035 10 165 241 407
bus 0.0029 -38 154 121 189
boat 0.0014 7 5 465 310
horse 0.0010 -12 6 461 307
sheep 0.0028 7 5 465 310
cow 0.0056 7 5 465 310
sofa 0.0016 7 5 465 310
