person 0.0063 242 188 267 216
person 0.0019 234 185 255 216
bicycle 0.8201 206 168 282 231
bicycle 0.0670 216 178 256 222
bicycle 0.0142 234 185 255 216
bicycle 0.0138 242 188 267 216
bicycle 0.0026 173 151 314 243
motorbike 0.0038 206 168 282 231
train 0.0016 14 3 487 298
chair 0.0257 -3 73 21 284
chair 0.0053 131 157 172 206
chair 0.0033 206 168 271 231
chair 0.0019 -4 172 31 231
chair 0.0016 -2 101 9 262
sofa 0.0029 -3 73 21 284
pottedplant 0.0027 206 168 282 231
diningtable 0.0015 -4 172 31 231
tvmonitor 0.0302 343 72 424 139
tvmonitor 0.0010 -2 83 8 243
