person 0.0150 227 59 372 185
person 0.0080 256 73 355 151
person 0.0036 171 46 312 164
person 0.0019 406 9 460 159
person 0.0017 359 55 373 95
person 0.0014 344 29 399 132
person 0.0014 170 62 244 148
person 0.0014 202 65 286 149
person 0.0014 59 11 393 306
person 0.0011 356 45 380 112
car 0.9599 -53 66 543 283
car 0.9052 33 -92 251 223
car 0.8454 85 26 420 296
car 0.2140 431 44 507 86
car 0.0508 433 34 516 119
car 0.0197 27 29 180 143
car 0.0145 410 3 526 125
car 0.0123 456 56 492 77
car 0.0112 448 54 466 76
car 0.0038 69 -60 422 205
car 0.0037 462 15 505 149
car 0.0037 317 -8 404 29
car 0.0021 -20 37 509 197
car 0.0020 488 45 498 68
car 0.0017 45 -19 282 98
car 0.0017 492 42 498 91
car 0.0016 485 25 503 129
car 0.0015 147 -2 411 85
car 0.0011 203 -70 442 159
car 0.0010 -26 8 311 128
motorbike 0.0041 87 20 459 299
bus 0.0025 37 -86 286 218
cat 0.0014 285 215 418 335
bottle 0.0034 310 241 351 317
tvmonitor 0.0012 85 35 417 321
tvmonitor 0.0011 -53 66 543 283
