person 0.0050 13 24 439 333
bicycle 0.9975 38 0 486 318
bicycle 0.0085 434 -53 511 215
bicycle 0.0057 249 16 567 204
bicycle 0.0055 307 -110 516 252
bicycle 0.0035 79 2 277 124
bicycle 0.0033 -75 91 258 284
bicycle 0.0030 -20 7 162 294
bicycle 0.0025 336 32 486 166
bicycle 0.0025 54 -73 287 163
bicycle 0.0014 393 23 517 256
bicycle 0.0013 -82 6 340 148
motorbike 0.0022 22 -16 493 259
train 0.0014 22 -16 493 259
chair 0.0222 -12 -70 208 150
chair 0.0190 79 2 277 124
chair 0.0072 54 -73 287 163
chair 0.0033 -41 -34 176 88
chair 0.0032 -1 -45 7 161
chair 0.0023 -80 2 280 151
chair 0.0019 -2 -101 13 267
chair 0.0016 22 -16 493 259
chair 0.0010 80 -27 137 114
diningtable 0.0039 -12 -70 208 150
diningtable 0.0014 35 61 506 364
