person 0.0026 324 17 516 476
car 0.0032 36 -5 204 454
car 0.0019 180 55 366 406
car 0.0019 317 22 513 451
aeroplane 0.0013 317 22 513 451
bird 0.0064 324 17 516 476
bird 0.0013 306 171 555 330
bird 0.0010 133 131 168 190
dog 0.0200 324 17 516 476
dog 0.0066 253 166 572 312
dog 0.0038 180 55 366 406
dog 0.0014 20 -11 190 468
horse 0.0207 324 17 516 476
horse 0.0115 309 143 399 321
horse 0.0048 292 165 568 315
horse 0.0030 20 -11 190 468
horse 0.0023 29 107 156 365
horse 0.0015 180 55 366 406
sheep 0.2206 324 17 516 476
sheep 0.0668 292 165 568 315
sheep 0.0322 180 55 366 406
sheep 0.0229 309 143 399 321
sheep 0.0059 290 51 442 400
sheep 0.0018 29 107 156 365
sheep 0.0014 128 119 202 335
cow 0.9872 31 102 175 366
cow 0.9782 20 -11 190 468
cow 0.9581 180 55 366 406
cow 0.8567 125 139 202 316
cow 0.7478 317 22 513 451
cow 0.3492 309 143 399 321
cow 0.2789 306 171 555 330
cow 0.2146 -20 139 227 316
cow 0.0485 290 51 442 400
cow 0.0424 82 110 208 328
cow 0.0137 472 112 504 318
cow 0.0073 317 160 382 223
cow 0.0052 282 134 463 265
cow 0.0042 469 151 508 252
cow 0.0033 471 158 506 210
cow 0.0031 357 134 508 362
cow 0.0010 483 147 503 272
