person 0.0370 265 180 474 301
person 0.0178 275 96 444 457
person 0.0103 337 183 450 294
person 0.0021 41 108 59 127
person 0.0020 282 231 421 269
person 0.0016 63 106 76 130
person 0.0011 94 148 108 184
person 0.0010 97 157 104 185
person 0.0010 360 199 439 267
aeroplane 0.0012 227 102 341 133
bus 0.0024 53 113 132 225
bottle 0.0394 80 216 94 243
bottle 0.0216 375 164 395 242
bottle 0.0050 63 106 76 130
chair 0.0942 280 76 443 516
chair 0.0375 182 232 360 443
chair 0.0244 -10 101 307 506
chair 0.0199 -68 237 367 369
chair 0.0073 209 261 334 408
chair 0.0045 -8 167 36 345
chair 0.0021 285 186 433 406
chair 0.0012 117 141 374 480
sofa 0.9721 -14 105 333 503
sofa 0.9709 -68 241 387 366
sofa 0.9520 280 76 443 516
sofa 0.0477 285 186 433 406
sofa 0.0105 227 212 492 373
sofa 0.0075 31 156 452 372
sofa 0.0057 117 141 374 480
sofa 0.0054 245 203 474 295
sofa 0.0038 189 190 332 465
sofa 0.0014 337 183 450 294
pottedplant 0.0068 335 192 370 232
pottedplant 0.0015 169 165 197 237
diningtable 0.0031 189 190 332 465
tvmonitor 0.8212 53 113 132 225
tvmonitor 0.1337 -15 81 58 249
tvmonitor 0.0129 69 133 113 207
tvmonitor 0.0028 -8 167 36 345
tvmonitor 0.0011 478 8 504 306
