person 0.7873 84 34 97 61
person 0.7074 17 23 28 55
person 0.6202 30 22 40 58
person 0.5898 0 21 10 52
person 0.5681 35 25 46 56
person 0.4505 10 21 20 52
person 0.2678 92 33 102 59
person 0.1953 78 38 88 57
person 0.1626 124 29 135 48
person 0.1120 113 36 123 55
person 0.0860 69 40 77 55
person 0.0678 87 32 98 51
person 0.0656 115 32 126 49
person 0.0397 38 33 47 54
person 0.0311 47 37 55 52
person 0.0270 4 35 22 54
person 0.0254 16 19 27 42
person 0.0236 119 36 138 57
person 0.0224 -1 37 13 54
person 0.0214 131 30 140 47
person 0.0190 109 36 118 55
person 0.0159 109 31 117 48
person 0.0102 7 13 39 63
person 0.0096 75 24 107 70
person 0.0079 58 38 66 53
person 0.0069 -6 13 19 64
person 0.0040 28 20 36 40
person 0.0034 -23 9 70 67
person 0.0033 -79 6 210 82
person 0.0033 91 42 103 67
person 0.0023 79 43 87 64
person 0.0023 79 33 88 50
person 0.0022 115 23 126 34
person 0.0021 18 15 49 61
person 0.0015 129 36 142 55
person 0.0015 25 8 34 32
person 0.0014 0 -1 3 41
person 0.0013 95 12 159 69
person 0.0011 17 8 33 32
person 0.0010 123 26 132 38
person 0.0010 103 18 139 62
bicycle 0.0021 -1 37 13 54
bicycle 0.0010 0 21 10 52
car 0.1794 -1 37 13 54
car 0.0164 113 36 123 55
car 0.0158 4 35 22 54
car 0.0124 119 36 138 57
car 0.0103 0 21 10 52
car 0.0057 124 29 135 48
car 0.0042 95 12 159 69
car 0.0035 115 32 126 49
car 0.0023 10 21 20 52
car 0.0021 84 34 97 61
car 0.0018 -23 9 70 67
car 0.0011 131 30 140 47
car 0.0011 16 19 27 42
motorbike 0.0031 -1 37 13 54
motorbike 0.0013 0 21 10 52
bird 0.9269 120 114 196 189
bird 0.6269 137 126 164 139
bird 0.0953 455 108 466 116
bird 0.0419 104 102 224 210
bird 0.0309 73 102 207 297
bird 0.0107 141 134 210 189
bird 0.0093 308 76 451 332
bird 0.0082 136 126 180 178
bird 0.0063 352 103 368 113
bird 0.0042 458 105 468 114
bird 0.0034 19 191 35 208
bird 0.0020 497 106 501 121
bird 0.0012 137 133 180 156
bird 0.0011 107 109 117 117
bird 0.0011 175 117 184 125
bird 0.0011 77 31 236 359
bird 0.0010 162 147 196 175
dog 0.0087 69 37 215 364
dog 0.0036 308 76 451 332
dog 0.0010 455 108 466 116
horse 0.0069 73 102 207 297
horse 0.0019 308 76 451 332
sheep 0.8457 69 37 215 364
sheep 0.8162 273 110 483 306
sheep 0.2200 455 108 466 116
sheep 0.1363 76 122 206 295
sheep 0.0112 458 105 468 114
sheep 0.0064 104 102 224 210
sheep 0.0051 497 106 501 121
sheep 0.0048 314 128 439 278
sheep 0.0019 496 96 501 117
sheep 0.0017 19 191 35 208
sheep 0.0015 141 134 210 189
sheep 0.0010 352 103 368 113
sheep 0.0010 120 114 196 189
cow 0.1738 309 82 451 333
cow 0.1016 69 37 215 364
cow 0.0341 76 122 206 295
cow 0.0012 117 128 218 196
chair 0.0021 -1 37 13 54
