person 0.9950 232 193 364 425
person 0.9847 365 174 460 387
person 0.9802 214 115 375 503
person 0.8992 -8 184 68 402
person 0.8960 116 208 143 313
person 0.8192 165 179 311 439
person 0.6294 81 217 116 306
person 0.4611 347 199 403 340
person 0.4295 18 189 104 400
person 0.4060 135 238 157 303
person 0.3783 177 203 220 339
person 0.3113 157 228 181 297
person 0.1909 24 208 73 316
person 0.1857 182 222 212 299
person 0.1173 139 249 154 293
person 0.0833 325 106 486 439
person 0.0685 338 161 413 388
person 0.0667 166 185 243 404
person 0.0556 288 224 350 328
person 0.0448 -14 171 440 371
person 0.0326 176 215 413 463
person 0.0313 237 223 273 312
person 0.0294 220 212 271 332
person 0.0276 174 224 200 311
person 0.0229 -3 188 32 363
person 0.0224 100 223 127 299
person 0.0206 19 223 51 295
person 0.0195 -1 197 8 377
person 0.0192 51 233 89 301
person 0.0185 0 227 7 271
person 0.0182 -2 206 52 317
person 0.0177 274 210 324 329
person 0.0174 -12 152 177 482
person 0.0166 68 237 95 297
person 0.0157 328 183 376 332
person 0.0143 262 213 377 342
person 0.0127 -2 214 15 304
person 0.0123 77 232 106 300
person 0.0117 167 231 190 301
person 0.0114 125 217 147 307
person 0.0111 25 235 44 267
person 0.0098 133 246 145 291
person 0.0094 82 246 96 288
person 0.0082 -6 195 134 325
person 0.0078 448 207 504 334
person 0.0075 172 240 184 280
person 0.0072 285 233 318 304
person 0.0069 160 242 175 291
person 0.0068 228 222 290 362
person 0.0066 38 222 104 313
person 0.0061 413 216 446 284
person 0.0054 387 207 427 272
person 0.0054 374 197 443 283
person 0.0051 186 203 332 342
person 0.0050 -40 176 235 366
person 0.0049 -7 224 30 293
person 0.0048 151 246 164 289
person 0.0046 145 237 169 297
person 0.0042 276 221 308 300
person 0.0039 142 248 154 274
person 0.0038 104 235 120 266
person 0.0037 75 243 90 281
person 0.0034 188 240 204 279
person 0.0033 32 235 49 264
person 0.0032 81 238 496 374
person 0.0032 471 193 504 391
person 0.0029 403 198 459 314
person 0.0029 394 221 408 240
person 0.0028 0 243 2 352
person 0.0025 192 239 204 261
person 0.0024 245 208 305 336
person 0.0024 427 231 466 288
person 0.0023 36 229 50 251
person 0.0022 179 240 194 280
person 0.0021 365 194 424 323
person 0.0021 403 220 435 277
person 0.0018 344 216 363 243
person 0.0018 429 233 445 267
person 0.0018 344 187 481 296
person 0.0018 0 233 4 301
person 0.0017 -50 132 316 464
person 0.0017 413 221 479 298
person 0.0016 118 213 164 321
person 0.0016 470 217 507 300
person 0.0015 336 207 371 271
person 0.0014 256 241 272 276
person 0.0014 495 218 499 301
person 0.0014 314 192 436 349
person 0.0013 131 215 350 303
person 0.0013 246 264 262 293
person 0.0013 112 243 126 274
person 0.0012 120 219 137 245
person 0.0012 293 231 331 291
person 0.0012 285 236 299 263
person 0.0012 484 200 501 318
person 0.0012 45 221 76 284
person 0.0012 64 215 137 317
person 0.0012 139 201 268 338
person 0.0011 329 200 393 265
person 0.0011 40 193 208 325
bicycle 0.6907 281 247 366 326
bicycle 0.5307 329 208 527 442
bicycle 0.2488 176 215 413 463
bicycle 0.1227 262 213 377 342
bicycle 0.0769 311 257 353 316
bicycle 0.0633 133 305 312 406
bicycle 0.0170 283 288 465 407
bicycle 0.0057 309 246 387 332
bicycle 0.0055 443 245 506 377
bicycle 0.0053 157 334 295 393
bicycle 0.0046 315 272 346 302
bicycle 0.0043 -24 156 163 476
bicycle 0.0039 140 253 155 298
bicycle 0.0036 299 276 325 303
bicycle 0.0034 293 261 331 314
bicycle 0.0033 440 222 515 319
bicycle 0.0025 451 247 484 306
bicycle 0.0023 410 235 529 387
bicycle 0.0021 241 163 493 458
bicycle 0.0020 314 285 348 308
bicycle 0.0018 309 268 337 291
bicycle 0.0017 470 219 504 404
bicycle 0.0017 309 285 335 306
bicycle 0.0015 257 246 418 373
bicycle 0.0013 328 271 351 304
bicycle 0.0012 299 282 401 330
bicycle 0.0011 -1 239 9 394
bicycle 0.0010 -1 295 5 339
bicycle 0.0010 467 246 508 309
bicycle 0.0010 492 232 501 421
bicycle 0.0010 317 294 347 316
car 0.0516 464 180 505 329
car 0.0210 406 176 530 336
car 0.0097 -24 156 163 476
car 0.0048 164 284 195 308
car 0.0045 470 217 507 300
car 0.0023 484 192 501 308
car 0.0022 176 215 413 463
car 0.0022 450 227 514 313
car 0.0017 421 210 506 268
car 0.0010 161 273 198 323
motorbike 0.9165 -29 182 172 468
motorbike 0.7295 336 182 520 452
motorbike 0.2710 176 215 413 463
motorbike 0.0657 283 288 465 407
motorbike 0.0447 19 231 191 425
motorbike 0.0259 262 213 377 342
motorbike 0.0222 303 250 561 402
motorbike 0.0221 263 214 471 451
motorbike 0.0213 448 207 504 334
motorbike 0.0109 90 266 157 396
motorbike 0.0105 280 241 366 322
motorbike 0.0093 451 247 484 306
motorbike 0.0068 443 245 506 377
motorbike 0.0062 471 193 504 391
motorbike 0.0051 413 198 527 342
motorbike 0.0045 133 305 312 406
motorbike 0.0041 468 236 508 302
motorbike 0.0034 -1 239 9 394
motorbike 0.0030 430 265 458 291
motorbike 0.0024 163 244 207 375
motorbike 0.0020 488 212 501 343
motorbike 0.0019 214 115 375 503
motorbike 0.0018 399 248 474 306
motorbike 0.0018 -116 240 253 364
motorbike 0.0016 -1 295 5 339
motorbike 0.0013 62 245 180 385
motorbike 0.0012 -33 248 130 411
motorbike 0.0011 416 224 495 315
motorbike 0.0011 -5 196 28 418
motorbike 0.0010 145 114 306 489
motorbike 0.0010 135 247 158 303
bus 0.0015 469 141 504 336
bird 0.0015 89 99 95 106
horse 0.0015 329 208 527 442
