person 0.0104 436 -64 510 225
person 0.0034 218 13 574 187
person 0.0017 472 -68 503 230
person 0.0017 441 -31 508 114
person 0.0017 17 3 412 167
person 0.0013 264 5 467 285
person 0.0010 -55 6 236 197
car 0.0057 98 -13 475 214
car 0.0010 -17 4 594 167
cat 0.0029 -55 6 236 197
cat 0.0011 218 13 574 187
cat 0.0010 17 3 412 167
dog 0.9933 24 133 401 364
dog 0.0887 0 4 427 192
dog 0.0616 -55 6 236 197
dog 0.0080 218 13 574 187
dog 0.0048 264 5 467 285
dog 0.0020 -21 -162 153 377
horse 0.0448 98 -13 475 214
horse 0.0131 218 13 574 187
horse 0.0070 264 5 467 285
horse 0.0041 -55 6 236 197
sheep 0.0057 33 -18 473 189
sheep 0.0020 -55 6 236 197
cow 0.2912 218 13 574 187
cow 0.2846 33 -18 473 189
cow 0.0330 -55 6 236 197
cow 0.0088 264 5 467 285
cow 0.0029 270 -107 521 326
cow 0.0017 403 -54 531 131
cow 0.0017 434 -50 509 186
cow 0.0017 -21 -162 153 377
