person 0.0787 203 92 223 121
person 0.0293 411 90 428 119
person 0.0148 176 95 193 119
person 0.0144 141 91 160 122
person 0.0121 88 74 116 136
person 0.0121 53 76 87 128
person 0.0114 114 101 127 126
person 0.0110 364 97 379 117
person 0.0091 215 88 235 124
person 0.0079 62 87 80 120
person 0.0074 96 93 112 129
person 0.0072 417 92 434 119
person 0.0065 456 102 475 121
person 0.0065 54 86 72 120
person 0.0064 239 -36 544 270
person 0.0064 370 97 383 117
person 0.0064 440 105 454 120
person 0.0063 112 98 128 143
person 0.0057 391 96 408 116
person 0.0056 192 86 225 125
person 0.0054 30 64 94 141
person 0.0049 448 101 466 121
person 0.0049 352 98 367 116
person 0.0040 225 88 242 123
person 0.0034 381 103 394 117
person 0.0032 35 91 50 115
person 0.0031 65 73 96 129
person 0.0029 39 73 71 130
person 0.0029 272 90 291 119
person 0.0027 109 91 132 155
person 0.0027 496 98 500 149
person 0.0019 82 83 95 123
person 0.0018 73 85 88 122
person 0.0018 46 85 62 121
person 0.0018 100 87 115 123
person 0.0017 148 99 164 121
person 0.0016 191 94 205 118
person 0.0016 465 103 480 120
person 0.0015 292 98 314 125
person 0.0014 134 84 165 127
person 0.0013 218 79 247 128
person 0.0013 184 78 247 133
person 0.0012 495 108 499 174
person 0.0012 78 71 102 133
person 0.0010 114 91 128 120
person 0.0010 131 90 145 122
car 0.0405 -5 101 36 119
car 0.0227 -11 92 43 132
car 0.0046 496 98 500 149
car 0.0039 0 97 7 126
car 0.0035 -15 76 47 167
car 0.0018 491 83 502 182
car 0.0011 239 -36 544 270
bus 0.9996 190 -53 544 282
bus 0.9981 -12 -46 292 260
bus 0.9760 138 59 596 171
bus 0.0498 -60 55 332 174
bus 0.0013 492 52 502 176
train 0.0026 8 -37 308 251
train 0.0011 202 -61 535 276
chair 0.0051 440 105 454 120
chair 0.0035 448 101 466 121
chair 0.0017 456 102 475 121
