person 0.9997 28 14 482 311
person 0.0015 -60 99 238 295
car 0.0012 2 -18 449 289
chair 0.7058 0 58 452 316
chair 0.1240 -60 99 238 295
chair 0.1129 -17 -57 189 387
chair 0.0167 -121 142 619 265
chair 0.0127 -4 16 24 322
chair 0.0015 -67 57 572 201
chair 0.0015 -6 27 63 351
sofa 0.0217 61 65 485 310
sofa 0.0019 -121 142 619 265
sofa 0.0016 -60 99 238 295
diningtable 0.3451 -55 235 551 362
diningtable 0.0045 368 208 544 361
diningtable 0.0043 2 -18 449 289
diningtable 0.0039 -26 119 227 421
diningtable 0.0015 -68 258 199 346
diningtable 0.0011 -42 175 389 394
diningtable 0.0010 -17 -57 189 387
