person 0.8830 225 -15 362 218
person 0.4045 389 -113 476 352
person 0.1084 43 -114 227 299
person 0.0577 -29 25 288 266
person 0.0410 157 -92 360 303
person 0.0328 105 -27 218 191
person 0.0301 -3 26 21 244
person 0.0301 -2 66 11 175
person 0.0126 327 -33 384 145
person 0.0098 -1 91 5 129
person 0.0082 227 -58 419 283
person 0.0078 -2 89 13 225
person 0.0075 77 115 436 405
person 0.0058 124 35 442 191
person 0.0043 0 82 5 155
person 0.0035 344 -13 377 79
person 0.0032 313 2 407 228
person 0.0024 179 56 200 84
person 0.0020 93 20 152 170
person 0.0020 465 46 506 222
person 0.0020 175 18 233 175
person 0.0018 -15 97 429 288
person 0.0017 466 48 480 83
person 0.0015 0 57 4 125
person 0.0013 -1 37 9 66
person 0.0013 466 80 479 101
person 0.0013 478 59 494 80
person 0.0012 -1 -2 10 167
person 0.0010 0 115 5 181
person 0.0010 -51 12 312 148
person 0.0010 493 82 500 119
bicycle 0.0082 -34 98 381 285
bicycle 0.0041 104 121 476 411
bicycle 0.0025 -3 239 585 408
bicycle 0.0020 373 117 498 420
bicycle 0.0019 12 24 183 409
bicycle 0.0013 24 29 142 240
bicycle 0.0012 23 81 150 340
bicycle 0.0011 206 -71 364 229
bicycle 0.0010 245 -18 418 297
car 0.0732 -20 127 434 295
car 0.0152 74 68 430 371
car 0.0086 124 153 502 432
car 0.0037 34 11 318 431
car 0.0023 7 -11 476 303
car 0.0021 12 24 183 409
car 0.0012 -3 239 585 408
motorbike 0.9964 110 154 472 429
motorbike 0.9844 -12 198 598 399
motorbike 0.4294 -46 126 401 292
motorbike 0.0426 30 22 237 419
motorbike 0.0208 -34 63 233 298
motorbike 0.0176 42 76 384 360
motorbike 0.0154 23 81 150 340
motorbike 0.0024 -2 79 13 218
motorbike 0.0023 52 93 197 249
motorbike 0.0022 -4 56 22 245
motorbike 0.0016 24 29 142 240
motorbike 0.0011 60 115 182 343
motorbike 0.0010 34 158 96 308
bus 0.0081 7 -11 476 303
train 0.0148 24 -9 463 228
train 0.0043 206 -71 364 229
cat 0.0016 193 302 294 468
chair 0.0014 124 153 502 432
chair 0.0012 -4 56 22 245
pottedplant 0.0031 462 80 507 262
diningtable 0.0012 61 151 455 432
