person 0.0044 444 145 508 439
person 0.0035 441 -134 508 526
person 0.0026 468 -108 503 500
person 0.0013 -7 -65 188 154
cat 0.0016 153 114 393 506
dog 0.8755 39 12 409 241
dog 0.0071 80 -4 484 396
dog 0.0015 153 114 393 506
bottle 0.0039 444 145 508 439
bottle 0.0036 336 -45 455 161
bottle 0.0011 469 133 505 414
chair 0.0892 -7 -65 188 154
chair 0.0142 434 -62 511 231
chair 0.0037 468 -108 503 500
chair 0.0037 437 -162 511 439
chair 0.0033 444 82 509 466
chair 0.0026 55 -4 450 397
chair 0.0022 -46 -17 229 98
chair 0.0019 326 -111 482 236
chair 0.0016 480 4 502 429
chair 0.0010 479 -86 504 250
sofa 0.0038 -70 -21 245 76
sofa 0.0020 55 -4 450 397
diningtable 0.2170 55 -4 450 397
diningtable 0.0093 -7 -65 188 154
diningtable 0.0024 151 117 380 502
diningtable 0.0013 48 248 479 365
diningtable 0.0010 328 185 496 471
tvmonitor 0.0367 326 -111 482 236
tvmonitor 0.0058 336 -45 455 161
tvmonitor 0.0013 -77 -23 221 66
