person 0.0326 67 65 481 357
bicycle 0.9851 31 16 466 357
bicycle 0.0035 3 17 200 423
bicycle 0.0030 -50 91 258 281
bicycle 0.0015 -62 126 483 313
car 0.0072 -18 0 62 74
car 0.0059 86 -4 472 326
car 0.0029 -22 -35 73 89
car 0.0010 -10 -48 68 175
motorbike 0.0329 46 58 457 363
bus 0.0052 53 -6 449 330
train 0.0059 31 2 414 317
boat 0.0070 67 65 481 357
boat 0.0025 -18 0 62 74
bottle 0.0014 86 -4 472 326
chair 0.0019 86 -4 472 326
chair 0.0011 -9 -22 53 76
pottedplant 0.0052 116 -51 219 175
pottedplant 0.0022 76 12 250 145
pottedplant 0.0019 -11 -29 72 188
diningtable 0.0026 67 65 481 357
diningtable 0.0010 -18 0 62 74
