person 0.1435 225 118 282 261
person 0.0353 233 144 270 220
person 0.0122 21 159 29 174
person 0.0061 140 127 370 251
person 0.0054 -2 161 15 183
person 0.0047 61 76 500 263
person 0.0042 379 129 384 137
person 0.0042 247 140 257 154
person 0.0040 402 134 418 149
person 0.0037 234 152 257 250
person 0.0036 119 117 137 131
person 0.0027 218 197 234 233
person 0.0022 152 115 167 130
person 0.0021 22 120 29 134
person 0.0013 409 135 419 150
person 0.0012 110 116 131 132
person 0.0012 349 140 365 150
person 0.0011 243 154 262 178
person 0.0010 25 133 487 206
car 0.1308 119 117 137 131
car 0.1230 214 120 237 132
car 0.1080 152 115 167 130
car 0.0843 226 123 244 133
car 0.0746 110 116 131 132
car 0.0476 128 108 155 132
car 0.0265 136 113 160 131
car 0.0188 237 123 248 131
car 0.0183 208 119 228 132
car 0.0162 437 127 456 137
car 0.0128 157 116 173 128
car 0.0109 488 118 499 128
car 0.0101 478 118 497 126
car 0.0068 324 113 345 127
car 0.0059 6 123 23 134
car 0.0058 89 118 115 130
car 0.0056 267 119 278 126
car 0.0051 192 115 219 133
car 0.0040 160 107 271 141
car 0.0040 188 108 221 128
car 0.0036 258 120 270 128
car 0.0029 35 124 46 135
car 0.0026 178 117 194 131
car 0.0025 114 102 179 138
car 0.0025 171 119 186 131
car 0.0023 166 99 233 138
car 0.0022 120 112 139 129
car 0.0020 485 112 501 128
car 0.0018 100 118 120 130
car 0.0017 183 114 195 125
car 0.0015 -2 161 15 183
car 0.0012 479 142 491 151
car 0.0012 288 122 297 128
car 0.0011 1 121 8 136
car 0.0010 75 121 85 131
car 0.0010 3 128 22 139
aeroplane 0.9143 71 88 428 284
aeroplane 0.0068 488 118 499 128
aeroplane 0.0050 478 118 497 126
aeroplane 0.0025 54 158 388 246
aeroplane 0.0017 485 112 501 128
bus 0.0125 131 106 160 134
bus 0.0060 188 108 221 128
bus 0.0052 106 107 130 132
bus 0.0042 166 99 233 138
bus 0.0028 71 88 428 284
train 0.0016 71 88 428 284
boat 0.0115 74 75 427 271
boat 0.0010 30 144 417 233
dog 0.0038 -2 161 15 183
cow 0.0035 -2 161 15 183
