person 0.9973 -21 97 276 328
person 0.7231 47 123 373 298
person 0.6254 231 15 507 375
person 0.4723 105 -29 303 432
person 0.3856 156 118 583 281
person 0.1881 234 86 358 223
person 0.1700 177 65 337 241
person 0.1565 196 -25 380 421
person 0.1552 241 102 407 451
person 0.1472 254 110 334 194
person 0.0548 272 96 313 148
person 0.0479 263 83 322 160
person 0.0449 214 66 420 205
person 0.0197 126 81 239 345
person 0.0195 252 78 378 309
person 0.0150 231 208 409 375
person 0.0141 259 100 527 207
person 0.0109 9 103 486 248
person 0.0108 81 20 423 258
person 0.0096 219 163 575 323
person 0.0091 282 101 382 167
person 0.0058 350 70 511 351
person 0.0053 337 190 422 280
person 0.0048 301 155 445 284
person 0.0045 283 118 304 144
person 0.0040 271 123 313 178
person 0.0033 67 251 257 365
person 0.0031 33 21 228 465
person 0.0030 281 114 342 172
person 0.0029 213 88 314 178
person 0.0028 187 97 298 328
person 0.0023 204 52 592 221
person 0.0020 327 98 412 162
person 0.0019 276 105 293 118
person 0.0018 278 115 526 445
person 0.0015 66 68 258 246
person 0.0014 92 108 201 359
person 0.0011 219 85 340 336
person 0.0010 161 159 322 306
person 0.0010 277 103 303 123
person 0.0010 343 131 364 148
cat 0.0172 338 195 420 265
cat 0.0147 304 172 449 296
dog 0.0261 304 172 449 296
dog 0.0121 338 195 420 265
dog 0.0053 241 102 407 451
bottle 0.2607 368 221 393 297
bottle 0.0242 248 85 261 118
bottle 0.0032 354 196 405 347
bottle 0.0027 254 93 268 114
bottle 0.0023 254 80 267 110
bottle 0.0017 48 273 120 357
bottle 0.0014 240 76 267 127
bottle 0.0014 371 245 389 286
bottle 0.0011 33 107 58 145
chair 0.1498 170 -13 242 169
chair 0.0918 270 58 535 351
chair 0.0234 241 102 407 451
chair 0.0177 97 129 161 264
chair 0.0160 219 163 575 323
chair 0.0090 -40 135 256 328
chair 0.0048 95 -29 269 440
chair 0.0045 368 65 470 177
chair 0.0044 237 45 314 141
chair 0.0041 365 145 523 428
chair 0.0041 82 134 202 288
chair 0.0034 101 157 114 204
chair 0.0028 353 -13 517 331
chair 0.0020 97 151 122 211
chair 0.0020 129 -71 291 240
chair 0.0017 396 48 514 256
chair 0.0016 189 132 220 187
chair 0.0016 156 118 583 281
chair 0.0013 196 -25 380 421
chair 0.0013 222 44 371 154
chair 0.0013 235 269 403 360
chair 0.0012 174 66 343 220
chair 0.0010 9 24 192 464
sofa 0.3099 156 118 583 281
sofa 0.1252 -40 135 256 328
sofa 0.1120 270 58 535 351
sofa 0.1061 251 24 478 250
sofa 0.0794 95 -29 269 440
sofa 0.0704 219 163 575 323
sofa 0.0609 26 153 477 321
sofa 0.0365 259 72 445 177
sofa 0.0323 188 13 387 323
sofa 0.0250 241 102 407 451
sofa 0.0146 365 145 523 428
sofa 0.0075 353 -13 517 331
sofa 0.0071 179 72 376 209
sofa 0.0051 259 100 527 207
sofa 0.0040 102 83 226 348
sofa 0.0033 97 129 161 264
sofa 0.0032 119 33 386 453
sofa 0.0029 33 21 228 465
sofa 0.0028 368 65 470 177
sofa 0.0020 9 103 486 248
sofa 0.0018 81 20 423 258
sofa 0.0017 82 134 202 288
sofa 0.0013 252 78 378 309
sofa 0.0012 222 44 371 154
sofa 0.0010 282 101 382 167
diningtable 0.0565 365 145 523 428
diningtable 0.0013 256 109 469 450
tvmonitor 0.2141 -12 -86 214 251
tvmonitor 0.1579 367 71 471 171
tvmonitor 0.0575 424 52 513 229
tvmonitor 0.0143 -73 19 277 160
tvmonitor 0.0094 16 -13 165 33
tvmonitor 0.0040 369 28 538 244
tvmonitor 0.0024 -8 -27 188 48
tvmonitor 0.0018 477 16 506 262
tvmonitor 0.0015 271 34 350 153
tvmonitor 0.0014 490 102 502 220
tvmonitor 0.0010 386 87 427 154
