person 0.0470 9 115 74 252
person 0.0112 296 92 323 140
person 0.0048 20 117 62 212
person 0.0020 226 68 336 323
bird 0.0047 165 65 184 83
bird 0.0029 143 56 195 91
bird 0.0013 132 33 190 103
bird 0.0013 282 38 326 109
cat 0.0018 30 131 128 195
bottle 0.0013 296 92 323 140
chair 0.2021 171 90 255 189
chair 0.0696 191 101 234 178
chair 0.0464 143 62 328 315
chair 0.0366 117 123 359 224
chair 0.0186 32 108 142 277
chair 0.0088 229 107 331 310
chair 0.0053 165 57 296 221
chair 0.0044 175 89 206 179
chair 0.0044 294 80 324 151
chair 0.0039 222 91 262 185
chair 0.0032 194 81 286 197
chair 0.0025 214 124 259 179
chair 0.0021 0 146 85 258
chair 0.0016 183 107 241 152
chair 0.0014 -3 71 85 303
chair 0.0013 268 174 336 266
chair 0.0012 186 213 364 253
chair 0.0010 239 115 341 185
sofa 0.5758 143 62 328 315
sofa 0.4220 108 146 367 226
sofa 0.0315 229 107 331 310
sofa 0.0185 171 90 255 189
sofa 0.0145 32 108 142 277
sofa 0.0047 165 57 296 221
sofa 0.0023 132 83 252 292
sofa 0.0017 271 141 327 261
sofa 0.0016 191 101 234 178
sofa 0.0014 155 128 226 252
sofa 0.0012 118 88 359 214
sofa 0.0012 236 116 344 209
pottedplant 0.0804 232 86 268 186
pottedplant 0.0250 170 85 281 196
pottedplant 0.0151 108 40 159 99
pottedplant 0.0142 179 90 200 117
pottedplant 0.0096 191 101 234 178
pottedplant 0.0011 118 88 359 214
pottedplant 0.0010 238 100 257 158
pottedplant 0.0010 215 117 261 154
diningtable 0.0019 229 107 331 310
tvmonitor 0.0942 87 90 137 196
tvmonitor 0.0239 294 80 324 151
