person 0.0300 468 222 508 311
person 0.0144 172 143 207 225
person 0.0094 211 158 244 222
person 0.0084 152 128 222 240
person 0.0013 124 101 263 265
person 0.0011 480 224 504 297
person 0.0010 189 161 203 185
person 0.0010 219 176 236 211
car 0.0108 330 174 350 193
car 0.0064 325 174 393 229
car 0.0049 494 186 501 217
car 0.0029 496 173 500 214
car 0.0015 332 132 354 151
car 0.0013 280 153 477 247
car 0.0012 350 186 449 218
car 0.0010 341 190 382 207
car 0.0010 490 144 501 262
bird 0.0033 2 41 45 210
bird 0.0010 10 78 36 114
cat 0.0063 211 158 244 222
cat 0.0016 2 41 45 210
cat 0.0010 468 222 508 311
bottle 0.0150 356 245 378 271
bottle 0.0034 349 235 385 278
bottle 0.0028 130 184 144 233
bottle 0.0023 116 181 147 235
bottle 0.0021 122 193 137 229
bottle 0.0019 356 244 368 261
bottle 0.0017 357 242 382 260
bottle 0.0016 10 56 34 213
chair 0.9214 29 247 180 430
chair 0.9169 400 179 460 284
chair 0.7823 145 299 328 407
chair 0.4552 377 163 480 298
chair 0.3618 326 167 384 276
chair 0.1735 379 187 413 271
chair 0.1515 440 199 509 417
chair 0.1223 326 178 360 267
chair 0.1123 385 190 415 207
chair 0.0968 342 187 381 268
chair 0.0920 325 174 393 229
chair 0.0808 480 224 504 297
chair 0.0617 9 195 433 462
chair 0.0486 306 157 408 285
chair 0.0444 341 187 384 204
chair 0.0420 468 222 508 311
chair 0.0398 393 197 423 207
chair 0.0273 395 198 440 210
chair 0.0234 366 167 420 274
chair 0.0187 342 176 399 285
chair 0.0117 343 180 382 225
chair 0.0105 330 174 350 193
chair 0.0102 399 187 434 270
chair 0.0100 366 189 453 217
chair 0.0099 357 269 499 420
chair 0.0083 381 193 400 207
chair 0.0068 354 192 381 207
chair 0.0062 490 235 501 265
chair 0.0058 396 187 417 203
chair 0.0056 433 187 456 273
chair 0.0055 385 204 407 236
chair 0.0046 419 191 457 253
chair 0.0042 341 180 437 242
chair 0.0041 338 201 362 220
chair 0.0040 346 201 375 220
chair 0.0040 373 177 407 248
chair 0.0039 274 148 466 448
chair 0.0038 366 179 433 211
chair 0.0037 423 204 452 222
chair 0.0036 381 182 418 222
chair 0.0035 424 208 451 230
chair 0.0033 390 213 403 263
chair 0.0032 137 249 337 365
chair 0.0032 -35 238 118 431
chair 0.0029 363 181 398 264
chair 0.0028 386 211 398 265
chair 0.0026 461 221 478 239
chair 0.0025 404 185 468 241
chair 0.0023 445 166 512 271
chair 0.0020 331 192 353 210
chair 0.0019 63 272 145 404
chair 0.0019 463 230 484 243
chair 0.0018 437 204 454 236
chair 0.0018 417 198 531 349
chair 0.0017 382 188 399 201
chair 0.0017 402 205 416 234
chair 0.0017 381 202 402 220
chair 0.0017 329 182 356 199
chair 0.0016 456 205 491 253
chair 0.0016 391 216 404 244
chair 0.0015 409 225 530 434
chair 0.0015 466 179 508 258
chair 0.0015 334 192 350 227
chair 0.0014 463 150 505 313
chair 0.0013 197 283 307 347
chair 0.0013 408 187 446 257
chair 0.0013 337 195 363 208
chair 0.0013 417 211 440 228
chair 0.0013 416 203 439 218
chair 0.0013 357 199 379 221
chair 0.0011 483 177 502 263
chair 0.0010 333 211 350 252
chair 0.0010 337 187 363 200
sofa 0.9539 27 190 462 463
sofa 0.5708 440 199 509 417
sofa 0.0284 462 206 505 335
sofa 0.0188 145 299 328 407
sofa 0.0182 -68 252 564 366
sofa 0.0142 480 224 504 297
sofa 0.0128 29 247 180 430
sofa 0.0069 274 148 466 448
sofa 0.0036 417 198 531 349
sofa 0.0033 -35 238 118 431
sofa 0.0027 409 225 530 434
sofa 0.0025 357 269 499 420
sofa 0.0020 132 245 343 350
sofa 0.0017 366 189 453 217
sofa 0.0014 352 120 522 500
sofa 0.0012 446 150 507 314
sofa 0.0011 325 174 393 229
sofa 0.0011 292 210 460 345
sofa 0.0011 390 173 468 291
pottedplant 0.6471 -35 237 103 431
pottedplant 0.1538 211 158 244 222
pottedplant 0.0915 466 179 508 258
pottedplant 0.0871 448 159 506 277
pottedplant 0.0723 -12 256 64 411
pottedplant 0.0227 483 177 502 263
pottedplant 0.0128 421 147 529 290
pottedplant 0.0110 494 186 500 236
pottedplant 0.0061 14 267 77 400
pottedplant 0.0053 490 211 499 248
pottedplant 0.0053 475 215 499 242
pottedplant 0.0032 219 176 236 211
pottedplant 0.0026 490 144 501 262
pottedplant 0.0023 349 235 385 278
pottedplant 0.0022 456 205 491 253
pottedplant 0.0020 218 169 234 192
pottedplant 0.0018 462 219 485 243
pottedplant 0.0017 340 226 398 288
pottedplant 0.0017 464 207 484 236
pottedplant 0.0012 197 147 255 234
pottedplant 0.0011 324 154 397 214
pottedplant 0.0011 344 160 382 206
pottedplant 0.0011 -12 129 75 461
pottedplant 0.0011 -8 284 37 410
pottedplant 0.0010 474 198 496 224
pottedplant 0.0010 463 182 505 331
pottedplant 0.0010 348 170 374 195
diningtable 0.1570 366 189 453 217
diningtable 0.1297 325 155 466 284
diningtable 0.0645 390 180 446 280
diningtable 0.0469 -22 263 195 425
diningtable 0.0255 395 198 440 210
diningtable 0.0209 345 181 455 238
diningtable 0.0200 325 174 393 229
diningtable 0.0180 326 167 384 276
diningtable 0.0171 -5 335 148 395
diningtable 0.0166 393 197 423 207
diningtable 0.0117 341 190 382 207
diningtable 0.0083 385 190 415 207
diningtable 0.0080 292 210 460 345
diningtable 0.0066 366 167 420 274
diningtable 0.0054 318 183 441 221
diningtable 0.0040 379 187 413 271
diningtable 0.0034 390 203 429 214
diningtable 0.0028 291 138 446 411
diningtable 0.0020 306 163 410 294
diningtable 0.0016 385 203 410 218
diningtable 0.0015 397 188 437 256
diningtable 0.0014 346 201 375 220
diningtable 0.0013 377 189 476 235
diningtable 0.0013 478 224 506 310
diningtable 0.0013 -35 237 103 431
diningtable 0.0012 440 241 510 415
diningtable 0.0010 338 201 362 220
tvmonitor 0.9945 127 103 249 263
tvmonitor 0.3288 148 122 225 244
tvmonitor 0.0093 29 250 177 434
tvmonitor 0.0017 145 299 328 407
tvmonitor 0.0016 330 174 350 193
tvmonitor 0.0016 293 209 465 364
tvmonitor 0.0013 480 224 504 297
