person 0.9956 196 39 315 210
person 0.9935 110 -20 239 313
person 0.9895 108 59 228 235
person 0.9863 179 113 577 326
person 0.9676 273 15 413 219
person 0.9408 -35 125 225 343
person 0.4682 184 -29 327 293
person 0.3490 463 77 507 276
person 0.0869 300 45 380 189
person 0.0584 9 -35 163 416
person 0.0434 226 -1 526 373
person 0.0192 -1 63 6 245
person 0.0078 188 77 557 245
person 0.0075 -3 -40 10 395
person 0.0073 19 62 152 292
person 0.0067 465 30 505 439
person 0.0055 -20 101 121 415
person 0.0036 343 125 547 350
person 0.0029 444 61 509 334
person 0.0026 0 100 1 225
person 0.0022 448 -20 505 119
person 0.0021 462 -49 506 213
person 0.0016 337 183 397 235
person 0.0012 66 124 431 348
person 0.0011 482 63 501 483
person 0.0010 -2 105 31 328
boat 0.0013 -49 172 498 349
bottle 0.9494 315 209 356 325
bottle 0.0129 337 227 369 290
bottle 0.0055 348 198 374 219
bottle 0.0032 344 250 361 281
bottle 0.0023 417 257 460 324
bottle 0.0019 233 181 319 209
bottle 0.0019 302 222 375 315
bottle 0.0013 350 234 373 261
bottle 0.0010 261 213 409 326
chair 0.7951 -36 303 110 404
chair 0.7748 362 89 522 520
chair 0.6470 -27 -3 140 535
chair 0.6119 -20 117 120 425
chair 0.4157 -44 167 169 354
chair 0.3152 345 160 548 364
chair 0.1330 381 197 516 428
chair 0.0687 466 66 506 325
chair 0.0224 320 279 553 414
chair 0.0150 -11 134 60 298
chair 0.0113 91 32 243 253
chair 0.0112 -37 230 132 399
chair 0.0049 -13 202 81 420
chair 0.0048 430 79 512 430
chair 0.0045 487 167 502 274
chair 0.0038 120 256 182 318
chair 0.0036 -15 212 208 457
chair 0.0035 480 67 503 440
chair 0.0029 109 138 133 226
chair 0.0028 -1 63 6 245
chair 0.0022 493 193 500 248
chair 0.0020 2 234 171 358
chair 0.0019 36 238 100 393
chair 0.0019 0 102 2 203
chair 0.0016 174 13 339 227
chair 0.0015 206 131 220 176
chair 0.0013 -33 115 88 316
chair 0.0012 104 84 171 230
chair 0.0012 -2 105 31 328
chair 0.0012 152 245 216 374
chair 0.0011 154 248 182 351
chair 0.0010 -27 114 272 346
chair 0.0010 -3 -40 10 395
sofa 0.0041 -36 303 110 404
sofa 0.0025 345 160 548 364
sofa 0.0018 362 89 522 520
sofa 0.0014 466 66 506 325
sofa 0.0010 -40 127 177 345
diningtable 0.8922 -34 169 518 349
diningtable 0.0441 54 56 434 404
diningtable 0.0014 30 80 229 375
diningtable 0.0011 226 -1 526 373
tvmonitor 0.0013 203 152 424 251
tvmonitor 0.0010 -20 157 508 317
