person 0.7380 169 160 207 222
person 0.5895 61 162 99 210
person 0.5272 351 141 424 239
person 0.4975 149 162 187 224
person 0.3686 155 151 218 233
person 0.1687 52 151 108 220
person 0.1044 369 155 407 212
person 0.0628 177 168 201 200
person 0.0622 68 168 92 199
person 0.0622 304 177 317 225
person 0.0531 67 103 480 314
person 0.0466 183 188 207 219
person 0.0431 154 170 176 201
person 0.0247 301 168 321 233
person 0.0173 192 164 260 236
person 0.0157 51 176 68 202
person 0.0150 411 152 441 218
person 0.0134 37 157 70 206
person 0.0133 130 175 150 266
person 0.0129 206 161 243 226
person 0.0129 43 177 63 200
person 0.0122 355 162 387 220
person 0.0111 186 176 203 205
person 0.0090 378 167 398 196
person 0.0078 169 169 241 233
person 0.0072 36 181 54 199
person 0.0067 88 175 109 205
person 0.0066 199 9 219 28
person 0.0063 29 162 56 184
person 0.0062 64 175 84 205
person 0.0059 372 171 390 195
person 0.0055 206 186 224 220
person 0.0050 495 215 501 266
person 0.0047 142 143 190 246
person 0.0047 43 162 63 188
person 0.0042 417 170 435 211
person 0.0038 156 198 180 218
person 0.0037 113 167 129 200
person 0.0033 13 143 75 218
person 0.0032 493 150 501 351
person 0.0031 362 172 380 211
person 0.0028 390 186 409 216
person 0.0028 109 162 129 261
person 0.0028 43 10 57 30
person 0.0025 128 144 275 243
person 0.0025 478 209 488 252
person 0.0024 215 176 235 208
person 0.0023 496 189 499 275
person 0.0023 134 191 147 230
person 0.0022 389 180 408 205
person 0.0021 24 9 36 29
person 0.0021 318 120 439 247
person 0.0021 491 168 501 292
person 0.0020 197 189 217 218
person 0.0020 27 162 44 182
person 0.0019 153 198 167 218
person 0.0019 306 147 332 236
person 0.0017 475 196 493 267
person 0.0016 271 152 298 228
person 0.0015 124 144 161 281
person 0.0015 370 178 390 205
person 0.0015 133 167 147 197
person 0.0014 83 177 99 205
person 0.0014 168 178 187 206
person 0.0014 347 144 377 224
person 0.0013 295 130 338 237
person 0.0013 20 10 32 29
person 0.0012 238 173 254 210
person 0.0012 411 170 428 210
person 0.0012 187 178 224 223
person 0.0011 330 127 381 234
person 0.0011 232 161 262 225
person 0.0010 109 140 145 288
bicycle 0.0053 467 203 505 343
bicycle 0.0016 493 173 501 363
bicycle 0.0011 495 215 501 266
car 0.0028 495 215 501 266
bus 0.9997 38 83 455 317
pottedplant 0.0110 335 15 360 44
pottedplant 0.0083 333 6 366 68
pottedplant 0.0068 342 25 360 50
pottedplant 0.0018 347 28 370 49
pottedplant 0.0010 311 34 347 78
diningtable 0.0016 17 101 438 317
