person 0.9996 -36 93 174 360
person 0.9986 181 163 399 361
person 0.9894 250 100 561 361
person 0.6980 209 -49 371 568
person 0.0574 26 172 470 360
person 0.0571 221 95 372 421
person 0.0263 465 132 493 196
person 0.0063 378 176 384 182
person 0.0029 477 79 503 392
person 0.0028 462 127 505 268
person 0.0025 259 258 546 431
person 0.0016 470 144 486 184
person 0.0014 -2 50 17 421
person 0.0012 484 161 503 261
person 0.0012 282 257 430 372
person 0.0010 492 178 499 225
bicycle 0.0017 -36 126 173 380
bicycle 0.0015 -4 164 22 386
car 0.0054 462 127 505 268
car 0.0040 470 220 505 405
car 0.0037 470 257 506 339
car 0.0022 238 143 571 363
car 0.0015 -125 -56 610 140
car 0.0014 486 242 502 353
car 0.0013 477 79 503 392
motorbike 0.0514 259 258 546 431
motorbike 0.0083 238 143 571 363
motorbike 0.0028 283 118 521 495
aeroplane 0.0013 25 6 478 142
boat 0.1917 140 96 613 364
boat 0.0933 33 -22 466 403
boat 0.0747 26 172 470 360
boat 0.0745 259 258 546 431
boat 0.0197 75 236 510 441
boat 0.0095 83 210 281 454
boat 0.0066 250 135 275 152
boat 0.0065 378 176 384 182
boat 0.0060 -113 211 376 367
boat 0.0057 237 62 486 389
boat 0.0056 462 127 505 268
boat 0.0052 -1 155 12 171
boat 0.0050 310 176 320 183
boat 0.0041 234 284 446 410
boat 0.0040 450 154 515 212
boat 0.0038 -28 95 188 355
boat 0.0033 468 158 506 226
boat 0.0029 66 131 350 491
boat 0.0029 55 303 306 406
boat 0.0024 150 160 169 167
boat 0.0022 483 149 503 237
boat 0.0020 238 160 251 167
boat 0.0018 344 177 351 184
boat 0.0018 282 257 430 372
boat 0.0017 290 9 380 181
boat 0.0016 492 164 499 200
boat 0.0015 307 108 550 355
boat 0.0015 247 120 280 205
boat 0.0014 475 172 498 193
boat 0.0014 197 160 214 166
boat 0.0013 381 175 395 184
boat 0.0013 314 177 321 184
boat 0.0013 232 -42 406 258
bird 0.0150 290 9 380 181
horse 0.0169 259 258 546 431
bottle 0.0019 384 238 416 303
bottle 0.0011 362 217 417 330
chair 0.0023 238 143 571 363
chair 0.0021 404 290 530 411
chair 0.0013 468 127 504 302
