person 0.5429 177 187 263 353
person 0.0159 390 271 405 288
person 0.0041 434 187 506 498
person 0.0040 191 194 251 307
person 0.0030 184 210 233 349
person 0.0025 409 269 445 324
person 0.0022 188 244 228 329
person 0.0012 -5 73 60 414
person 0.0012 191 242 254 354
person 0.0010 104 98 169 237
person 0.0010 416 278 437 300
car 0.0037 388 293 472 341
chair 0.0031 431 202 506 516
pottedplant 0.4542 199 92 357 293
pottedplant 0.1490 31 104 140 239
pottedplant 0.0577 56 119 119 223
pottedplant 0.0576 370 266 406 326
pottedplant 0.0390 409 269 445 324
pottedplant 0.0372 393 259 459 337
pottedplant 0.0245 353 257 423 336
pottedplant 0.0164 92 101 172 170
pottedplant 0.0145 238 118 318 267
pottedplant 0.0119 302 239 446 371
pottedplant 0.0116 364 241 495 366
pottedplant 0.0105 374 274 401 303
pottedplant 0.0104 327 264 500 426
pottedplant 0.0094 242 168 340 256
pottedplant 0.0076 -13 78 158 295
pottedplant 0.0076 -3 84 29 258
pottedplant 0.0062 331 283 369 348
pottedplant 0.0061 68 72 185 186
pottedplant 0.0051 100 97 165 238
pottedplant 0.0047 388 293 472 341
pottedplant 0.0045 6 124 55 289
pottedplant 0.0042 434 187 506 498
pottedplant 0.0041 416 278 437 300
pottedplant 0.0039 -11 -20 70 316
pottedplant 0.0036 129 79 223 150
pottedplant 0.0036 -1 32 56 182
pottedplant 0.0031 320 276 383 356
pottedplant 0.0029 354 152 509 542
pottedplant 0.0026 222 141 306 222
pottedplant 0.0023 407 282 428 314
pottedplant 0.0022 416 276 439 316
pottedplant 0.0020 388 272 405 299
pottedplant 0.0019 120 51 237 167
pottedplant 0.0017 81 80 159 153
pottedplant 0.0015 372 265 444 312
pottedplant 0.0014 444 229 508 376
pottedplant 0.0013 390 271 405 288
pottedplant 0.0012 272 178 475 460
pottedplant 0.0012 185 6 389 331
pottedplant 0.0012 34 172 132 213
pottedplant 0.0010 67 137 94 164
