person 0.0011 431 224 447 256
bird 0.0029 292 104 310 130
bottle 0.0053 385 191 398 230
bottle 0.0033 391 191 402 230
bottle 0.0018 398 245 435 292
bottle 0.0016 418 227 452 293
bottle 0.0010 482 140 492 170
chair 0.3730 -34 150 275 497
chair 0.2945 -93 243 332 371
chair 0.0928 -36 168 161 335
chair 0.0592 65 191 93 213
chair 0.0571 46 194 74 215
chair 0.0547 27 185 99 235
chair 0.0399 58 197 84 221
chair 0.0395 -1 242 147 299
chair 0.0321 11 193 49 233
chair 0.0254 54 189 90 230
chair 0.0222 0 184 54 242
chair 0.0203 -24 229 75 288
chair 0.0098 47 178 110 227
chair 0.0090 73 193 109 231
chair 0.0077 215 194 377 356
chair 0.0071 173 85 373 418
chair 0.0070 -29 196 90 313
chair 0.0066 39 200 69 219
chair 0.0062 -8 195 97 244
chair 0.0059 52 211 71 227
chair 0.0056 61 187 120 237
chair 0.0045 37 187 71 233
chair 0.0045 -5 174 56 291
chair 0.0044 78 202 104 224
chair 0.0040 74 197 88 225
chair 0.0037 0 231 10 266
chair 0.0035 17 213 46 228
chair 0.0026 -7 222 30 275
chair 0.0025 44 211 58 228
chair 0.0023 18 194 48 215
chair 0.0022 13 67 169 382
chair 0.0019 28 196 117 279
chair 0.0018 -3 212 17 285
chair 0.0014 -22 230 186 321
chair 0.0013 76 118 146 302
chair 0.0013 -4 197 27 426
chair 0.0013 85 213 305 343
chair 0.0012 294 341 449 392
chair 0.0010 67 211 78 227
sofa 0.9943 136 52 376 445
sofa 0.9518 -52 120 292 508
sofa 0.9119 -92 237 318 371
sofa 0.3470 83 187 415 321
sofa 0.0770 -33 164 158 311
sofa 0.0160 -12 102 138 373
sofa 0.0058 -24 229 75 288
sofa 0.0055 -1 242 147 299
sofa 0.0054 215 194 377 356
sofa 0.0049 85 213 305 343
sofa 0.0047 145 141 376 300
sofa 0.0041 111 138 305 405
sofa 0.0028 -29 196 90 313
sofa 0.0017 5 196 99 240
sofa 0.0016 36 182 106 226
pottedplant 0.7347 63 109 152 292
pottedplant 0.7273 146 108 227 165
pottedplant 0.4550 95 127 143 302
pottedplant 0.0339 64 127 120 236
pottedplant 0.0301 426 -22 521 55
pottedplant 0.0257 -12 102 138 373
pottedplant 0.0150 71 138 109 210
pottedplant 0.0132 102 199 141 281
pottedplant 0.0106 -6 29 33 209
pottedplant 0.0098 36 211 52 229
pottedplant 0.0077 -4 108 19 179
pottedplant 0.0074 -3 187 28 255
pottedplant 0.0073 -8 195 97 244
pottedplant 0.0052 9 191 45 234
pottedplant 0.0049 0 123 11 163
pottedplant 0.0040 183 122 209 151
pottedplant 0.0040 124 88 244 189
pottedplant 0.0038 26 48 175 354
pottedplant 0.0029 -5 181 57 256
pottedplant 0.0022 7 208 23 235
pottedplant 0.0022 173 123 201 149
pottedplant 0.0021 164 123 191 150
pottedplant 0.0020 -16 105 50 181
pottedplant 0.0017 102 165 137 259
pottedplant 0.0015 17 106 88 177
pottedplant 0.0015 30 113 60 173
pottedplant 0.0014 76 172 105 232
pottedplant 0.0013 155 82 218 235
pottedplant 0.0013 159 116 198 156
pottedplant 0.0011 17 213 46 228
pottedplant 0.0011 1 137 6 171
pottedplant 0.0010 92 162 126 241
pottedplant 0.0010 486 -20 503 57
pottedplant 0.0010 -29 82 91 202
diningtable 0.1754 -33 164 158 311
diningtable 0.0141 85 213 305 343
diningtable 0.0136 350 140 520 473
diningtable 0.0039 27 185 99 235
diningtable 0.0026 46 194 74 215
diningtable 0.0021 30 203 115 262
diningtable 0.0019 317 226 543 323
diningtable 0.0014 58 197 84 221
diningtable 0.0013 -12 102 138 373
diningtable 0.0011 -8 195 97 244
diningtable 0.0010 -1 228 9 254
