person 0.1143 446 152 463 191
person 0.0468 250 105 280 163
person 0.0420 254 116 274 154
person 0.0293 247 118 287 191
person 0.0123 443 147 469 198
person 0.0057 238 79 289 200
person 0.0032 -3 261 15 350
person 0.0018 221 114 234 150
person 0.0016 0 281 6 334
person 0.0013 -4 243 28 414
car 0.0089 48 146 114 222
car 0.0041 100 203 229 423
car 0.0010 61 154 97 212
bus 0.0231 -22 215 289 369
bus 0.0214 39 91 252 506
bus 0.0016 96 184 231 410
train 0.0032 -22 215 289 369
train 0.0031 39 91 252 506
train 0.0024 100 203 229 423
boat 0.0203 96 184 231 410
boat 0.0173 -22 215 289 369
boat 0.0088 39 91 252 506
bottle 0.0050 294 273 310 306
bottle 0.0044 306 273 320 306
chair 0.6933 284 150 432 354
chair 0.6350 279 154 346 282
chair 0.5300 257 139 374 296
chair 0.4887 239 151 305 276
chair 0.2082 326 171 412 370
chair 0.1836 272 155 311 194
chair 0.1830 192 127 327 302
chair 0.1799 280 168 359 233
chair 0.1694 264 146 318 203
chair 0.1560 39 91 252 506
chair 0.1010 246 132 288 192
chair 0.0709 -22 215 289 369
chair 0.0664 251 154 279 186
chair 0.0556 234 122 298 204
chair 0.0551 188 156 250 280
chair 0.0454 173 149 208 196
chair 0.0376 178 167 202 192
chair 0.0359 244 107 414 421
chair 0.0309 235 162 259 182
chair 0.0278 210 149 269 280
chair 0.0270 243 139 324 226
chair 0.0252 100 203 229 423
chair 0.0242 174 139 230 258
chair 0.0238 176 160 204 184
chair 0.0233 176 156 213 228
chair 0.0186 361 140 418 253
chair 0.0171 445 142 494 288
chair 0.0159 349 156 388 224
chair 0.0153 202 164 227 179
chair 0.0150 206 130 353 229
chair 0.0142 214 162 238 178
chair 0.0124 293 167 314 194
chair 0.0121 191 154 222 230
chair 0.0111 310 160 332 200
chair 0.0111 213 151 300 193
chair 0.0090 315 126 441 268
chair 0.0086 156 136 277 297
chair 0.0073 157 65 342 334
chair 0.0072 228 183 368 475
chair 0.0066 284 155 320 207
chair 0.0063 222 163 245 178
chair 0.0059 129 143 530 321
chair 0.0047 393 166 502 421
chair 0.0042 353 184 381 216
chair 0.0042 274 156 293 188
chair 0.0040 275 148 348 215
chair 0.0038 284 190 324 267
chair 0.0038 206 173 242 249
chair 0.0037 339 144 402 236
chair 0.0036 379 155 415 231
chair 0.0035 368 187 413 320
chair 0.0026 163 134 208 257
chair 0.0023 226 165 261 241
chair 0.0022 185 177 206 206
chair 0.0021 178 151 256 213
chair 0.0020 439 156 506 232
chair 0.0020 206 152 244 214
chair 0.0020 264 148 282 180
chair 0.0019 307 195 340 264
chair 0.0019 162 142 217 202
chair 0.0018 191 114 247 241
chair 0.0018 227 205 395 347
chair 0.0018 275 144 287 182
chair 0.0017 196 168 216 193
chair 0.0017 279 170 307 190
chair 0.0016 174 164 315 203
chair 0.0016 301 193 420 267
chair 0.0015 334 156 370 229
chair 0.0015 263 137 283 169
chair 0.0014 303 155 317 188
chair 0.0014 225 153 239 178
chair 0.0014 268 127 293 196
chair 0.0014 183 157 208 174
chair 0.0013 174 173 205 243
chair 0.0013 298 60 513 321
chair 0.0012 206 176 225 210
chair 0.0011 254 140 277 166
chair 0.0011 282 169 306 272
chair 0.0010 295 143 327 201
chair 0.0010 310 171 393 230
chair 0.0010 195 147 234 197
chair 0.0010 302 157 344 225
chair 0.0010 180 139 195 168
chair 0.0010 305 170 362 297
sofa 0.0076 393 166 502 421
sofa 0.0045 83 99 242 512
sofa 0.0039 226 127 373 473
sofa 0.0024 208 241 386 422
sofa 0.0024 281 85 427 427
sofa 0.0022 305 158 411 352
sofa 0.0020 379 98 520 497
sofa 0.0016 445 142 494 288
sofa 0.0015 -22 215 289 369
sofa 0.0015 257 139 374 296
pottedplant 0.4475 189 125 247 187
pottedplant 0.1743 206 129 240 182
pottedplant 0.1231 445 142 494 288
pottedplant 0.0971 17 123 70 264
pottedplant 0.0903 147 134 267 300
pottedplant 0.0775 188 156 250 280
pottedplant 0.0678 92 107 146 253
pottedplant 0.0562 156 29 200 176
pottedplant 0.0516 203 151 230 175
pottedplant 0.0462 173 149 208 196
pottedplant 0.0444 -25 115 150 500
pottedplant 0.0386 164 118 184 149
pottedplant 0.0368 175 156 203 175
pottedplant 0.0352 158 105 190 164
pottedplant 0.0318 -18 99 108 262
pottedplant 0.0302 161 55 199 116
pottedplant 0.0290 202 141 233 170
pottedplant 0.0228 174 139 230 258
pottedplant 0.0214 216 155 234 176
pottedplant 0.0188 430 155 508 234
pottedplant 0.0185 -5 57 75 299
pottedplant 0.0174 199 142 212 168
pottedplant 0.0149 197 151 214 175
pottedplant 0.0123 57 110 113 246
pottedplant 0.0117 -99 219 308 374
pottedplant 0.0110 37 94 170 265
pottedplant 0.0106 -10 26 140 352
pottedplant 0.0103 184 160 207 181
pottedplant 0.0099 351 155 390 213
pottedplant 0.0086 165 145 228 200
pottedplant 0.0085 159 71 202 243
pottedplant 0.0078 441 181 467 264
pottedplant 0.0077 238 79 289 200
pottedplant 0.0075 246 30 346 214
pottedplant 0.0074 27 151 62 231
pottedplant 0.0073 195 163 219 180
pottedplant 0.0073 97 104 127 161
pottedplant 0.0069 4 78 60 244
pottedplant 0.0067 249 51 307 192
pottedplant 0.0066 282 58 341 216
pottedplant 0.0066 247 118 287 191
pottedplant 0.0060 148 16 213 262
pottedplant 0.0058 104 148 141 239
pottedplant 0.0058 101 114 122 153
pottedplant 0.0054 152 45 217 126
pottedplant 0.0052 4 152 42 231
pottedplant 0.0051 174 164 205 241
pottedplant 0.0048 341 146 402 221
pottedplant 0.0047 440 67 503 213
pottedplant 0.0044 305 142 336 205
pottedplant 0.0042 180 139 195 168
pottedplant 0.0042 154 100 283 219
pottedplant 0.0040 191 114 247 241
pottedplant 0.0040 192 136 221 188
pottedplant 0.0039 27 108 60 164
pottedplant 0.0039 204 185 243 254
pottedplant 0.0038 42 118 88 267
pottedplant 0.0037 -3 261 15 350
pottedplant 0.0035 443 145 470 216
pottedplant 0.0035 457 165 497 223
pottedplant 0.0032 250 91 280 161
pottedplant 0.0031 57 153 90 212
pottedplant 0.0030 163 134 208 257
pottedplant 0.0030 17 149 87 233
pottedplant 0.0028 433 126 480 274
pottedplant 0.0027 -12 204 107 422
pottedplant 0.0027 157 65 342 334
pottedplant 0.0025 -4 243 28 414
pottedplant 0.0023 37 145 108 222
pottedplant 0.0020 189 189 224 251
pottedplant 0.0020 379 123 520 303
pottedplant 0.0019 172 128 204 183
pottedplant 0.0019 155 143 185 243
pottedplant 0.0019 442 159 474 245
pottedplant 0.0018 310 149 331 177
pottedplant 0.0018 175 103 230 217
pottedplant 0.0018 101 126 134 199
pottedplant 0.0017 344 -1 433 239
pottedplant 0.0015 274 133 348 194
pottedplant 0.0015 187 142 207 167
pottedplant 0.0015 9 164 24 201
pottedplant 0.0014 447 167 466 194
pottedplant 0.0014 135 46 264 191
pottedplant 0.0014 0 281 6 334
pottedplant 0.0014 293 14 381 269
pottedplant 0.0013 178 -40 386 279
pottedplant 0.0013 146 97 190 257
pottedplant 0.0012 5 146 27 220
pottedplant 0.0012 428 173 505 271
pottedplant 0.0012 -1 44 23 313
pottedplant 0.0010 16 142 50 222
pottedplant 0.0010 178 167 202 192
pottedplant 0.0010 448 180 480 263
pottedplant 0.0010 446 152 463 191
diningtable 0.2573 174 164 315 203
diningtable 0.2514 393 166 502 421
diningtable 0.1492 169 129 318 270
diningtable 0.0317 226 127 373 473
diningtable 0.0142 217 143 333 220
diningtable 0.0096 182 156 267 191
diningtable 0.0086 176 160 204 184
diningtable 0.0086 210 204 391 350
diningtable 0.0079 379 98 520 497
diningtable 0.0066 178 151 256 213
diningtable 0.0048 178 167 202 192
diningtable 0.0043 208 142 269 259
diningtable 0.0037 235 143 311 199
diningtable 0.0025 173 149 208 196
diningtable 0.0024 202 164 227 179
diningtable 0.0023 214 162 238 178
diningtable 0.0022 284 150 432 354
diningtable 0.0019 100 203 229 423
diningtable 0.0019 439 156 506 232
diningtable 0.0018 157 65 342 334
diningtable 0.0017 262 155 342 229
diningtable 0.0016 150 105 331 214
diningtable 0.0015 206 172 243 187
diningtable 0.0015 165 145 228 200
diningtable 0.0015 344 147 432 219
diningtable 0.0014 234 153 297 279
diningtable 0.0011 235 162 259 182
