person 0.0019 -77 209 263 390
cat 0.0046 -77 209 263 390
cat 0.0013 200 54 373 400
dog 0.0073 -77 209 263 390
dog 0.0033 38 5 466 193
horse 0.0061 38 5 466 193
horse 0.0023 -77 209 263 390
sheep 0.9980 36 10 470 246
sheep 0.9977 53 166 461 408
sheep 0.9005 -74 189 260 379
sheep 0.8651 200 54 373 400
sheep 0.4462 125 10 270 407
sheep 0.0742 140 110 258 310
sheep 0.0276 208 140 338 314
sheep 0.0177 442 147 506 307
sheep 0.0115 -26 50 160 512
sheep 0.0104 207 42 519 417
sheep 0.0067 73 175 587 289
sheep 0.0060 439 119 506 452
sheep 0.0018 -73 27 583 161
sheep 0.0015 51 81 505 317
sheep 0.0012 59 138 226 315
sheep 0.0010 33 61 237 403
cow 0.0095 -77 209 263 390
cow 0.0064 55 176 498 421
cow 0.0019 8 0 444 303
