person 0.9923 5 -14 330 379
person 0.7516 93 144 505 324
person 0.1013 212 48 441 403
person 0.0173 62 206 533 371
person 0.0150 -20 4 301 221
person 0.0044 -34 -137 240 267
person 0.0038 -49 31 181 338
person 0.0034 160 0 477 222
person 0.0013 -53 174 391 365
bottle 0.0022 205 48 272 111
chair 0.9826 95 155 536 368
chair 0.7102 48 8 287 224
chair 0.2414 80 -124 244 351
chair 0.0537 153 117 504 273
chair 0.0498 6 55 338 369
chair 0.0340 80 187 246 286
chair 0.0276 259 -28 452 412
chair 0.0087 119 -20 240 298
chair 0.0052 93 207 169 267
chair 0.0043 108 124 256 274
chair 0.0030 110 -29 255 76
chair 0.0024 -90 16 299 282
chair 0.0021 190 -2 255 284
chair 0.0015 -69 174 253 364
chair 0.0010 -6 -38 36 121
chair 0.0010 175 125 468 482
chair 0.0010 172 126 229 267
chair 0.0010 -49 31 181 338
sofa 0.0182 48 8 287 224
sofa 0.0129 79 -103 252 393
sofa 0.0056 186 133 526 329
sofa 0.0054 -57 21 324 276
diningtable 0.0046 60 -70 235 296
diningtable 0.0022 -20 4 301 221
diningtable 0.0017 -84 29 284 334
