person 0.9996 175 150 496 359
person 0.9978 44 133 234 347
person 0.9075 147 122 338 351
person 0.9040 70 56 210 425
person 0.6290 184 71 295 396
person 0.6032 407 123 454 236
person 0.4924 430 130 459 212
person 0.1713 405 129 435 194
person 0.1182 324 105 379 294
person 0.0777 384 137 445 260
person 0.0737 397 153 417 188
person 0.0681 418 141 438 169
person 0.0672 371 121 402 185
person 0.0454 348 129 369 162
person 0.0440 390 137 423 192
person 0.0354 346 103 415 183
person 0.0344 427 141 443 169
person 0.0271 410 138 430 171
person 0.0197 357 122 472 274
person 0.0182 341 121 375 168
person 0.0169 237 20 430 488
person 0.0152 437 144 454 183
person 0.0116 394 155 408 185
person 0.0096 380 134 397 174
person 0.0069 372 133 390 173
person 0.0059 -4 146 22 409
person 0.0042 375 121 401 147
person 0.0032 398 124 456 188
person 0.0030 440 156 455 189
person 0.0027 410 163 424 185
person 0.0026 312 115 438 313
person 0.0026 375 122 440 203
person 0.0025 19 147 118 403
person 0.0022 368 117 405 157
person 0.0018 358 132 378 159
person 0.0018 420 134 453 180
person 0.0017 279 45 311 110
person 0.0017 422 163 435 181
person 0.0017 382 122 414 189
person 0.0017 330 113 392 176
person 0.0014 -2 159 7 358
person 0.0014 403 147 463 280
person 0.0012 332 152 368 309
person 0.0012 231 126 328 386
person 0.0012 50 84 446 374
person 0.0011 342 137 363 165
person 0.0011 352 118 390 169
person 0.0011 288 169 310 266
person 0.0011 -7 82 34 167
person 0.0010 389 140 407 171
person 0.0010 375 146 388 175
bicycle 0.0216 346 103 415 183
bicycle 0.0210 22 121 148 272
bicycle 0.0131 39 140 127 335
bicycle 0.0071 205 272 430 424
bicycle 0.0063 54 112 121 250
bicycle 0.0045 367 114 405 177
bicycle 0.0038 33 145 91 289
bicycle 0.0025 -17 -22 149 388
bicycle 0.0013 314 86 435 201
bicycle 0.0013 221 140 484 334
bicycle 0.0012 3 84 173 233
bicycle 0.0012 37 174 129 250
bicycle 0.0010 390 137 423 192
car 0.0018 172 9 320 350
bird 0.0012 -5 45 36 196
dog 0.0021 324 105 379 294
bottle 0.9914 154 315 193 394
bottle 0.9731 274 169 297 269
bottle 0.9591 209 168 228 271
bottle 0.8370 288 163 310 264
bottle 0.6401 299 199 326 262
bottle 0.5962 214 192 240 268
bottle 0.1680 226 196 246 265
bottle 0.0637 130 318 163 392
bottle 0.0469 302 212 321 249
bottle 0.0346 205 161 241 303
bottle 0.0272 229 200 258 258
bottle 0.0262 293 177 307 226
bottle 0.0179 218 219 237 258
bottle 0.0177 231 216 245 259
bottle 0.0119 315 190 359 319
bottle 0.0096 236 211 252 252
bottle 0.0096 326 233 340 263
bottle 0.0084 212 183 226 220
bottle 0.0080 212 176 235 249
bottle 0.0062 281 182 292 221
bottle 0.0054 320 209 346 272
bottle 0.0052 229 207 243 232
bottle 0.0051 292 207 307 249
bottle 0.0044 287 179 299 223
bottle 0.0032 331 221 345 257
bottle 0.0030 220 209 236 232
bottle 0.0030 312 181 346 259
bottle 0.0029 220 197 234 224
bottle 0.0027 263 164 304 298
bottle 0.0026 293 164 343 270
bottle 0.0025 318 223 348 295
bottle 0.0024 234 206 270 250
bottle 0.0024 280 198 308 262
bottle 0.0024 276 201 292 240
bottle 0.0022 335 193 361 285
bottle 0.0020 195 184 276 275
bottle 0.0014 76 302 254 402
bottle 0.0014 297 181 306 208
bottle 0.0014 243 214 263 245
bottle 0.0013 287 200 300 243
bottle 0.0012 322 216 341 247
bottle 0.0011 210 199 223 241
bottle 0.0010 108 310 119 345
bottle 0.0010 316 217 330 243
bottle 0.0010 303 196 320 227
chair 0.9318 348 200 470 414
chair 0.8743 321 123 476 484
chair 0.7628 153 292 477 410
chair 0.2100 -3 169 23 414
chair 0.1924 398 260 534 425
chair 0.1722 67 188 113 401
chair 0.1613 45 147 127 404
chair 0.0669 -4 195 16 283
chair 0.0554 422 159 479 277
chair 0.0274 53 23 211 507
chair 0.0269 61 170 180 420
chair 0.0253 51 180 125 242
chair 0.0234 403 200 439 276
chair 0.0225 180 174 211 231
chair 0.0216 -2 172 10 326
chair 0.0207 430 130 459 212
chair 0.0170 -2 225 7 409
chair 0.0141 -10 182 60 406
chair 0.0135 -1 207 11 253
chair 0.0128 106 93 136 176
chair 0.0123 468 126 505 303
chair 0.0121 0 206 5 271
chair 0.0119 394 143 511 293
chair 0.0110 435 164 455 200
chair 0.0104 138 226 190 395
chair 0.0095 390 137 423 192
chair 0.0086 -5 202 135 381
chair 0.0082 212 274 243 339
chair 0.0079 -10 110 132 497
chair 0.0078 163 147 276 401
chair 0.0077 -1 136 5 439
chair 0.0076 186 179 205 222
chair 0.0075 24 144 144 284
chair 0.0073 436 183 470 262
chair 0.0070 397 153 417 188
chair 0.0069 468 195 505 270
chair 0.0066 382 141 443 285
chair 0.0062 403 147 463 280
chair 0.0061 221 150 334 396
chair 0.0061 397 198 462 393
chair 0.0060 410 163 424 185
chair 0.0059 77 226 127 392
chair 0.0057 262 40 453 474
chair 0.0056 121 157 369 366
chair 0.0055 405 129 435 194
chair 0.0054 398 125 459 223
chair 0.0054 353 318 446 399
chair 0.0050 215 283 236 313
chair 0.0046 44 137 231 359
chair 0.0041 410 140 445 240
chair 0.0040 146 218 522 363
chair 0.0040 96 80 143 197
chair 0.0039 421 145 438 177
chair 0.0038 440 156 455 189
chair 0.0037 469 148 507 234
chair 0.0037 72 78 140 239
chair 0.0031 37 71 168 243
chair 0.0031 391 144 407 184
chair 0.0029 157 229 204 388
chair 0.0029 212 251 272 365
chair 0.0028 36 160 99 315
chair 0.0028 357 122 472 274
chair 0.0028 179 234 224 382
chair 0.0027 54 112 121 250
chair 0.0026 444 173 503 289
chair 0.0026 221 140 484 334
chair 0.0026 189 107 222 179
chair 0.0026 409 141 427 183
chair 0.0025 275 258 294 292
chair 0.0024 0 208 3 290
chair 0.0024 428 145 442 178
chair 0.0023 324 105 379 294
chair 0.0022 186 229 206 365
chair 0.0022 488 150 502 291
chair 0.0022 368 123 432 202
chair 0.0021 432 278 511 408
chair 0.0021 374 131 404 189
chair 0.0020 112 102 130 131
chair 0.0020 393 182 443 322
chair 0.0020 236 239 312 322
chair 0.0018 323 297 500 406
chair 0.0017 382 142 396 180
chair 0.0017 431 169 445 197
chair 0.0017 99 265 123 366
chair 0.0017 434 139 499 209
chair 0.0016 118 223 170 401
chair 0.0016 490 181 500 220
chair 0.0015 197 240 246 379
chair 0.0015 437 144 454 183
chair 0.0014 230 227 284 360
chair 0.0014 0 304 4 370
chair 0.0014 247 118 376 275
chair 0.0014 93 234 154 390
chair 0.0013 -4 76 18 358
chair 0.0013 172 329 464 392
chair 0.0012 0 208 9 239
chair 0.0012 278 259 301 285
chair 0.0012 94 114 131 171
chair 0.0012 202 220 354 363
chair 0.0012 176 227 201 370
sofa 0.0062 -4 146 22 409
sofa 0.0017 398 260 534 425
sofa 0.0016 153 292 477 410
sofa 0.0015 -10 182 60 406
sofa 0.0013 19 147 118 403
sofa 0.0010 -4 195 16 283
pottedplant 0.1565 27 161 78 297
pottedplant 0.0769 293 164 343 270
pottedplant 0.0538 22 121 148 272
pottedplant 0.0490 312 181 346 259
pottedplant 0.0439 298 175 326 251
pottedplant 0.0199 256 136 370 291
pottedplant 0.0193 37 176 72 265
pottedplant 0.0184 54 131 119 259
pottedplant 0.0150 23 140 115 334
pottedplant 0.0128 316 146 358 289
pottedplant 0.0116 -4 146 22 409
pottedplant 0.0106 1 82 93 313
pottedplant 0.0097 -17 -22 149 388
pottedplant 0.0085 37 174 129 250
pottedplant 0.0078 -46 67 176 310
pottedplant 0.0035 153 292 477 410
pottedplant 0.0033 275 158 311 275
pottedplant 0.0033 303 196 320 227
pottedplant 0.0028 28 165 97 239
pottedplant 0.0027 65 161 102 221
pottedplant 0.0023 1 127 59 304
pottedplant 0.0023 303 188 319 216
pottedplant 0.0022 -2 172 10 326
pottedplant 0.0021 41 190 102 311
pottedplant 0.0016 37 146 129 221
pottedplant 0.0015 -7 67 40 207
pottedplant 0.0015 -7 68 67 401
pottedplant 0.0014 294 102 385 299
pottedplant 0.0014 79 179 99 208
pottedplant 0.0014 -4 195 16 283
pottedplant 0.0013 172 9 320 350
pottedplant 0.0010 272 168 354 235
pottedplant 0.0010 40 207 64 288
pottedplant 0.0010 322 216 341 247
diningtable 0.8852 129 77 353 519
diningtable 0.6477 75 224 410 365
diningtable 0.0741 95 203 386 302
diningtable 0.0281 -3 169 23 414
diningtable 0.0100 47 171 128 413
diningtable 0.0044 67 188 113 401
diningtable 0.0036 163 147 276 401
diningtable 0.0026 -10 182 60 406
diningtable 0.0024 382 141 443 285
diningtable 0.0022 -4 195 16 283
diningtable 0.0017 218 178 375 296
diningtable 0.0015 243 124 383 239
diningtable 0.0013 221 150 334 396
diningtable 0.0013 358 327 441 395
diningtable 0.0013 -2 172 10 326
diningtable 0.0013 -1 136 5 439
diningtable 0.0012 18 116 417 339
diningtable 0.0010 357 122 472 274
