person 0.9992 8 -3 373 506
person 0.4429 274 4 341 165
person 0.1576 -8 94 68 199
person 0.0372 329 19 383 163
person 0.0371 9 112 47 171
person 0.0165 -27 81 84 247
person 0.0117 90 182 443 482
person 0.0066 236 8 305 75
person 0.0061 233 -20 364 190
person 0.0048 18 120 40 155
person 0.0043 -14 107 71 338
person 0.0035 -43 108 348 397
person 0.0034 8 105 68 254
person 0.0025 31 115 60 181
person 0.0024 331 53 363 147
person 0.0022 -9 139 53 267
person 0.0021 -6 117 26 181
person 0.0015 44 119 58 156
bottle 0.0447 134 292 220 529
chair 0.0196 15 46 368 502
chair 0.0062 291 186 396 305
chair 0.0030 -10 195 61 587
chair 0.0021 330 42 381 154
chair 0.0021 -27 185 87 339
chair 0.0010 -10 141 58 297
sofa 0.0128 15 46 368 502
diningtable 0.0162 6 -4 314 449
diningtable 0.0040 -28 97 84 260
diningtable 0.0029 -29 151 85 182
diningtable 0.0019 240 92 421 197
diningtable 0.0011 266 46 393 319
