person 0.0073 68 82 347 344
cat 0.9939 61 82 344 277
cat 0.1845 104 -74 300 426
cat 0.0011 178 130 292 429
chair 0.1757 68 82 347 344
chair 0.1426 176 144 293 433
chair 0.0795 321 18 404 406
chair 0.0212 166 67 334 517
chair 0.0119 284 103 536 343
chair 0.0040 128 215 430 365
sofa 0.0027 302 94 560 360
sofa 0.0012 176 144 293 433
pottedplant 0.0014 455 68 508 205
diningtable 0.0096 284 103 536 343
diningtable 0.0027 68 82 347 344
tvmonitor 0.0016 110 -88 301 406
tvmonitor 0.0014 384 116 533 268
tvmonitor 0.0010 63 75 339 254
