bicycle 0.0070 -18 75 163 497
bicycle 0.0047 -55 192 208 393
bird 0.0020 38 358 75 418
bird 0.0011 23 346 88 432
bottle 0.0296 355 141 374 312
bottle 0.0229 -15 451 42 521
bottle 0.0104 358 72 375 448
bottle 0.0024 33 449 143 521
bottle 0.0022 16 484 44 502
bottle 0.0014 350 196 368 288
bottle 0.0014 326 245 351 270
bottle 0.0012 363 125 378 327
bottle 0.0012 97 372 277 562
bottle 0.0010 19 461 57 509
chair 0.0036 85 392 292 544
chair 0.0026 322 459 394 517
chair 0.0017 -18 75 163 497
chair 0.0012 33 449 143 521
chair 0.0010 327 420 385 526
pottedplant 0.4371 19 109 352 464
pottedplant 0.2078 -62 388 182 546
pottedplant 0.0877 -16 315 139 589
pottedplant 0.0541 -57 204 217 451
pottedplant 0.0296 -29 399 85 541
pottedplant 0.0187 -7 414 51 527
pottedplant 0.0119 0 443 163 524
pottedplant 0.0093 -8 317 50 465
pottedplant 0.0047 11 408 70 528
pottedplant 0.0043 49 411 119 525
pottedplant 0.0040 -30 305 89 477
pottedplant 0.0038 18 334 72 446
pottedplant 0.0026 -14 126 161 516
pottedplant 0.0021 41 446 132 513
pottedplant 0.0016 -15 451 42 521
pottedplant 0.0013 5 454 72 518
pottedplant 0.0010 12 439 50 514
pottedplant 0.0010 85 392 292 544
pottedplant 0.0010 10 293 156 465
