person 0.9968 200 102 505 341
person 0.9957 -60 47 379 352
person 0.7296 24 13 269 384
person 0.0011 354 152 537 364
dog 0.0012 392 82 516 451
bottle 0.0020 302 211 479 451
chair 0.2151 392 73 518 444
chair 0.0441 354 152 537 364
chair 0.0201 22 31 272 388
chair 0.0116 163 141 557 361
chair 0.0102 13 27 484 409
chair 0.0012 -86 43 371 267
sofa 0.9176 28 0 470 384
sofa 0.3718 392 73 518 444
sofa 0.1235 22 31 272 388
sofa 0.0914 354 152 537 364
sofa 0.0844 27 221 476 368
sofa 0.0367 163 141 557 361
sofa 0.0071 -86 43 371 267
sofa 0.0018 24 -17 469 185
sofa 0.0011 363 -45 518 567
