person 0.2565 169 155 182 199
person 0.1779 85 154 93 179
person 0.1037 79 154 88 177
person 0.0723 167 146 185 227
person 0.0367 67 158 73 175
person 0.0350 226 145 241 175
person 0.0281 81 151 94 173
person 0.0213 58 159 65 173
person 0.0096 -6 117 459 337
person 0.0083 90 163 98 187
person 0.0058 41 155 47 165
person 0.0047 213 136 242 196
person 0.0042 57 150 67 169
person 0.0042 50 160 56 171
person 0.0038 167 171 176 202
person 0.0037 48 152 56 165
person 0.0035 77 142 104 192
person 0.0033 40 160 47 170
person 0.0030 220 146 235 187
person 0.0030 66 152 75 170
person 0.0029 247 155 278 221
person 0.0025 192 161 203 193
person 0.0015 161 135 203 266
person 0.0011 94 168 101 185
person 0.0011 27 160 37 171
person 0.0010 211 147 223 190
person 0.0010 94 158 102 180
car 0.0040 27 160 37 171
car 0.0030 58 159 65 173
car 0.0020 50 160 56 171
car 0.0020 40 160 47 170
car 0.0020 81 151 94 173
car 0.0018 41 155 47 165
car 0.0016 28 152 38 166
train 0.9998 -10 109 523 345
train 0.9975 102 78 405 378
train 0.0125 22 127 100 186
train 0.0038 43 135 80 180
train 0.0025 57 150 67 169
train 0.0022 14 149 28 170
train 0.0020 48 144 74 161
train 0.0014 78 150 91 175
train 0.0013 48 146 58 158
train 0.0011 40 143 47 157
train 0.0011 -9 130 75 184
train 0.0010 41 155 47 165
train 0.0010 48 152 56 165
