person 0.0482 489 135 500 173
person 0.0167 485 119 503 188
person 0.0073 493 127 500 165
person 0.0070 458 134 477 166
person 0.0033 296 198 449 341
person 0.0028 12 32 307 361
person 0.0013 421 145 434 162
person 0.0011 351 214 408 328
car 0.0686 489 135 500 173
car 0.0132 485 119 503 188
car 0.0066 493 127 500 165
car 0.0050 -1 86 14 124
car 0.0045 -4 77 20 135
car 0.0020 15 49 308 377
motorbike 0.0017 21 64 405 369
train 0.0010 -110 76 406 349
boat 0.0035 6 48 293 376
boat 0.0023 -110 76 406 349
bird 0.0118 21 64 405 369
cat 0.8386 12 32 307 361
cat 0.7482 -104 66 419 326
dog 0.0462 15 49 308 377
dog 0.0126 -98 87 417 344
horse 0.0209 15 49 308 377
horse 0.0050 -98 87 417 344
cow 0.0020 335 179 529 327
cow 0.0020 15 49 308 377
chair 0.0058 -110 76 406 349
chair 0.0055 6 48 293 376
sofa 0.0055 -110 76 406 349
sofa 0.0052 3 25 297 368
pottedplant 0.0149 6 48 293 376
pottedplant 0.0038 -110 76 406 349
pottedplant 0.0013 94 180 564 358
pottedplant 0.0013 355 94 518 513
pottedplant 0.0013 190 129 465 489
