person 0.7811 112 -31 254 294
person 0.1959 122 39 239 217
person 0.0068 21 117 308 526
person 0.0063 6 386 65 504
person 0.0041 107 214 126 257
person 0.0026 16 83 329 270
person 0.0024 192 42 242 214
person 0.0020 216 80 239 198
person 0.0017 3 386 32 488
person 0.0013 -51 239 384 488
person 0.0010 127 63 190 191
car 0.0139 21 117 308 526
car 0.0014 -51 239 384 488
motorbike 0.0088 21 117 308 526
aeroplane 0.9661 17 75 311 505
aeroplane 0.0033 -51 239 384 488
train 0.0023 45 71 339 507
bird 0.0019 21 117 308 526
