person 0.0152 42 262 54 287
person 0.0062 44 261 67 289
person 0.0035 70 264 91 288
person 0.0021 109 262 116 269
person 0.0017 58 264 71 286
person 0.0017 117 258 128 267
person 0.0011 127 259 133 266
car 0.9069 66 264 91 290
car 0.8938 44 261 67 289
car 0.3855 109 262 116 269
car 0.2644 117 258 128 267
car 0.2284 42 262 54 287
car 0.1682 36 255 74 292
car 0.1354 58 264 71 286
car 0.1329 103 264 109 270
car 0.0690 127 259 133 266
car 0.0301 109 265 116 274
car 0.0218 24 249 85 298
car 0.0095 91 264 97 270
car 0.0050 78 261 87 272
car 0.0042 49 258 59 271
car 0.0031 34 266 41 277
car 0.0029 48 270 65 288
car 0.0028 71 261 78 271
car 0.0020 44 258 54 274
car 0.0019 43 271 51 288
car 0.0016 62 262 69 272
car 0.0015 118 255 123 261
car 0.0013 47 254 105 297
car 0.0012 87 266 94 276
car 0.0011 102 265 110 274
motorbike 0.0024 42 262 54 287
bus 0.0036 117 258 128 267
bus 0.0026 70 264 91 288
bus 0.0018 35 236 72 296
bus 0.0016 109 262 116 269
