person 0.9982 62 127 284 329
person 0.9950 227 -54 417 451
person 0.9764 201 126 450 314
person 0.7737 85 -64 257 460
person 0.0238 226 113 366 248
person 0.0231 272 76 400 326
person 0.0062 230 21 370 352
person 0.0017 107 175 438 355
person 0.0016 235 90 274 223
person 0.0016 100 78 225 288
person 0.0013 311 159 453 422
bottle 0.9699 235 90 274 223
bottle 0.0581 236 138 269 206
bottle 0.0281 249 103 275 186
bottle 0.0191 299 136 312 186
bottle 0.0028 447 263 464 290
bottle 0.0026 420 244 474 299
bottle 0.0026 430 256 460 285
bottle 0.0025 219 166 249 215
bottle 0.0025 257 120 271 167
bottle 0.0024 239 166 265 196
bottle 0.0015 243 153 264 173
bottle 0.0012 241 150 255 178
bottle 0.0011 259 118 271 148
chair 0.9917 335 163 456 424
chair 0.9225 322 50 472 532
chair 0.8444 71 142 207 441
chair 0.4616 299 136 312 186
chair 0.0677 63 292 260 411
chair 0.0257 79 158 180 360
chair 0.0145 247 125 324 198
chair 0.0096 82 50 242 545
chair 0.0074 159 301 218 398
chair 0.0058 97 313 181 402
chair 0.0055 226 113 366 248
chair 0.0049 303 134 339 193
chair 0.0046 36 205 246 377
chair 0.0043 369 176 417 302
chair 0.0030 298 135 323 189
chair 0.0029 178 122 269 204
chair 0.0028 256 155 346 209
chair 0.0022 107 175 438 355
chair 0.0019 298 214 321 233
chair 0.0016 329 126 419 344
chair 0.0012 241 93 274 199
chair 0.0010 219 194 490 286
chair 0.0010 302 170 446 311
chair 0.0010 237 -50 418 471
chair 0.0010 275 210 528 375
sofa 0.0028 322 50 472 532
sofa 0.0025 75 130 203 423
sofa 0.0022 311 159 453 422
sofa 0.0017 226 113 366 248
sofa 0.0012 125 115 284 244
sofa 0.0011 178 122 269 204
diningtable 0.9543 102 183 419 354
diningtable 0.7669 143 47 376 472
diningtable 0.0027 161 104 316 253
diningtable 0.0017 156 56 335 319
tvmonitor 0.0018 36 161 105 310
tvmonitor 0.0017 224 49 272 185
