person 0.9994 152 100 333 356
person 0.9983 216 29 495 370
person 0.9925 -39 61 258 359
person 0.0274 172 1 307 438
person 0.0105 293 121 391 207
person 0.0092 -5 203 30 380
person 0.0024 -1 179 7 339
person 0.0019 330 132 372 194
person 0.0013 13 167 118 384
person 0.0013 -2 52 18 420
person 0.0011 274 128 285 156
person 0.0011 -1 224 15 333
bottle 0.0463 24 238 46 320
bottle 0.0049 28 252 39 308
bottle 0.0030 19 302 54 348
bottle 0.0021 37 287 75 352
chair 0.0678 -5 203 30 380
chair 0.0112 23 237 57 321
chair 0.0098 -1 224 15 333
chair 0.0071 -8 241 31 333
chair 0.0057 0 228 2 291
chair 0.0047 21 226 69 356
chair 0.0043 136 141 352 358
chair 0.0040 -6 207 135 349
chair 0.0022 -7 283 36 412
chair 0.0022 -24 339 71 391
chair 0.0021 -1 179 7 339
chair 0.0021 -16 262 49 351
chair 0.0018 -30 213 86 373
chair 0.0017 178 169 213 425
sofa 0.1790 -5 203 30 380
sofa 0.0097 -1 224 15 333
sofa 0.0074 -11 196 68 427
sofa 0.0055 -8 241 31 333
sofa 0.0048 136 141 352 358
sofa 0.0038 -7 214 139 369
sofa 0.0027 21 226 69 356
sofa 0.0025 -14 147 112 477
sofa 0.0021 -6 132 37 454
sofa 0.0020 27 142 405 473
sofa 0.0019 -29 242 94 383
sofa 0.0015 23 237 57 321
sofa 0.0012 -1 179 7 339
sofa 0.0012 -16 262 49 351
pottedplant 0.0010 0 228 2 291
diningtable 0.1201 -35 259 126 409
diningtable 0.0035 -13 229 74 425
diningtable 0.0016 -14 147 112 477
diningtable 0.0013 -6 250 35 411
diningtable 0.0010 -8 241 31 333
