person 0.5929 22 158 78 308
person 0.0967 60 172 78 251
person 0.0365 64 181 75 223
person 0.0169 47 164 82 303
person 0.0143 25 173 65 247
person 0.0063 -1 218 13 321
person 0.0053 -13 248 73 410
person 0.0045 -9 151 100 287
person 0.0026 484 170 502 271
person 0.0022 -1 255 6 301
person 0.0017 15 180 86 262
person 0.0016 61 208 76 232
person 0.0011 146 188 184 246
person 0.0010 493 197 500 245
person 0.0010 -37 222 128 442
car 0.0013 485 157 502 264
cat 0.0017 127 168 192 262
cat 0.0013 145 188 185 242
dog 0.0012 9 175 74 329
bottle 0.0124 -1 251 6 286
bottle 0.0029 63 236 75 262
bottle 0.0028 16 205 31 220
bottle 0.0025 12 211 33 228
bottle 0.0025 29 201 40 219
bottle 0.0024 -1 218 13 321
bottle 0.0024 485 117 503 192
bottle 0.0021 493 129 500 181
bottle 0.0019 432 190 463 271
bottle 0.0018 25 212 37 228
chair 0.8393 -37 222 128 442
chair 0.8391 -15 246 67 412
chair 0.5927 1 198 65 324
chair 0.1575 22 158 78 308
chair 0.0836 -19 174 85 346
chair 0.0298 -1 255 6 301
chair 0.0257 0 273 9 304
chair 0.0255 -1 218 13 321
chair 0.0239 22 261 102 409
chair 0.0229 57 193 82 286
chair 0.0196 36 218 69 279
chair 0.0156 -2 226 26 309
chair 0.0147 47 164 82 303
chair 0.0072 29 191 71 270
chair 0.0070 34 339 105 391
chair 0.0069 64 230 76 251
chair 0.0067 15 180 86 262
chair 0.0066 63 221 77 239
chair 0.0061 0 280 7 313
chair 0.0059 54 219 76 297
chair 0.0054 58 232 71 269
chair 0.0044 56 214 72 226
chair 0.0044 63 236 75 262
chair 0.0041 4 232 28 248
chair 0.0039 57 218 72 242
chair 0.0035 -3 167 25 345
chair 0.0034 0 236 5 286
chair 0.0033 432 190 463 271
chair 0.0032 -3 279 25 300
chair 0.0030 29 201 40 219
chair 0.0026 42 233 63 269
chair 0.0025 61 208 76 232
chair 0.0024 34 200 49 217
chair 0.0020 0 211 31 269
chair 0.0020 -13 265 46 327
chair 0.0020 -2 231 27 397
chair 0.0018 3 222 29 241
chair 0.0016 -1 229 9 383
chair 0.0016 51 180 79 262
chair 0.0016 5 239 25 258
chair 0.0015 25 212 37 228
chair 0.0014 56 201 73 226
chair 0.0012 43 354 85 380
chair 0.0010 16 205 31 220
chair 0.0010 59 247 72 288
chair 0.0010 483 188 504 273
sofa 0.0713 -13 248 73 410
sofa 0.0367 1 198 65 324
sofa 0.0323 -37 222 128 442
sofa 0.0066 15 180 86 262
sofa 0.0059 -19 174 85 346
sofa 0.0028 22 158 78 308
pottedplant 0.9848 257 66 488 357
pottedplant 0.2069 452 53 515 134
pottedplant 0.1491 125 173 191 261
pottedplant 0.1424 146 188 184 246
pottedplant 0.1320 26 174 64 226
pottedplant 0.0368 16 164 74 237
pottedplant 0.0247 477 62 506 126
pottedplant 0.0215 34 186 55 217
pottedplant 0.0191 155 218 178 237
pottedplant 0.0087 16 205 31 220
pottedplant 0.0069 12 211 33 228
pottedplant 0.0055 310 -58 444 489
pottedplant 0.0047 39 179 60 211
pottedplant 0.0045 3 198 40 245
pottedplant 0.0026 127 168 164 249
pottedplant 0.0022 471 7 504 231
pottedplant 0.0020 488 70 500 120
pottedplant 0.0019 485 157 502 264
pottedplant 0.0017 29 201 40 219
pottedplant 0.0013 136 211 159 235
pottedplant 0.0011 -1 251 6 286
pottedplant 0.0011 480 84 504 311
pottedplant 0.0010 -1 218 13 321
diningtable 0.0117 1 198 65 324
diningtable 0.0112 56 214 72 226
diningtable 0.0097 0 273 9 304
diningtable 0.0073 0 280 7 313
diningtable 0.0071 -2 226 26 309
diningtable 0.0058 -1 255 6 301
diningtable 0.0049 63 221 77 239
diningtable 0.0047 4 232 28 248
diningtable 0.0046 -6 200 53 258
diningtable 0.0045 -1 218 13 321
diningtable 0.0045 -13 265 46 327
diningtable 0.0040 5 239 25 258
diningtable 0.0035 -15 246 67 412
diningtable 0.0034 -19 174 85 346
diningtable 0.0024 57 193 82 286
diningtable 0.0023 -3 279 25 300
diningtable 0.0022 61 208 76 232
diningtable 0.0021 15 180 86 262
diningtable 0.0014 57 218 72 242
diningtable 0.0014 64 230 76 251
diningtable 0.0012 -15 190 115 466
diningtable 0.0011 3 222 29 241
diningtable 0.0010 12 211 33 228
tvmonitor 0.0013 480 84 504 311
tvmonitor 0.0010 485 144 503 261
