person 0.9882 88 -71 209 268
person 0.6960 13 17 314 187
person 0.2935 66 -123 266 327
person 0.0027 -3 68 12 179
person 0.0021 -11 -17 70 210
bicycle 0.9583 -50 78 393 207
bicycle 0.8133 5 -41 338 341
bicycle 0.1003 -9 9 454 192
bicycle 0.0025 50 -144 237 352
car 0.0186 -9 9 454 192
car 0.0021 50 -144 237 352
aeroplane 0.0888 -11 9 461 157
bus 0.0022 -9 9 454 192
train 0.0651 15 1 489 202
boat 0.0028 15 1 489 202
horse 0.0090 -50 78 393 207
horse 0.0023 13 10 278 192
horse 0.0011 -11 9 461 157
bottle 0.0019 -2 130 9 168
bottle 0.0017 9 137 18 163
sofa 0.0203 8 3 490 161
sofa 0.0023 -76 -94 570 252
sofa 0.0019 13 10 278 192
sofa 0.0017 -22 -114 150 309
sofa 0.0015 -80 72 377 207
pottedplant 0.0010 -1 124 8 165
