person 0.0194 397 116 418 150
person 0.0083 207 75 362 481
person 0.0079 381 162 470 261
person 0.0073 394 114 409 150
person 0.0070 292 153 308 192
person 0.0029 216 166 344 395
person 0.0029 194 140 226 191
person 0.0028 295 196 308 231
person 0.0025 286 145 313 204
person 0.0018 418 120 441 153
person 0.0017 212 181 269 334
person 0.0016 313 191 326 232
person 0.0012 278 189 294 229
person 0.0012 421 177 455 247
person 0.0012 216 191 231 211
person 0.0011 -3 -48 54 481
bicycle 0.0196 117 192 202 390
bicycle 0.0044 309 50 342 109
bicycle 0.0015 111 174 221 306
motorbike 0.0088 117 192 202 390
bird 0.0072 309 50 342 109
bird 0.0049 336 74 365 102
bird 0.0038 467 65 490 100
dog 0.0032 336 74 365 102
bottle 0.2530 368 91 389 157
bottle 0.0196 417 146 437 178
bottle 0.0160 432 146 447 178
bottle 0.0121 439 148 454 179
bottle 0.0119 493 176 501 223
bottle 0.0118 116 236 197 388
bottle 0.0115 408 147 422 180
bottle 0.0096 438 92 466 162
bottle 0.0087 495 160 500 228
bottle 0.0074 430 69 446 106
bottle 0.0072 489 150 502 235
bottle 0.0061 334 132 349 148
bottle 0.0058 373 91 401 156
bottle 0.0051 469 56 505 230
bottle 0.0049 350 127 365 149
bottle 0.0049 360 54 411 112
bottle 0.0049 418 120 441 153
bottle 0.0041 489 89 502 217
bottle 0.0040 409 70 423 106
bottle 0.0038 446 150 460 181
bottle 0.0037 410 140 442 181
bottle 0.0035 309 50 342 109
bottle 0.0033 470 88 502 160
bottle 0.0029 478 98 494 133
bottle 0.0026 375 143 383 178
bottle 0.0026 372 101 383 131
bottle 0.0026 336 74 365 102
bottle 0.0023 22 131 44 214
bottle 0.0022 397 116 418 150
bottle 0.0022 311 114 326 153
bottle 0.0021 372 113 386 150
bottle 0.0020 326 125 338 150
bottle 0.0019 384 229 398 245
bottle 0.0018 374 192 384 229
bottle 0.0016 494 154 500 194
bottle 0.0013 489 203 501 219
bottle 0.0013 374 217 384 248
bottle 0.0013 477 111 495 138
bottle 0.0011 313 67 334 103
bottle 0.0011 369 95 379 157
bottle 0.0011 372 68 401 100
bottle 0.0010 493 105 499 144
chair 0.9291 207 72 363 508
chair 0.8563 221 174 339 410
chair 0.0784 106 162 225 343
chair 0.0211 129 185 202 324
chair 0.0205 451 332 513 394
chair 0.0169 332 68 370 105
chair 0.0126 464 250 505 415
chair 0.0062 457 205 515 254
chair 0.0043 309 56 341 109
chair 0.0039 208 189 239 253
chair 0.0033 433 219 523 284
chair 0.0025 373 233 482 272
chair 0.0024 468 224 504 239
chair 0.0021 397 248 420 263
chair 0.0017 489 218 500 242
chair 0.0011 215 207 234 230
chair 0.0011 323 59 377 115
chair 0.0010 172 228 196 313
chair 0.0010 148 213 424 372
chair 0.0010 101 219 213 408
sofa 0.4332 207 75 362 481
sofa 0.1538 216 166 344 395
sofa 0.0107 106 162 225 343
sofa 0.0028 124 182 210 296
pottedplant 0.6213 111 174 221 306
pottedplant 0.0521 132 190 196 291
pottedplant 0.0521 117 192 202 390
pottedplant 0.0145 324 181 357 227
pottedplant 0.0111 159 205 198 274
pottedplant 0.0085 138 203 181 276
pottedplant 0.0070 452 216 515 283
pottedplant 0.0057 368 91 389 157
pottedplant 0.0054 468 224 506 276
pottedplant 0.0051 120 190 174 318
pottedplant 0.0040 309 50 342 109
pottedplant 0.0025 315 115 382 250
pottedplant 0.0024 434 91 465 162
pottedplant 0.0023 360 54 411 112
pottedplant 0.0021 430 69 446 106
pottedplant 0.0020 153 206 203 332
pottedplant 0.0020 489 150 502 235
pottedplant 0.0017 114 160 144 345
pottedplant 0.0016 112 180 133 286
pottedplant 0.0015 113 258 190 317
pottedplant 0.0012 179 219 192 260
pottedplant 0.0011 468 136 507 293
pottedplant 0.0011 495 160 500 228
pottedplant 0.0011 481 216 503 282
pottedplant 0.0010 418 120 441 153
pottedplant 0.0010 493 176 501 223
diningtable 0.0025 106 162 225 343
tvmonitor 0.9861 358 128 494 299
tvmonitor 0.1180 388 148 467 280
tvmonitor 0.0018 193 148 226 191
tvmonitor 0.0017 199 153 218 186
tvmonitor 0.0010 216 166 344 395
tvmonitor 0.0010 205 155 224 185
