person 0.0132 180 -124 377 228
person 0.0054 104 -74 382 136
person 0.0053 276 -43 370 179
person 0.0048 293 -19 388 43
person 0.0038 208 -47 406 105
person 0.0036 302 -10 417 27
person 0.0025 169 -20 444 49
person 0.0020 1 -115 389 211
person 0.0010 340 -1 379 14
bicycle 0.0014 -44 -113 369 209
bottle 0.0012 321 19 365 159
chair 0.0044 -44 -113 369 209
pottedplant 0.9876 1 8 382 491
pottedplant 0.8837 249 -8 442 410
pottedplant 0.0284 304 -53 419 185
pottedplant 0.0111 227 -128 406 240
pottedplant 0.0085 158 -75 401 434
pottedplant 0.0063 276 -43 370 179
pottedplant 0.0048 278 186 424 449
pottedplant 0.0047 274 -45 449 107
pottedplant 0.0026 14 214 319 500
pottedplant 0.0026 277 22 383 380
pottedplant 0.0019 181 -14 453 217
pottedplant 0.0017 343 -78 416 442
pottedplant 0.0012 128 -121 359 222
pottedplant 0.0012 321 19 365 159
diningtable 0.0061 -86 362 475 499
diningtable 0.0033 18 217 376 502
