cat 0.9448 -73 120 571 249
cat 0.8304 -15 5 514 356
cat 0.6553 50 93 444 289
cat 0.0084 178 41 465 351
cat 0.0036 114 136 536 325
dog 0.0027 -15 5 514 356
dog 0.0018 -73 120 571 249
dog 0.0010 50 93 444 289
chair 0.0029 31 112 418 344
chair 0.0026 -2 -80 20 204
pottedplant 0.0029 50 93 444 289
diningtable 0.0407 56 98 434 352
diningtable 0.0030 339 116 545 359
diningtable 0.0014 -96 137 366 328
diningtable 0.0012 -47 234 371 440
tvmonitor 0.0203 331 144 547 361
tvmonitor 0.0028 31 112 418 344
tvmonitor 0.0024 394 98 520 414
tvmonitor 0.0010 313 57 471 482
