person 0.0652 171 1 481 337
person 0.0250 243 72 571 320
person 0.0034 79 -15 363 355
person 0.0012 9 16 431 251
car 0.0052 95 -19 414 297
boat 0.0012 95 -19 414 297
bird 0.0703 102 56 342 471
bird 0.0162 55 198 395 327
bird 0.0024 3 206 120 253
cat 0.0036 102 56 342 471
dog 0.7332 61 44 438 292
dog 0.1048 59 178 416 324
dog 0.0643 102 56 342 471
dog 0.0018 39 2 459 195
dog 0.0014 -3 -11 351 348
sheep 0.0109 102 56 342 471
sheep 0.0038 51 188 399 320
sheep 0.0019 62 70 435 317
bottle 0.0013 98 42 346 472
chair 0.0020 243 72 571 320
sofa 0.0064 113 -11 448 341
sofa 0.0027 240 32 570 309
