person 0.0025 -2 147 13 472
person 0.0011 0 166 6 468
person 0.0011 436 144 511 441
person 0.0010 483 153 503 236
bottle 0.6186 357 226 443 398
bottle 0.0111 0 192 5 214
bottle 0.0027 289 219 318 267
bottle 0.0025 17 218 26 247
bottle 0.0015 416 344 451 383
bottle 0.0010 483 153 503 236
chair 0.0489 411 291 528 411
chair 0.0449 -2 205 53 369
chair 0.0310 -2 128 15 457
chair 0.0181 429 296 484 398
chair 0.0043 -2 279 10 410
chair 0.0041 0 151 8 425
chair 0.0014 465 317 508 395
chair 0.0013 357 221 452 403
chair 0.0010 428 197 513 428
sofa 0.0084 411 291 528 411
sofa 0.0071 -2 128 15 457
sofa 0.0019 -2 205 53 369
sofa 0.0017 -2 267 9 405
sofa 0.0012 428 197 513 428
pottedplant 0.0020 0 192 5 214
diningtable 0.7652 -74 250 505 439
tvmonitor 0.9987 167 -43 344 267
tvmonitor 0.0429 187 17 324 194
tvmonitor 0.0034 71 28 428 192
tvmonitor 0.0016 179 230 315 363
