person 0.0065 444 58 501 328
person 0.0021 149 118 379 303
bird 0.0043 149 118 379 303
bird 0.0020 444 58 501 328
dog 0.0635 444 58 501 328
dog 0.0213 306 65 439 319
dog 0.0064 149 118 379 303
dog 0.0025 286 -39 443 420
horse 0.0052 444 58 501 328
sheep 0.0825 444 58 501 328
sheep 0.0047 286 -39 443 420
sheep 0.0030 306 65 439 319
sheep 0.0017 145 114 379 296
cow 0.9808 145 114 379 296
cow 0.7584 173 -89 351 481
cow 0.7078 286 -39 443 420
cow 0.5939 306 65 439 319
cow 0.4938 444 58 501 328
cow 0.0035 185 30 332 338
cow 0.0012 213 114 510 278
cow 0.0010 361 -4 505 389
