person 0.0099 181 179 190 201
person 0.0092 312 179 319 205
person 0.0077 314 176 321 207
person 0.0017 292 163 318 196
person 0.0011 133 177 145 207
person 0.0010 387 184 393 196
car 0.0069 131 165 151 191
car 0.0022 155 88 335 253
car 0.0019 169 182 184 201
car 0.0019 -43 -7 182 215
car 0.0016 181 179 190 201
car 0.0015 292 163 318 196
car 0.0012 162 184 177 201
aeroplane 0.0012 -43 -7 182 215
bus 0.0183 -43 -7 182 215
bus 0.0090 330 162 355 199
bus 0.0023 -11 -197 149 388
bus 0.0014 319 165 341 199
train 0.9383 155 88 335 253
train 0.4386 -42 10 201 223
train 0.0914 324 162 358 199
train 0.0608 292 163 318 196
train 0.0372 319 165 341 199
train 0.0181 311 153 365 207
train 0.0145 272 152 333 206
train 0.0072 -10 -159 150 407
train 0.0014 239 127 397 223
boat 0.0020 -43 -7 182 215
