person 0.6022 23 -13 314 513
person 0.0058 40 249 283 484
person 0.0036 268 -53 347 191
person 0.0029 173 -39 369 93
person 0.0028 154 -20 389 48
person 0.0024 193 -130 362 241
person 0.0020 190 168 277 506
person 0.0017 187 -6 346 18
bicycle 0.0095 23 -13 314 513
car 0.0015 -93 9 425 236
car 0.0014 23 -13 314 513
motorbike 0.0015 23 -13 314 513
bird 0.0104 23 -13 314 513
cat 0.0058 23 -13 314 513
dog 0.0023 21 -13 315 451
horse 0.0015 23 -13 314 513
horse 0.0012 -93 9 425 236
bottle 0.1520 -93 9 425 236
bottle 0.0253 14 -4 320 352
bottle 0.0049 -33 13 125 484
chair 0.0053 191 185 276 526
chair 0.0017 51 -2 330 503
chair 0.0013 190 173 368 469
pottedplant 0.0023 23 -13 314 513
diningtable 0.0011 23 -13 314 513
