person 0.0027 486 56 502 207
bicycle 0.0013 350 45 408 107
bicycle 0.0010 256 42 459 124
car 0.0010 204 41 303 107
bottle 0.0028 96 92 124 158
bottle 0.0023 125 161 139 195
bottle 0.0022 132 105 149 137
bottle 0.0015 113 138 124 162
bottle 0.0014 302 257 360 357
bottle 0.0012 486 56 502 207
bottle 0.0010 395 35 426 80
chair 0.9328 437 47 505 226
chair 0.7997 -10 88 92 304
chair 0.7371 135 74 264 230
chair 0.7347 257 78 307 173
chair 0.4527 165 87 234 218
chair 0.3137 402 33 534 242
chair 0.2629 62 75 198 244
chair 0.2104 471 50 504 219
chair 0.1640 94 81 162 234
chair 0.1560 -8 145 33 394
chair 0.1532 97 96 122 169
chair 0.1482 350 45 408 107
chair 0.1333 485 55 503 192
chair 0.0741 255 12 474 238
chair 0.0600 86 101 177 181
chair 0.0598 265 64 402 209
chair 0.0470 310 78 390 145
chair 0.0446 117 107 139 136
chair 0.0419 368 30 430 170
chair 0.0376 301 50 446 185
chair 0.0351 398 71 464 206
chair 0.0327 112 98 145 143
chair 0.0323 288 71 343 172
chair 0.0303 112 106 126 141
chair 0.0288 480 66 504 144
chair 0.0258 484 81 502 105
chair 0.0243 103 103 134 177
chair 0.0243 338 49 493 227
chair 0.0241 157 94 252 169
chair 0.0239 341 123 440 196
chair 0.0224 -3 162 103 221
chair 0.0220 44 13 292 301
chair 0.0215 96 93 163 149
chair 0.0192 287 85 321 162
chair 0.0187 -4 73 29 320
chair 0.0178 102 105 119 143
chair 0.0178 491 84 500 123
chair 0.0177 346 63 405 176
chair 0.0171 15 257 66 354
chair 0.0146 380 82 418 164
chair 0.0143 301 75 368 199
chair 0.0136 6 96 81 227
chair 0.0134 484 79 501 94
chair 0.0134 443 131 514 266
chair 0.0133 127 23 367 300
chair 0.0126 493 87 500 138
chair 0.0117 3 29 194 304
chair 0.0114 435 73 515 133
chair 0.0110 466 75 482 98
chair 0.0105 459 73 476 99
chair 0.0102 370 76 443 131
chair 0.0100 476 76 498 96
chair 0.0100 243 64 353 186
chair 0.0098 162 76 322 201
chair 0.0095 301 89 339 157
chair 0.0093 408 47 499 127
chair 0.0093 189 85 242 197
chair 0.0089 15 144 85 288
chair 0.0086 280 83 382 162
chair 0.0085 87 77 130 234
chair 0.0084 138 85 192 220
chair 0.0081 155 81 210 203
chair 0.0077 -13 18 124 382
chair 0.0076 399 85 533 143
chair 0.0074 353 19 466 142
chair 0.0070 461 84 488 102
chair 0.0069 316 50 388 103
chair 0.0066 207 106 299 159
chair 0.0060 0 127 11 158
chair 0.0059 101 109 114 152
chair 0.0057 274 87 352 139
chair 0.0055 -31 85 160 231
chair 0.0054 73 35 230 192
chair 0.0052 -25 240 83 371
chair 0.0051 495 97 499 167
chair 0.0050 461 135 507 329
chair 0.0050 414 84 479 140
chair 0.0049 424 46 478 187
chair 0.0049 388 86 430 106
chair 0.0047 456 75 494 132
chair 0.0046 452 66 481 122
chair 0.0045 430 91 467 152
chair 0.0044 291 97 319 112
chair 0.0043 359 70 423 195
chair 0.0040 147 96 204 150
chair 0.0038 307 100 337 123
chair 0.0037 361 0 518 315
chair 0.0035 390 117 518 354
chair 0.0035 179 102 212 200
chair 0.0034 53 95 117 222
chair 0.0034 344 109 372 195
chair 0.0033 -2 131 14 249
chair 0.0033 -17 114 86 190
chair 0.0033 435 108 463 133
chair 0.0032 289 102 317 122
chair 0.0032 322 99 363 146
chair 0.0030 275 86 310 164
chair 0.0030 387 114 411 152
chair 0.0028 169 83 241 142
chair 0.0028 430 104 462 199
sofa 0.0062 -11 96 93 333
sofa 0.0016 434 134 513 364
sofa 0.0011 249 71 318 177
pottedplant 0.7640 89 107 576 328
pottedplant 0.5658 81 31 236 179
pottedplant 0.0958 414 53 483 133
pottedplant 0.0787 388 27 510 165
pottedplant 0.0365 428 66 467 123
pottedplant 0.0290 54 -18 218 280
pottedplant 0.0169 9 54 161 180
pottedplant 0.0146 94 78 128 150
pottedplant 0.0123 130 54 197 178
pottedplant 0.0119 392 143 517 355
pottedplant 0.0094 112 77 190 150
pottedplant 0.0089 55 68 143 155
pottedplant 0.0074 147 39 262 167
pottedplant 0.0071 73 80 109 147
pottedplant 0.0070 175 48 234 155
pottedplant 0.0060 395 35 426 80
pottedplant 0.0059 110 92 146 139
pottedplant 0.0049 117 101 139 131
pottedplant 0.0043 169 74 203 134
pottedplant 0.0038 37 76 469 264
pottedplant 0.0034 123 90 157 139
pottedplant 0.0029 141 98 174 149
pottedplant 0.0027 100 63 151 174
pottedplant 0.0026 83 62 131 176
pottedplant 0.0025 155 49 213 156
pottedplant 0.0023 383 -2 483 239
pottedplant 0.0020 7 -2 168 124
pottedplant 0.0019 377 29 437 132
pottedplant 0.0018 424 46 478 187
pottedplant 0.0017 207 17 519 302
pottedplant 0.0016 6 98 41 150
pottedplant 0.0015 131 102 151 132
pottedplant 0.0014 46 27 118 81
pottedplant 0.0013 96 93 163 149
pottedplant 0.0012 26 69 100 162
pottedplant 0.0012 158 103 194 143
pottedplant 0.0011 37 42 135 236
pottedplant 0.0011 108 88 128 120
pottedplant 0.0011 405 18 459 146
pottedplant 0.0011 151 80 183 149
pottedplant 0.0011 324 -49 463 128
pottedplant 0.0010 363 39 519 450
diningtable 0.4333 -39 185 374 317
diningtable 0.4244 9 53 324 456
diningtable 0.3419 74 139 484 334
diningtable 0.0865 402 33 534 242
diningtable 0.0848 266 47 442 184
diningtable 0.0726 255 12 474 238
diningtable 0.0366 443 131 514 266
diningtable 0.0278 -31 85 160 231
diningtable 0.0252 399 85 533 143
diningtable 0.0196 414 84 479 140
diningtable 0.0154 251 116 399 448
diningtable 0.0147 44 13 292 301
diningtable 0.0110 461 135 507 329
diningtable 0.0101 438 153 520 225
diningtable 0.0076 -50 124 558 438
diningtable 0.0073 437 47 505 226
diningtable 0.0070 436 91 511 340
diningtable 0.0067 435 73 515 133
diningtable 0.0066 364 60 497 182
diningtable 0.0063 256 42 459 124
diningtable 0.0059 485 55 503 192
diningtable 0.0051 493 87 500 138
diningtable 0.0049 471 50 504 219
diningtable 0.0049 484 81 502 105
diningtable 0.0048 285 75 418 112
diningtable 0.0048 200 140 518 439
diningtable 0.0048 3 29 194 304
diningtable 0.0045 484 79 501 94
diningtable 0.0044 39 103 175 381
diningtable 0.0039 253 81 415 225
diningtable 0.0038 -68 93 412 248
diningtable 0.0037 363 39 519 450
diningtable 0.0037 309 59 411 106
diningtable 0.0036 392 143 517 355
diningtable 0.0035 -97 205 604 329
diningtable 0.0035 65 79 219 192
diningtable 0.0034 491 84 500 123
diningtable 0.0030 277 74 349 172
diningtable 0.0027 112 74 262 231
diningtable 0.0023 289 102 317 122
diningtable 0.0023 79 98 183 171
diningtable 0.0023 365 92 490 135
diningtable 0.0021 249 71 318 177
diningtable 0.0017 495 97 499 167
diningtable 0.0017 279 264 581 362
diningtable 0.0017 287 85 321 162
diningtable 0.0016 162 76 322 201
diningtable 0.0015 410 242 528 374
diningtable 0.0014 284 213 517 407
diningtable 0.0014 352 75 447 115
diningtable 0.0013 244 83 340 142
diningtable 0.0013 461 84 488 102
diningtable 0.0013 435 108 463 133
diningtable 0.0013 480 66 504 144
diningtable 0.0012 207 106 299 159
diningtable 0.0012 388 86 430 106
diningtable 0.0011 412 108 539 155
diningtable 0.0011 306 77 393 135
diningtable 0.0010 -7 113 32 397
diningtable 0.0010 350 45 408 107
diningtable 0.0010 29 121 135 184
