person 0.0042 464 60 491 88
person 0.0028 131 116 150 131
person 0.0027 20 88 246 520
person 0.0019 400 232 532 440
person 0.0019 127 194 239 403
person 0.0015 -6 158 30 387
person 0.0013 108 217 258 338
person 0.0012 491 56 500 93
bird 0.0017 -10 271 55 340
bird 0.0012 -33 271 101 394
bird 0.0011 383 18 400 42
bird 0.0010 375 11 403 62
bottle 0.1739 285 124 299 169
bottle 0.0327 284 141 300 164
bottle 0.0223 258 137 283 212
bottle 0.0219 372 260 380 279
bottle 0.0170 325 200 335 218
bottle 0.0127 237 210 259 244
bottle 0.0104 317 201 327 218
bottle 0.0098 311 199 318 220
bottle 0.0088 278 144 289 164
bottle 0.0078 75 150 85 198
bottle 0.0054 365 212 374 232
bottle 0.0045 368 259 376 280
bottle 0.0045 486 117 503 267
bottle 0.0044 380 20 400 57
bottle 0.0042 261 144 282 163
bottle 0.0026 366 220 375 242
bottle 0.0025 279 126 306 174
bottle 0.0018 370 224 381 238
bottle 0.0018 107 251 130 274
bottle 0.0016 383 18 400 42
bottle 0.0015 373 269 380 285
bottle 0.0013 311 29 561 355
bottle 0.0012 371 214 380 230
bottle 0.0012 295 142 307 163
bottle 0.0012 169 207 193 265
bottle 0.0011 366 227 375 251
bottle 0.0011 321 194 337 210
chair 0.8564 188 94 330 379
chair 0.7975 400 232 532 440
chair 0.7410 202 159 327 313
chair 0.6452 381 255 455 417
chair 0.5692 128 205 238 419
chair 0.3984 -17 79 119 393
chair 0.2758 358 230 480 442
chair 0.1338 429 257 510 415
chair 0.0479 -17 146 91 332
chair 0.0325 100 113 249 501
chair 0.0213 190 237 258 388
chair 0.0207 471 121 506 274
chair 0.0188 372 64 526 522
chair 0.0162 369 152 500 402
chair 0.0107 486 117 503 267
chair 0.0074 108 217 258 338
chair 0.0046 396 118 530 285
chair 0.0040 400 200 431 225
chair 0.0035 -32 248 118 377
chair 0.0035 164 219 279 406
chair 0.0033 -6 159 31 351
chair 0.0023 83 188 117 253
chair 0.0022 421 286 478 400
chair 0.0022 472 209 507 414
chair 0.0021 77 156 208 272
chair 0.0017 401 159 512 227
chair 0.0015 371 271 463 358
chair 0.0015 189 219 222 266
chair 0.0014 144 231 246 303
chair 0.0013 469 341 507 386
chair 0.0012 -21 137 203 494
chair 0.0012 -1 190 12 329
chair 0.0011 76 159 130 270
chair 0.0010 376 175 443 374
chair 0.0010 110 202 184 242
chair 0.0010 338 99 542 347
sofa 0.8781 -20 143 110 333
sofa 0.3234 128 205 238 419
sofa 0.0528 -19 151 153 479
sofa 0.0417 177 131 350 335
sofa 0.0378 20 88 246 520
sofa 0.0220 -31 222 292 364
sofa 0.0058 -6 159 31 351
sofa 0.0052 44 136 236 374
sofa 0.0034 108 217 258 338
sofa 0.0031 -12 153 74 431
sofa 0.0025 -31 232 122 364
sofa 0.0023 190 237 258 388
sofa 0.0017 123 123 277 485
sofa 0.0011 -8 199 287 310
pottedplant 0.3944 138 110 227 286
pottedplant 0.0163 290 126 348 170
pottedplant 0.0083 155 150 209 275
pottedplant 0.0038 133 135 241 205
pottedplant 0.0037 261 144 282 163
pottedplant 0.0023 284 141 300 164
pottedplant 0.0021 473 3 505 309
pottedplant 0.0019 298 139 341 165
pottedplant 0.0015 421 27 487 104
pottedplant 0.0015 426 10 513 296
pottedplant 0.0013 -33 271 101 394
pottedplant 0.0010 375 11 403 62
diningtable 0.3041 375 151 521 433
diningtable 0.1985 -9 191 177 467
diningtable 0.0330 44 136 236 374
diningtable 0.0257 20 88 246 520
diningtable 0.0199 -58 275 228 415
diningtable 0.0195 -8 199 287 310
diningtable 0.0094 -31 222 292 364
diningtable 0.0075 364 181 543 288
diningtable 0.0071 -32 248 118 377
diningtable 0.0034 -1 254 210 360
diningtable 0.0029 397 212 536 374
diningtable 0.0024 26 258 194 303
diningtable 0.0022 471 200 505 383
diningtable 0.0020 419 255 513 407
diningtable 0.0015 379 221 535 273
diningtable 0.0012 -15 199 77 425
diningtable 0.0012 10 227 204 313
tvmonitor 0.9977 41 80 224 231
tvmonitor 0.0026 266 144 322 213
tvmonitor 0.0017 486 117 503 267
tvmonitor 0.0016 46 7 232 353
tvmonitor 0.0014 471 121 506 274
