person 0.9631 422 -65 513 286
person 0.6714 176 -24 255 63
person 0.3035 277 -45 474 112
person 0.0682 402 -29 456 95
person 0.0427 257 -29 421 72
person 0.0399 265 -143 460 267
person 0.0215 207 -11 242 52
person 0.0205 61 37 495 378
person 0.0151 294 -18 407 44
person 0.0130 321 -82 431 239
person 0.0100 478 -44 503 273
person 0.0089 430 -34 511 154
person 0.0087 364 -30 432 105
person 0.0085 166 -15 194 65
person 0.0079 356 7 538 207
person 0.0073 163 -30 198 112
person 0.0059 168 -7 201 38
person 0.0059 223 0 507 193
person 0.0049 306 -3 332 17
person 0.0043 362 -64 460 223
person 0.0033 237 -82 443 155
person 0.0033 463 -64 507 328
person 0.0033 292 -9 370 24
person 0.0032 363 -172 523 384
person 0.0031 492 17 502 222
person 0.0025 296 -18 332 65
person 0.0024 489 9 501 151
person 0.0023 420 -17 455 67
person 0.0023 469 -39 505 152
person 0.0022 25 -30 473 259
person 0.0020 341 -26 420 71
person 0.0018 371 -48 531 120
person 0.0015 191 -6 222 46
person 0.0014 -10 -31 54 108
person 0.0014 491 -43 502 128
person 0.0014 268 -24 327 95
person 0.0013 427 -29 476 104
person 0.0012 201 -30 352 77
person 0.0011 342 -10 376 37
person 0.0010 343 -4 373 17
person 0.0010 316 -3 349 17
bicycle 0.0050 38 36 417 376
bicycle 0.0010 434 -21 510 323
car 0.0107 -6 -23 35 134
car 0.0047 -15 37 68 259
car 0.0035 72 -20 482 327
car 0.0014 -7 -71 39 266
car 0.0013 -2 -34 108 151
car 0.0012 -6 5 30 80
car 0.0010 -6 -107 213 230
motorbike 0.9978 30 -15 461 383
motorbike 0.0017 426 -29 513 288
motorbike 0.0016 274 -88 454 161
bus 0.0019 -15 -45 69 274
chair 0.0037 426 -29 513 288
diningtable 0.0021 72 -20 482 327
