person 0.0014 69 -61 347 332
car 0.0013 10 64 403 201
car 0.0012 69 -61 347 332
cat 0.0064 122 59 213 151
dog 0.0262 165 64 319 187
dog 0.0217 73 -54 344 300
dog 0.0111 92 47 238 186
dog 0.0045 122 59 213 151
dog 0.0013 17 56 400 191
cow 0.0034 17 56 400 191
cow 0.0030 73 -54 344 300
bottle 0.0068 352 216 424 245
bottle 0.0030 368 223 407 239
bottle 0.0023 418 191 454 209
chair 0.0694 10 64 403 201
chair 0.0328 69 -61 347 332
sofa 0.8588 17 56 400 191
sofa 0.7575 73 -54 344 300
pottedplant 0.2779 69 -61 347 332
pottedplant 0.1260 165 64 319 187
pottedplant 0.0425 92 47 238 186
pottedplant 0.0214 10 64 403 201
pottedplant 0.0042 226 84 306 170
pottedplant 0.0020 188 86 283 163
diningtable 0.0036 69 -61 347 332
tvmonitor 0.0013 69 -61 347 332
