person 0.0586 408 180 430 208
person 0.0197 90 41 456 380
person 0.0092 476 181 493 205
person 0.0070 54 138 84 191
person 0.0054 224 49 369 183
person 0.0044 417 179 434 206
person 0.0036 432 176 447 207
person 0.0035 444 179 466 206
person 0.0025 403 171 436 215
person 0.0023 468 181 485 204
person 0.0019 436 179 457 207
person 0.0018 493 175 498 210
person 0.0017 60 152 80 186
person 0.0016 289 64 344 168
person 0.0016 227 108 302 156
car 0.7927 361 115 545 313
car 0.0411 387 44 514 363
car 0.0311 411 136 515 294
car 0.0267 90 41 456 380
car 0.0092 403 171 436 215
car 0.0069 408 180 430 208
car 0.0057 -44 88 150 285
car 0.0025 -21 -92 128 472
car 0.0017 392 160 462 223
bus 0.9963 -19 36 117 345
bus 0.9243 -21 -92 128 472
bus 0.7793 91 -10 419 390
bus 0.1140 390 101 515 303
bus 0.0769 1 65 506 311
bus 0.0013 68 91 112 300
train 0.0548 390 101 515 303
train 0.0127 97 -5 448 383
train 0.0021 -44 88 150 285
train 0.0014 -21 -92 128 472
