person 0.0050 148 36 485 335
person 0.0035 15 84 69 229
person 0.0010 23 66 102 295
bicycle 0.9934 61 20 463 342
bicycle 0.0028 -35 32 301 282
car 0.0016 148 36 485 335
bus 0.0012 81 18 470 309
train 0.0147 33 12 411 309
boat 0.0074 148 36 485 335
bottle 0.8899 249 125 309 231
bottle 0.8083 229 110 333 246
bottle 0.0231 271 138 312 208
bottle 0.0026 279 147 306 179
bottle 0.0019 257 202 295 254
chair 0.0122 17 98 107 292
chair 0.0016 148 36 485 335
chair 0.0013 5 2 179 371
pottedplant 0.0316 412 276 529 417
pottedplant 0.0145 0 -33 91 233
pottedplant 0.0099 14 66 68 213
pottedplant 0.0027 6 10 54 194
pottedplant 0.0026 40 55 94 223
pottedplant 0.0010 15 106 37 185
