person 0.0200 310 -2 325 17
person 0.0149 156 -1 169 7
person 0.0148 181 186 220 321
person 0.0128 186 108 213 168
person 0.0054 146 0 164 5
person 0.0039 191 117 208 161
person 0.0038 154 95 225 183
person 0.0037 270 -1 283 28
person 0.0026 164 110 197 169
person 0.0024 267 0 287 13
person 0.0018 34 9 392 286
person 0.0013 244 -2 275 16
person 0.0012 292 -1 325 15
person 0.0011 159 0 181 6
person 0.0011 307 0 341 10
person 0.0010 249 -11 286 36
person 0.0010 169 133 184 160
car 0.0227 248 -33 418 82
car 0.0166 226 -19 296 42
car 0.0155 325 -24 389 71
car 0.0088 310 -2 325 17
car 0.0066 244 -2 275 16
car 0.0058 249 -11 286 36
car 0.0034 270 -1 283 28
car 0.0031 248 -20 346 45
car 0.0031 267 0 287 13
car 0.0025 146 0 164 5
car 0.0018 194 -8 307 22
car 0.0016 307 0 341 10
car 0.0016 156 -1 169 7
car 0.0015 159 -20 469 51
car 0.0015 241 -9 354 23
car 0.0013 292 -1 325 15
car 0.0011 233 0 268 10
bus 0.0010 248 -33 418 82
train 0.9995 17 26 409 327
