person 0.9974 30 31 463 291
person 0.7385 -28 100 237 374
person 0.0127 -97 143 307 294
person 0.0055 -76 24 278 282
bottle 0.0154 242 299 390 396
bottle 0.0072 -15 134 128 487
bottle 0.0067 -15 220 101 415
bottle 0.0020 -4 243 27 419
bottle 0.0011 348 310 548 403
chair 0.4951 255 122 464 324
chair 0.2641 279 -87 445 514
chair 0.2076 54 88 504 294
chair 0.0934 -73 36 433 269
chair 0.0194 302 57 434 371
chair 0.0155 88 -10 406 328
chair 0.0067 -23 83 267 385
chair 0.0043 274 28 537 340
chair 0.0030 75 253 492 434
chair 0.0028 20 152 546 359
chair 0.0025 263 187 456 435
chair 0.0011 125 120 232 319
sofa 0.0047 81 26 415 336
sofa 0.0017 255 122 464 324
sofa 0.0013 -49 74 484 284
diningtable 0.0204 29 190 478 429
diningtable 0.0016 215 249 516 430
