person 0.1252 -12 -140 67 617
person 0.0624 75 294 452 497
person 0.0576 2 15 376 419
person 0.0543 231 387 426 549
person 0.0383 82 370 441 568
person 0.0215 215 295 397 603
person 0.0199 29 202 351 512
person 0.0138 -53 298 294 485
person 0.0077 -29 5 98 468
person 0.0058 -99 362 469 502
person 0.0050 -42 290 411 612
person 0.0022 186 0 218 8
person 0.0016 119 -1 149 9
person 0.0015 194 0 210 29
person 0.0014 -52 116 269 389
person 0.0014 167 0 197 6
person 0.0012 191 -1 231 6
person 0.0012 158 -1 188 5
person 0.0011 86 454 499 516
person 0.0010 202 0 238 5
car 0.0310 155 -19 268 49
car 0.0130 190 0 266 49
car 0.0100 148 -5 255 17
car 0.0100 191 -1 231 6
car 0.0094 95 -25 300 57
car 0.0042 212 14 252 34
car 0.0029 220 -1 262 7
car 0.0026 186 0 218 8
car 0.0026 188 15 215 35
car 0.0025 202 0 238 5
car 0.0023 179 15 202 36
car 0.0023 -7 58 385 446
car 0.0019 198 12 225 34
car 0.0018 166 -5 237 50
car 0.0015 173 0 210 5
car 0.0012 119 -23 204 54
bird 0.0037 86 250 442 475
cat 0.4903 12 92 366 486
cat 0.2698 83 224 448 449
cat 0.1841 71 20 217 309
cat 0.1654 144 61 388 354
cat 0.0822 94 81 212 255
cat 0.0532 -52 116 269 389
cat 0.0045 90 131 437 305
cat 0.0018 -57 270 292 474
cat 0.0014 63 374 391 568
dog 0.5025 86 250 442 475
dog 0.3116 24 141 353 499
dog 0.0114 -57 270 292 474
dog 0.0049 -98 309 472 493
dog 0.0021 144 61 388 354
dog 0.0018 63 374 391 568
horse 0.0023 24 141 353 499
horse 0.0012 86 250 442 475
sheep 0.0011 86 250 442 475
cow 0.0048 24 141 353 499
cow 0.0030 86 250 442 475
bottle 0.2409 297 -1 320 61
bottle 0.0049 301 1 315 51
bottle 0.0020 135 -13 173 48
bottle 0.0014 155 32 188 78
chair 0.0191 -7 58 385 446
chair 0.0087 260 -43 410 89
chair 0.0077 216 -120 408 397
chair 0.0064 213 27 321 75
chair 0.0040 155 32 188 78
chair 0.0037 138 21 223 84
chair 0.0033 257 -5 394 292
chair 0.0032 127 51 163 68
chair 0.0027 296 -11 320 64
chair 0.0027 168 53 433 213
chair 0.0022 114 -24 190 58
chair 0.0017 164 26 427 97
chair 0.0010 156 -11 189 42
sofa 0.7389 2 15 376 419
sofa 0.0771 -108 63 468 186
sofa 0.0068 216 -120 408 397
sofa 0.0049 29 202 351 512
sofa 0.0040 168 53 433 213
sofa 0.0040 -83 144 455 350
sofa 0.0022 -2 66 243 507
sofa 0.0018 -27 -48 387 248
sofa 0.0016 -27 -32 248 136
sofa 0.0010 257 -5 394 292
pottedplant 0.1013 114 -24 190 58
pottedplant 0.0474 135 -13 173 48
pottedplant 0.0166 -3 -27 202 75
pottedplant 0.0120 206 -34 335 82
pottedplant 0.0044 54 -23 300 54
pottedplant 0.0035 190 3 267 57
pottedplant 0.0030 87 -24 161 69
pottedplant 0.0024 230 -21 311 65
pottedplant 0.0023 116 -12 154 55
pottedplant 0.0020 99 -9 190 21
pottedplant 0.0020 156 -11 189 42
pottedplant 0.0016 119 -1 149 9
pottedplant 0.0016 145 0 180 5
pottedplant 0.0014 125 -1 161 8
pottedplant 0.0012 145 -7 219 51
diningtable 0.0601 -44 17 319 83
diningtable 0.0148 -34 -13 342 128
diningtable 0.0108 163 18 428 91
diningtable 0.0070 216 -120 408 397
diningtable 0.0069 168 53 433 213
diningtable 0.0068 14 30 215 74
diningtable 0.0020 257 -5 394 292
diningtable 0.0013 55 -28 225 77
tvmonitor 0.0029 260 -43 410 89
