person 0.9743 8 188 76 457
person 0.9178 126 174 273 337
person 0.8857 300 213 353 417
person 0.8715 46 50 317 394
person 0.8531 -8 203 41 469
person 0.7150 -6 240 23 302
person 0.7110 68 179 136 456
person 0.4000 43 206 81 389
person 0.3693 332 213 358 417
person 0.3086 290 258 306 292
person 0.2922 327 259 344 290
person 0.2719 181 196 252 316
person 0.2631 294 232 339 366
person 0.2506 298 258 315 293
person 0.1660 -45 164 417 402
person 0.1135 41 247 58 276
person 0.1130 337 258 352 292
person 0.1093 71 191 103 447
person 0.0954 -1 247 17 283
person 0.0901 9 218 68 337
person 0.0843 333 253 355 314
person 0.0840 306 254 323 289
person 0.0750 40 237 75 312
person 0.0572 291 254 321 298
person 0.0531 303 296 330 387
person 0.0518 64 117 126 182
person 0.0472 323 260 335 284
person 0.0411 42 183 193 331
person 0.0315 299 251 330 296
person 0.0286 163 227 200 285
person 0.0281 320 252 353 299
person 0.0268 115 200 169 312
person 0.0240 58 250 82 330
person 0.0223 177 242 192 267
person 0.0217 318 260 350 325
person 0.0214 75 281 120 432
person 0.0197 311 297 342 388
person 0.0185 231 109 289 228
person 0.0179 11 257 27 291
person 0.0173 290 255 302 278
person 0.0170 -4 286 24 450
person 0.0156 -3 244 10 271
person 0.0149 288 257 297 291
person 0.0148 -16 203 100 350
person 0.0134 74 206 115 355
person 0.0130 76 126 115 173
person 0.0128 292 235 320 355
person 0.0120 144 224 205 303
person 0.0119 34 240 66 285
person 0.0102 236 81 256 119
person 0.0083 6 245 34 301
person 0.0077 161 246 182 281
person 0.0074 47 247 64 269
person 0.0071 138 227 167 302
person 0.0071 0 269 18 293
person 0.0069 324 251 352 373
person 0.0066 83 135 107 165
person 0.0054 88 220 117 275
person 0.0053 302 259 316 275
person 0.0051 282 242 350 306
person 0.0050 113 223 142 307
person 0.0048 -6 257 28 331
person 0.0047 232 75 261 130
person 0.0041 157 247 173 283
person 0.0038 26 233 88 294
person 0.0038 1 235 50 363
person 0.0032 20 251 34 276
person 0.0030 77 342 116 411
person 0.0030 219 212 253 278
person 0.0029 -5 227 30 369
person 0.0028 318 258 336 276
person 0.0027 320 298 349 366
person 0.0026 149 235 179 294
person 0.0025 75 247 94 395
person 0.0023 -16 234 38 311
person 0.0022 336 255 353 277
person 0.0021 -1 253 8 292
person 0.0020 156 211 225 297
person 0.0020 155 240 191 301
person 0.0019 51 263 62 282
person 0.0019 129 210 159 303
person 0.0018 100 240 112 266
person 0.0018 7 263 43 327
person 0.0018 -106 244 333 398
person 0.0018 172 244 189 278
person 0.0017 67 263 80 306
person 0.0017 340 272 351 310
person 0.0017 -5 271 7 391
person 0.0016 284 231 307 298
person 0.0014 56 244 80 266
person 0.0014 297 252 358 334
person 0.0013 349 148 376 487
person 0.0013 15 261 36 287
person 0.0013 185 233 221 298
person 0.0013 318 175 359 298
person 0.0013 90 199 156 318
person 0.0012 174 218 211 274
person 0.0012 185 239 196 257
person 0.0012 53 278 74 382
person 0.0012 266 221 369 373
car 0.0068 316 257 355 274
car 0.0043 301 232 351 368
car 0.0028 304 240 367 306
car 0.0021 56 244 80 266
car 0.0015 320 252 353 299
car 0.0013 268 221 390 339
car 0.0012 66 246 81 264
car 0.0011 -4 230 78 317
motorbike 0.0014 -5 248 26 460
bus 0.8930 -5 50 362 428
bus 0.0129 -47 197 415 389
train 0.0036 46 50 317 394
bottle 0.0011 34 286 45 297
