person 0.0887 359 138 436 218
person 0.0158 393 154 423 203
person 0.0056 334 140 361 200
person 0.0044 110 72 130 96
person 0.0034 339 148 356 191
person 0.0024 316 140 350 195
person 0.0021 302 126 452 233
person 0.0019 146 68 167 104
person 0.0018 358 143 382 214
person 0.0017 307 130 370 209
person 0.0017 102 61 138 106
person 0.0014 117 73 135 95
person 0.0013 372 151 407 207
person 0.0012 321 150 340 187
train 0.9963 86 10 484 229
train 0.9861 164 86 590 312
train 0.5788 -44 26 610 179
train 0.1469 231 -10 506 338
