person 0.9997 90 81 420 367
person 0.0042 149 173 186 225
person 0.0014 143 152 157 162
person 0.0011 -21 60 154 479
person 0.0011 -6 207 31 379
person 0.0010 -30 336 95 394
bicycle 0.0223 -13 -38 352 399
bicycle 0.0065 -21 60 154 479
bicycle 0.0054 -15 200 83 424
bicycle 0.0029 -78 183 260 357
bicycle 0.0012 89 136 418 370
car 0.0016 89 136 418 370
motorbike 0.0010 -78 183 260 357
bus 0.0044 -3 -37 275 399
boat 0.6836 -13 -38 352 399
boat 0.1197 89 136 418 370
boat 0.0961 138 154 178 164
boat 0.0914 158 156 176 163
boat 0.0280 -50 227 391 448
boat 0.0275 139 154 161 163
boat 0.0195 171 157 220 166
boat 0.0153 173 158 200 165
boat 0.0091 -77 225 268 365
boat 0.0080 102 150 236 168
boat 0.0064 166 157 192 165
boat 0.0045 61 11 502 363
boat 0.0035 -23 105 202 511
boat 0.0017 296 159 328 174
bird 0.0247 117 137 215 434
bird 0.0039 285 168 379 439
cat 0.0706 118 124 215 397
dog 0.9951 286 158 378 426
dog 0.7831 117 130 215 416
dog 0.0060 87 32 253 513
dog 0.0029 89 136 418 370
dog 0.0011 247 70 410 524
horse 0.0414 117 137 215 434
horse 0.0037 285 168 379 439
horse 0.0026 31 -32 382 397
sheep 0.1538 117 137 215 434
sheep 0.0104 285 168 379 439
cow 0.0019 117 137 215 434
chair 0.0121 -15 200 83 424
chair 0.0071 -6 207 31 379
chair 0.0070 -32 292 93 415
chair 0.0040 -17 128 109 383
chair 0.0019 -25 103 152 498
chair 0.0017 -3 221 12 374
chair 0.0015 -35 289 244 409
diningtable 0.0018 -15 200 83 424
diningtable 0.0017 -32 292 93 415
