person 0.0079 309 149 332 174
person 0.0067 30 103 612 280
person 0.0051 350 147 366 174
person 0.0049 252 148 273 174
person 0.0045 342 147 361 174
person 0.0034 454 152 476 174
person 0.0032 246 119 278 183
person 0.0030 400 146 417 174
person 0.0029 369 149 387 173
person 0.0027 283 147 302 174
person 0.0026 222 147 243 171
person 0.0015 427 147 446 174
person 0.0015 392 147 409 174
person 0.0013 362 147 379 174
person 0.0012 447 151 464 174
person 0.0012 294 145 309 173
person 0.0011 265 145 279 174
person 0.0011 334 147 351 173
person 0.0010 198 138 216 177
car 0.0022 -2 155 9 281
car 0.0018 0 173 2 262
car 0.0016 -3 122 30 304
car 0.0010 0 173 5 226
bus 0.9998 42 81 472 295
bird 0.0027 370 1 374 5
