person 0.0208 -39 108 138 362
person 0.0174 358 9 532 368
person 0.0171 -1 -5 447 377
person 0.0097 397 159 514 426
person 0.0064 -17 91 102 302
person 0.0011 -18 -31 133 479
car 0.0027 65 -29 487 348
boat 0.0027 50 -21 465 338
bird 0.0028 -42 141 141 371
bird 0.0016 -20 181 115 438
cat 0.0035 -15 66 102 406
cat 0.0016 -42 141 141 371
dog 0.9979 57 -13 459 388
dog 0.0481 -15 66 102 406
dog 0.0212 -42 141 141 371
horse 0.0013 -42 141 141 371
cow 0.0023 -42 141 141 371
bottle 0.0039 -42 96 129 263
chair 0.0482 50 -21 465 338
sofa 0.1715 50 -21 465 338
sofa 0.0023 -15 66 102 406
sofa 0.0019 -42 141 141 371
