person 0.9994 114 1 469 394
person 0.9846 -68 53 257 306
person 0.8132 108 66 219 213
person 0.4163 117 90 148 178
person 0.2225 390 31 528 166
person 0.1979 424 21 510 261
person 0.1733 -7 72 36 238
person 0.0756 177 119 197 151
person 0.0581 -13 91 46 160
person 0.0368 307 90 342 194
person 0.0356 0 106 24 127
person 0.0350 0 103 10 129
person 0.0346 492 48 502 182
person 0.0283 476 16 504 267
person 0.0282 16 85 47 148
person 0.0272 -7 100 33 149
person 0.0253 0 101 7 145
person 0.0244 171 112 202 160
person 0.0232 23 98 41 126
person 0.0212 496 83 500 146
person 0.0194 124 101 140 145
person 0.0187 439 43 507 162
person 0.0144 147 78 210 240
person 0.0137 481 -24 502 416
person 0.0128 437 -64 509 457
person 0.0115 123 125 141 164
person 0.0104 173 58 259 265
person 0.0095 469 -91 502 522
person 0.0090 346 126 379 181
person 0.0087 123 45 209 303
person 0.0087 129 124 147 164
person 0.0082 -5 6 37 388
person 0.0078 491 63 501 264
person 0.0076 124 81 594 321
person 0.0069 104 55 472 254
person 0.0067 -2 91 15 158
person 0.0063 496 70 500 123
person 0.0063 350 131 372 153
person 0.0062 212 46 235 80
person 0.0060 470 64 506 147
person 0.0058 185 120 205 149
person 0.0047 397 48 515 124
person 0.0045 -2 81 11 206
person 0.0044 326 106 385 214
person 0.0043 4 27 348 354
person 0.0042 179 108 215 161
person 0.0041 87 8 267 290
person 0.0037 495 96 499 171
person 0.0034 203 42 240 87
person 0.0033 13 104 34 123
person 0.0031 175 77 238 206
person 0.0029 -13 26 62 294
person 0.0028 0 75 2 136
person 0.0025 0 98 3 169
person 0.0025 350 -31 519 333
person 0.0022 310 99 363 213
person 0.0020 293 100 408 224
person 0.0020 127 88 204 166
person 0.0019 310 125 346 183
person 0.0018 114 80 177 228
person 0.0018 163 102 195 164
person 0.0018 -7 113 31 192
person 0.0016 110 103 164 185
person 0.0015 159 134 196 194
person 0.0014 165 97 227 172
person 0.0014 20 106 41 146
person 0.0013 -28 61 80 218
person 0.0013 461 -13 508 300
person 0.0011 -2 54 9 156
person 0.0011 349 85 395 200
person 0.0011 357 134 375 150
person 0.0010 -1 101 8 264
person 0.0010 313 118 390 169
bicycle 0.0017 175 170 216 235
bicycle 0.0015 164 159 226 245
car 0.0042 496 78 500 133
car 0.0016 492 48 502 182
car 0.0012 496 97 500 151
bottle 0.0028 -18 326 52 397
bottle 0.0021 88 -14 484 328
chair 0.1461 306 142 393 203
chair 0.0676 292 123 412 228
chair 0.0623 337 171 400 232
chair 0.0203 175 170 216 235
chair 0.0179 346 126 379 181
chair 0.0136 328 131 357 157
chair 0.0119 350 131 372 153
chair 0.0109 171 139 225 250
chair 0.0108 351 188 389 215
chair 0.0098 326 106 385 214
chair 0.0087 326 149 359 173
chair 0.0086 350 138 375 168
chair 0.0074 120 136 139 167
chair 0.0065 295 132 389 179
chair 0.0063 159 138 196 223
chair 0.0058 357 134 375 150
chair 0.0057 310 134 347 190
chair 0.0044 340 183 383 199
chair 0.0040 330 145 354 161
chair 0.0038 -9 72 52 206
chair 0.0036 344 173 379 192
chair 0.0033 324 138 361 188
chair 0.0031 330 161 355 184
chair 0.0029 82 118 203 240
chair 0.0028 -79 98 282 337
chair 0.0028 0 101 7 145
chair 0.0027 -5 172 33 338
chair 0.0025 0 103 10 129
chair 0.0025 341 132 361 157
chair 0.0025 15 92 46 152
chair 0.0023 347 159 387 205
chair 0.0023 324 123 362 164
chair 0.0021 317 149 343 175
chair 0.0021 311 116 374 170
chair 0.0020 12 209 32 287
chair 0.0019 -9 104 34 181
chair 0.0019 116 91 602 355
chair 0.0018 483 74 501 473
chair 0.0018 141 138 457 217
chair 0.0017 -2 96 10 229
chair 0.0017 -4 46 29 309
chair 0.0016 315 160 346 186
chair 0.0016 20 106 41 146
chair 0.0015 491 62 501 283
chair 0.0014 310 99 363 213
chair 0.0014 348 164 374 184
chair 0.0014 174 134 257 211
chair 0.0013 312 138 334 172
chair 0.0013 9 113 41 140
chair 0.0013 131 226 261 395
chair 0.0013 186 156 224 228
chair 0.0012 0 106 24 127
chair 0.0011 78 105 185 340
chair 0.0011 437 10 510 497
chair 0.0011 191 136 248 253
chair 0.0010 146 115 258 271
chair 0.0010 0 98 3 169
sofa 0.0023 -79 98 282 337
sofa 0.0012 121 141 602 364
pottedplant 0.0929 173 58 259 265
pottedplant 0.0076 100 16 319 280
pottedplant 0.0055 191 136 248 253
pottedplant 0.0036 37 68 401 319
pottedplant 0.0030 171 139 225 250
pottedplant 0.0020 175 77 238 206
pottedplant 0.0012 -64 48 250 276
diningtable 0.6465 -39 220 301 444
diningtable 0.1891 306 142 393 203
diningtable 0.0260 94 287 307 411
diningtable 0.0168 325 170 398 212
diningtable 0.0168 292 123 412 228
diningtable 0.0119 295 132 389 179
diningtable 0.0062 -52 171 322 363
diningtable 0.0057 330 147 367 162
diningtable 0.0037 340 183 383 199
diningtable 0.0035 346 126 379 181
diningtable 0.0033 141 138 457 217
diningtable 0.0033 350 138 375 168
diningtable 0.0032 -43 254 138 382
diningtable 0.0029 350 131 372 153
diningtable 0.0023 357 134 375 150
diningtable 0.0023 337 162 360 184
diningtable 0.0022 328 131 357 157
diningtable 0.0020 98 136 312 497
diningtable 0.0019 329 116 388 172
diningtable 0.0015 252 131 573 224
diningtable 0.0014 43 45 396 385
diningtable 0.0014 326 106 385 214
diningtable 0.0014 303 50 518 323
diningtable 0.0012 344 173 379 192
diningtable 0.0011 330 150 367 172
diningtable 0.0010 145 241 258 412
tvmonitor 0.2121 188 30 248 96
tvmonitor 0.0324 199 41 239 82
tvmonitor 0.0022 212 46 235 80
