person 0.9888 138 336 178 450
person 0.9687 190 324 226 457
person 0.9566 168 332 204 450
person 0.9526 108 360 130 433
person 0.7931 206 328 234 434
person 0.4833 295 357 318 385
person 0.1542 261 352 275 385
person 0.1516 269 350 285 387
person 0.1010 260 342 291 390
person 0.0892 289 348 322 389
person 0.0721 135 368 148 404
person 0.0662 274 356 289 384
person 0.0652 160 343 179 436
person 0.0545 163 359 175 381
person 0.0508 106 385 114 411
person 0.0489 241 353 254 385
person 0.0347 247 351 261 386
person 0.0249 173 357 187 381
person 0.0206 133 357 154 419
person 0.0195 167 341 194 422
person 0.0178 146 357 156 381
person 0.0119 151 357 167 379
person 0.0112 200 351 213 373
person 0.0100 109 379 116 404
person 0.0092 314 346 334 452
person 0.0082 101 382 112 414
person 0.0081 298 347 315 381
person 0.0075 117 379 125 402
person 0.0068 189 341 222 401
person 0.0059 142 361 155 398
person 0.0057 317 354 330 383
person 0.0056 210 347 226 374
person 0.0054 181 355 195 381
person 0.0046 188 350 215 442
person 0.0044 290 355 305 384
person 0.0043 198 352 216 383
person 0.0043 247 335 305 399
person 0.0031 167 382 177 415
person 0.0031 235 351 244 387
person 0.0030 95 370 117 426
person 0.0029 234 342 262 392
person 0.0028 143 369 151 408
person 0.0027 276 341 335 397
person 0.0027 173 364 187 395
person 0.0026 126 377 135 400
person 0.0026 74 237 347 515
person 0.0026 220 352 234 389
person 0.0026 190 355 208 384
person 0.0025 117 372 123 392
person 0.0021 166 365 175 414
person 0.0021 222 369 235 408
person 0.0021 291 326 336 459
person 0.0020 143 348 176 414
person 0.0018 112 366 118 396
person 0.0018 169 383 182 414
person 0.0016 163 311 384 435
person 0.0016 -8 410 44 526
person 0.0016 193 349 208 375
person 0.0015 127 317 261 467
person 0.0013 315 364 331 390
person 0.0012 213 371 225 406
person 0.0011 172 374 184 402
person 0.0010 70 354 76 372
person 0.0010 175 352 187 374
person 0.0010 137 350 163 442
car 0.9881 -20 337 57 422
car 0.7940 -8 410 44 526
car 0.0095 -31 398 73 540
car 0.0093 -8 349 39 408
car 0.0018 23 311 48 328
car 0.0012 314 346 334 452
car 0.0010 106 385 114 411
car 0.0010 10 427 40 522
motorbike 0.0077 -8 410 44 526
bus 0.1376 128 224 354 532
train 0.0040 128 224 354 532
pottedplant 0.0023 101 382 112 414
