person 0.0404 331 141 383 266
person 0.0021 241 126 304 207
person 0.0012 355 88 372 122
person 0.0011 255 138 295 193
bicycle 0.0165 241 126 304 207
bicycle 0.0012 255 138 295 193
bird 0.0011 241 126 304 207
cat 0.0060 85 146 187 219
cat 0.0010 410 270 489 341
bottle 0.1325 288 191 297 215
bottle 0.1036 268 189 278 214
bottle 0.0093 259 190 270 212
bottle 0.0088 254 185 261 214
bottle 0.0062 431 96 437 129
bottle 0.0057 259 181 268 207
bottle 0.0044 315 193 323 215
bottle 0.0040 424 94 431 130
bottle 0.0037 127 104 139 147
bottle 0.0032 112 124 122 140
bottle 0.0028 124 69 141 161
bottle 0.0026 293 85 316 161
bottle 0.0021 126 122 139 141
bottle 0.0020 266 180 281 205
bottle 0.0017 121 190 136 217
bottle 0.0010 127 150 137 175
bottle 0.0010 109 124 119 140
chair 0.6804 403 187 514 437
chair 0.3926 330 143 380 278
chair 0.1699 -34 124 312 482
chair 0.0686 -91 234 369 361
chair 0.0404 470 199 506 430
chair 0.0325 -6 239 32 388
chair 0.0265 210 195 242 240
chair 0.0151 240 158 306 228
chair 0.0110 330 171 369 253
chair 0.0091 79 131 196 254
chair 0.0087 412 255 490 412
chair 0.0083 199 186 254 249
chair 0.0074 314 192 322 224
chair 0.0042 -5 266 19 370
chair 0.0038 269 140 403 287
chair 0.0035 -3 219 12 319
chair 0.0035 269 170 337 235
chair 0.0034 152 193 215 234
chair 0.0031 48 132 237 412
chair 0.0030 87 149 180 213
chair 0.0027 440 241 505 420
chair 0.0025 468 296 506 395
chair 0.0022 364 186 401 254
chair 0.0022 311 115 446 279
chair 0.0019 331 208 365 273
chair 0.0018 -4 131 23 378
chair 0.0018 311 177 328 259
chair 0.0017 -11 107 65 397
chair 0.0016 -23 203 75 333
chair 0.0016 109 145 170 241
chair 0.0016 313 150 364 316
chair 0.0015 490 281 501 409
chair 0.0015 333 191 354 218
chair 0.0013 241 126 304 207
chair 0.0013 253 167 290 221
chair 0.0012 332 153 366 215
chair 0.0012 283 149 339 211
chair 0.0012 343 146 403 275
chair 0.0011 345 168 356 196
chair 0.0011 324 150 392 230
chair 0.0010 219 197 232 239
chair 0.0010 288 135 340 260
chair 0.0010 -1 242 8 277
sofa 0.8556 -34 124 312 482
sofa 0.3408 -91 234 369 361
sofa 0.0257 330 143 380 278
sofa 0.0086 73 117 190 246
sofa 0.0082 85 146 187 219
sofa 0.0049 219 153 375 248
sofa 0.0047 -7 196 30 391
sofa 0.0037 330 171 369 253
sofa 0.0030 48 132 237 412
sofa 0.0024 240 158 306 228
sofa 0.0016 311 115 446 279
sofa 0.0012 269 170 337 235
sofa 0.0011 -41 149 158 457
pottedplant 0.8952 363 131 418 261
pottedplant 0.6269 -24 123 82 273
pottedplant 0.2348 311 115 446 279
pottedplant 0.0548 240 158 306 228
pottedplant 0.0358 -7 200 60 317
pottedplant 0.0245 -11 107 65 397
pottedplant 0.0154 253 167 290 221
pottedplant 0.0121 241 126 304 207
pottedplant 0.0089 331 141 383 266
pottedplant 0.0057 141 126 158 141
pottedplant 0.0057 266 180 281 205
pottedplant 0.0054 268 189 278 214
pottedplant 0.0046 288 191 297 215
pottedplant 0.0045 124 69 141 161
pottedplant 0.0037 -6 159 26 388
pottedplant 0.0026 255 138 295 193
pottedplant 0.0023 364 186 401 254
pottedplant 0.0020 262 160 283 186
pottedplant 0.0019 175 44 244 129
pottedplant 0.0019 -3 219 12 319
pottedplant 0.0018 259 181 268 207
pottedplant 0.0018 -1 242 8 277
pottedplant 0.0017 276 179 287 206
pottedplant 0.0016 126 122 139 141
pottedplant 0.0015 -5 50 36 455
pottedplant 0.0014 -4 94 25 305
pottedplant 0.0014 -3 172 16 270
pottedplant 0.0013 254 159 275 185
pottedplant 0.0010 244 109 287 245
pottedplant 0.0010 248 76 268 159
pottedplant 0.0010 -5 -16 17 370
diningtable 0.0169 -6 239 32 388
diningtable 0.0100 413 204 516 425
diningtable 0.0069 76 108 335 431
diningtable 0.0065 470 199 506 430
diningtable 0.0043 222 159 368 265
diningtable 0.0035 242 188 344 231
diningtable 0.0032 -62 226 468 358
diningtable 0.0015 210 195 242 240
diningtable 0.0011 103 183 180 234
diningtable 0.0011 -45 213 147 380
diningtable 0.0010 234 177 313 224
diningtable 0.0010 286 202 322 217
diningtable 0.0010 134 161 266 259
tvmonitor 0.0270 85 146 187 219
tvmonitor 0.0060 73 117 190 246
tvmonitor 0.0019 164 150 244 246
