person 0.0760 83 163 116 224
person 0.0449 90 170 108 200
person 0.0235 100 172 118 198
person 0.0119 109 172 127 198
person 0.0085 86 172 102 208
person 0.0077 96 167 121 229
person 0.0076 71 155 132 233
person 0.0069 228 134 244 156
person 0.0052 276 151 293 176
person 0.0030 0 185 8 219
person 0.0028 495 145 500 201
person 0.0023 61 154 84 228
person 0.0020 47 159 80 226
person 0.0019 199 133 213 155
person 0.0018 31 160 59 225
person 0.0017 283 151 297 179
person 0.0017 65 165 78 198
person 0.0017 103 165 131 221
person 0.0016 99 180 117 219
person 0.0015 343 133 360 157
person 0.0014 89 187 113 216
person 0.0013 487 123 502 221
person 0.0012 492 111 502 272
person 0.0011 23 152 44 232
person 0.0010 37 172 53 215
person 0.0010 218 135 236 155
car 0.0033 -27 129 88 254
car 0.0014 0 185 8 219
bus 0.0211 -27 129 88 254
bus 0.0022 -1 26 422 296
train 0.9475 -1 26 422 296
train 0.0251 -80 92 491 211
train 0.0240 -27 112 90 254
train 0.0025 439 68 503 222
train 0.0019 431 38 515 279
