person 0.5512 17 -17 381 362
person 0.0477 -134 326 515 489
person 0.0204 -80 165 478 355
person 0.0152 24 97 324 477
person 0.0033 -55 49 459 282
person 0.0015 10 295 373 498
person 0.0011 -6 215 392 600
cat 0.0033 -91 257 408 471
cat 0.0013 -11 183 477 379
dog 0.5907 -78 179 477 382
dog 0.5539 28 97 367 477
dog 0.0271 -91 257 408 471
dog 0.0018 -14 103 155 539
dog 0.0015 14 -26 381 308
dog 0.0010 -90 103 490 320
chair 0.0077 24 7 378 424
sofa 0.2997 29 53 371 445
sofa 0.0057 -80 165 478 355
diningtable 0.0011 14 -26 381 308
