person 0.9980 184 46 563 354
person 0.9962 -24 13 369 368
person 0.0012 329 157 544 365
person 0.0011 -18 158 104 432
chair 0.1787 28 81 208 264
chair 0.0407 21 152 491 379
chair 0.0363 25 38 311 393
chair 0.0239 55 14 206 349
chair 0.0090 214 103 571 346
chair 0.0079 -22 118 205 354
chair 0.0056 329 157 544 365
chair 0.0039 352 0 519 454
chair 0.0032 479 116 501 470
chair 0.0021 -18 158 104 432
chair 0.0014 -10 -55 63 292
chair 0.0014 490 250 502 421
chair 0.0012 63 111 145 242
chair 0.0011 51 1 159 504
sofa 0.5582 21 152 491 379
sofa 0.0883 214 103 571 346
sofa 0.0807 255 11 496 416
sofa 0.0279 329 157 544 365
sofa 0.0035 -18 158 104 432
sofa 0.0019 479 167 502 454
sofa 0.0018 356 -37 516 552
sofa 0.0017 -66 124 560 495
sofa 0.0015 25 38 311 393
sofa 0.0014 434 77 507 430
sofa 0.0012 129 204 612 376
diningtable 0.0010 -10 -55 63 292
