person 0.0057 32 81 414 365
cat 0.9838 83 82 473 349
cat 0.6906 -43 123 605 317
dog 0.0401 83 82 473 349
dog 0.0223 -43 123 605 317
chair 0.1520 61 48 459 345
chair 0.0065 32 -125 256 259
chair 0.0047 -8 0 299 165
sofa 0.5764 46 133 468 394
sofa 0.0312 129 45 499 348
sofa 0.0021 -96 228 598 369
pottedplant 0.0011 61 48 459 345
diningtable 0.4018 46 133 468 394
diningtable 0.0043 129 45 499 348
diningtable 0.0018 -96 228 598 369
tvmonitor 0.0139 488 -25 503 101
tvmonitor 0.0026 495 -3 500 80
tvmonitor 0.0017 495 42 500 95
tvmonitor 0.0014 483 -56 505 141
