person 0.0243 -6 -119 28 475
person 0.0235 -2 -60 19 376
person 0.0048 102 20 461 230
person 0.0039 125 -148 301 308
person 0.0033 127 -51 271 218
person 0.0020 -66 27 258 349
person 0.0014 -9 -92 59 521
bicycle 0.0198 102 20 461 230
bicycle 0.0150 286 -122 512 255
bicycle 0.0080 125 -148 301 308
bicycle 0.0014 232 5 564 148
bicycle 0.0013 81 -1 348 167
bicycle 0.0012 299 -42 403 165
car 0.0019 -3 -49 20 291
bird 0.0064 -2 -60 19 376
bird 0.0040 -6 -119 28 475
bird 0.0016 133 183 260 402
cat 0.0050 121 85 270 494
cat 0.0035 102 20 461 230
cat 0.0027 -3 -49 20 291
cat 0.0019 133 183 260 402
dog 0.9970 98 41 460 247
dog 0.1489 121 85 270 494
dog 0.0359 133 183 260 402
dog 0.0057 115 -161 298 350
dog 0.0036 94 -22 414 393
dog 0.0032 -2 -60 19 376
dog 0.0030 -5 -100 29 492
dog 0.0016 85 11 341 194
horse 0.0024 -5 -100 29 492
horse 0.0013 -2 -60 19 376
cow 0.0077 -6 -119 28 475
cow 0.0053 -2 -60 19 376
bottle 0.0024 -3 -49 20 291
chair 0.2158 125 -148 301 308
chair 0.0289 286 -122 512 255
chair 0.0133 127 -51 271 218
chair 0.0117 81 -1 348 167
chair 0.0024 112 98 265 480
chair 0.0022 268 -30 414 69
chair 0.0019 346 26 541 350
chair 0.0017 -2 -107 19 235
chair 0.0016 102 20 461 230
chair 0.0015 232 5 564 148
sofa 0.0037 125 -148 301 308
sofa 0.0012 346 26 541 350
sofa 0.0011 106 52 455 303
pottedplant 0.0022 286 -122 512 255
diningtable 0.0213 125 -148 301 308
diningtable 0.0036 346 26 541 350
diningtable 0.0033 85 11 341 194
diningtable 0.0030 127 -51 271 218
diningtable 0.0023 286 -122 512 255
tvmonitor 0.0040 346 26 541 350
