person 0.9979 -59 33 227 347
person 0.6998 423 -8 490 458
person 0.1069 31 18 464 332
person 0.0174 444 -144 484 449
person 0.0169 473 80 481 121
person 0.0101 445 74 484 224
person 0.0096 468 58 483 141
person 0.0051 323 90 469 219
person 0.0045 355 36 506 328
person 0.0040 476 54 479 133
person 0.0040 224 65 263 135
person 0.0038 454 23 483 314
person 0.0033 -2 61 12 90
person 0.0031 471 40 481 180
person 0.0021 151 79 166 102
person 0.0020 474 14 481 243
person 0.0018 277 268 391 403
person 0.0018 456 133 483 394
person 0.0015 137 52 162 81
person 0.0011 212 53 275 147
person 0.0011 4 68 16 91
person 0.0010 423 196 490 402
bicycle 0.0068 69 276 215 372
bicycle 0.0045 323 90 469 219
bicycle 0.0012 90 300 212 351
car 0.5967 115 43 171 91
car 0.5473 -2 61 12 90
car 0.5444 19 56 582 281
car 0.4201 -3 52 69 92
car 0.2169 137 52 162 81
car 0.1227 37 66 60 84
car 0.1016 27 62 57 83
car 0.0895 123 54 146 80
car 0.0584 13 61 50 84
car 0.0547 157 52 186 73
car 0.0409 94 27 474 385
car 0.0232 118 51 149 89
car 0.0194 150 52 173 73
car 0.0157 128 39 196 84
car 0.0094 -7 52 18 97
car 0.0058 168 55 184 71
car 0.0047 0 62 22 89
car 0.0043 421 -77 491 419
car 0.0027 445 74 484 224
car 0.0018 -51 30 221 267
car 0.0016 118 58 136 85
car 0.0013 0 50 4 85
car 0.0010 8 55 41 91
motorbike 0.0076 102 232 294 424
motorbike 0.0010 -50 148 222 356
bus 0.0010 421 -77 491 419
boat 0.0063 102 232 294 424
dog 0.0011 151 79 166 102
bottle 0.9699 269 279 317 387
bottle 0.2560 299 286 358 381
bottle 0.0546 277 268 379 400
bottle 0.0158 277 287 310 359
bottle 0.0121 243 265 337 401
bottle 0.0045 261 319 324 378
bottle 0.0044 259 302 285 379
bottle 0.0038 467 202 483 294
bottle 0.0017 465 229 482 324
bottle 0.0015 284 297 302 328
bottle 0.0014 446 254 484 386
bottle 0.0011 472 229 480 271
chair 0.0144 78 264 339 397
chair 0.0019 446 254 484 386
chair 0.0013 426 80 490 219
chair 0.0012 79 282 227 378
diningtable 0.0082 102 232 294 424
diningtable 0.0012 48 270 345 394
