cat 0.0024 101 16 133 99
dog 0.0025 101 16 133 99
bottle 0.0072 278 108 290 158
bottle 0.0036 271 98 293 165
bottle 0.0017 349 34 367 57
bottle 0.0015 279 113 312 160
bottle 0.0013 213 186 520 364
bottle 0.0011 341 35 363 56
chair 0.9987 80 84 291 523
chair 0.9847 221 202 515 371
chair 0.8307 265 46 463 539
chair 0.6838 26 220 341 361
chair 0.5396 239 107 360 263
chair 0.3404 67 106 174 406
chair 0.1900 294 132 353 248
chair 0.1337 206 77 281 174
chair 0.0916 189 118 242 247
chair 0.0367 257 116 374 354
chair 0.0281 245 137 340 227
chair 0.0266 249 181 320 241
chair 0.0229 156 93 328 268
chair 0.0223 248 50 392 458
chair 0.0175 85 176 159 250
chair 0.0123 200 222 397 326
chair 0.0103 193 137 237 212
chair 0.0101 50 100 400 366
chair 0.0101 220 91 264 161
chair 0.0091 181 158 247 226
chair 0.0078 107 192 256 423
chair 0.0077 62 119 162 286
chair 0.0071 231 97 498 343
chair 0.0054 120 140 157 227
chair 0.0049 190 12 359 345
chair 0.0045 213 169 280 260
chair 0.0044 264 208 305 228
chair 0.0043 186 72 327 180
chair 0.0042 235 174 393 292
chair 0.0041 254 102 292 153
chair 0.0035 251 143 338 179
chair 0.0033 250 106 313 253
chair 0.0029 367 135 470 412
chair 0.0024 201 145 314 369
chair 0.0022 188 170 229 231
chair 0.0020 117 196 365 311
chair 0.0019 242 93 304 170
chair 0.0016 140 123 269 264
chair 0.0016 194 177 222 208
chair 0.0016 477 104 503 332
chair 0.0015 305 145 344 225
chair 0.0014 261 112 283 136
chair 0.0013 217 240 389 296
chair 0.0013 267 167 404 412
chair 0.0013 210 268 295 327
chair 0.0012 171 185 242 235
chair 0.0012 243 94 268 156
chair 0.0012 264 193 306 212
chair 0.0012 94 181 146 411
chair 0.0011 258 183 287 241
chair 0.0010 214 91 241 158
chair 0.0010 96 213 203 246
sofa 0.0019 206 77 281 174
sofa 0.0015 270 14 463 537
sofa 0.0010 221 202 515 371
pottedplant 0.9835 249 -30 511 89
pottedplant 0.9552 199 69 310 281
pottedplant 0.9407 173 13 333 336
pottedplant 0.2679 296 -71 466 139
pottedplant 0.0258 163 100 349 255
pottedplant 0.0079 314 9 387 70
pottedplant 0.0055 210 120 279 272
pottedplant 0.0024 324 19 436 61
pottedplant 0.0021 279 113 312 160
pottedplant 0.0021 254 103 292 161
pottedplant 0.0019 250 106 313 253
pottedplant 0.0017 172 83 344 189
pottedplant 0.0017 190 79 248 243
pottedplant 0.0015 334 17 371 63
pottedplant 0.0014 54 115 435 275
diningtable 0.6163 56 95 417 369
diningtable 0.6115 -7 192 479 358
diningtable 0.0257 129 113 364 491
diningtable 0.0025 138 188 377 290
diningtable 0.0019 203 84 385 379
