Kongrou 0.0014 17 107 156 216
Kongrou 0.0013 543 100 677 202
Kongrou 0.0011 396 284 523 387
Rouzaofun 0.0027 92 212 213 310
Rouzaofun 0.0023 549 93 671 187
Rouzaofun 0.0021 166 81 287 169
Rouzaofun 0.0016 77 359 206 458
Rouzaofun 0.0015 25 107 150 199
Rouzaofun 0.0014 316 58 431 138
Rouzaofun 0.0013 400 280 517 376
Rouzaofun 0.0013 268 185 377 281
Rouzaofun 0.0013 430 148 537 237
Rouzaofun 0.0011 561 256 674 358
wagui 0.9997 410 153 523 240
wagui 0.9996 257 191 371 285
wagui 0.9995 243 327 368 417
wagui 0.9995 399 287 516 382
wagui 0.9995 89 222 213 323
wagui 0.9993 540 257 663 354
wagui 0.9991 550 106 672 198
wagui 0.9982 179 85 295 171
wagui 0.9975 24 115 149 208
wagui 0.9974 78 368 207 471
wagui 0.9780 325 62 433 143
wagui 0.0580 462 52 567 110
wagui 0.0202 30 16 666 522
wagui 0.0028 65 325 217 508
wagui 0.0026 80 175 227 363
wagui 0.0023 58 55 534 392
wagui 0.0023 482 253 575 285
wagui 0.0016 131 210 222 308
wagui 0.0011 286 64 731 379
