Rouzaofun 0.0015 91 77 128 100
Rouzaofun 0.0015 123 87 163 113
Rouzaofun 0.0011 121 46 149 62
Rouzaofun 0.0010 184 51 213 69
wagui 0.9992 102 33 130 48
wagui 0.9990 126 89 165 114
wagui 0.9986 192 96 227 121
wagui 0.9985 121 47 149 65
wagui 0.9978 91 79 126 102
wagui 0.9974 163 114 202 147
wagui 0.9971 160 77 194 98
wagui 0.9955 90 58 122 76
wagui 0.9943 196 70 232 95
wagui 0.9929 55 80 88 101
wagui 0.9909 114 116 160 153
wagui 0.9871 185 53 213 70
wagui 0.9828 72 39 103 57
wagui 0.9779 159 38 188 53
wagui 0.9713 152 58 183 75
wagui 0.9628 69 99 112 132
wagui 0.0136 120 82 172 122
wagui 0.0125 133 72 157 87
wagui 0.0108 184 88 235 130
wagui 0.0100 125 84 160 105
wagui 0.0095 107 30 137 43
wagui 0.0077 188 60 242 104
wagui 0.0049 72 34 104 51
wagui 0.0028 155 73 188 92
wagui 0.0024 81 72 133 110
wagui 0.0024 149 67 203 107
wagui 0.0024 44 71 98 111
wagui 0.0018 90 71 123 94
wagui 0.0018 58 26 118 68
wagui 0.0016 109 37 161 76
wagui 0.0014 130 41 150 54
wagui 0.0013 79 48 133 87
wagui 0.0011 88 22 145 59
wagui 0.0011 186 55 219 78
wagui 0.0010 55 71 87 93
wagui 0.0010 58 63 86 85
wagui 0.0010 62 85 116 137
wagui 0.0010 138 43 199 87
