Kongrou 0.0021 117 71 182 105
Kongrou 0.0017 189 64 259 100
Kongrou 0.0016 43 72 110 106
Rouzaofun 0.0015 198 64 258 96
Rouzaofun 0.0014 0 67 41 93
Rouzaofun 0.0011 47 70 107 100
Rouzaofun 0.0010 126 70 181 100
Rouzaofun 0.0010 95 48 135 69
Rouzaofun 0.0010 148 42 198 65
wagui 0.9997 120 73 179 103
wagui 0.9996 46 74 107 104
wagui 0.9991 1 69 43 96
wagui 0.9987 191 66 256 97
wagui 0.9980 153 44 198 66
wagui 0.9975 28 45 69 64
wagui 0.9972 77 32 114 49
wagui 0.9967 98 48 138 69
wagui 0.7531 65 102 150 160
wagui 0.6655 157 101 253 163
wagui 0.0149 124 68 176 92
wagui 0.0072 57 69 105 91
wagui 0.0048 4 64 43 85
wagui 0.0045 105 45 141 62
wagui 0.0041 74 36 104 53
wagui 0.0034 68 71 112 98
wagui 0.0029 89 40 147 76
wagui 0.0027 146 35 206 71
wagui 0.0025 13 68 51 89
wagui 0.0024 30 39 70 58
wagui 0.0024 19 35 79 71
wagui 0.0021 149 37 195 59
wagui 0.0018 -1 75 40 108
wagui 0.0018 95 55 133 75
wagui 0.0014 146 48 190 71
wagui 0.0013 69 23 124 58
wagui 0.0010 185 61 244 88
