Kongrou 0.0012 -3 70 87 130
Rouzaofun 0.0021 36 26 123 68
Rouzaofun 0.0016 150 59 237 112
Rouzaofun 0.0015 4 74 90 127
Rouzaofun 0.0014 274 34 364 76
Rouzaofun 0.0012 284 88 390 142
wagui 0.9997 144 65 236 119
wagui 0.9993 0 77 85 131
wagui 0.9991 275 41 363 80
wagui 0.9987 36 31 123 71
wagui 0.9943 208 15 279 51
wagui 0.9918 124 14 193 53
wagui 0.9894 298 91 396 146
wagui 0.9579 218 137 326 212
wagui 0.8794 38 133 152 214
wagui 0.3300 381 152 397 194
wagui 0.0259 387 147 398 199
wagui 0.0234 0 135 8 228
wagui 0.0081 251 -1 291 11
wagui 0.0038 389 163 400 215
wagui 0.0036 1 134 18 201
wagui 0.0028 -6 55 90 156
wagui 0.0025 144 42 247 139
wagui 0.0018 369 159 395 202
