Kongrou 0.0014 252 58 356 157
Kongrou 0.0010 407 89 542 179
Kongrou 0.0010 423 196 569 332
Kongrou 0.0010 289 153 414 248
Kongrou 0.0010 129 4 238 97
Rouzaofun 0.0021 294 271 404 357
Rouzaofun 0.0019 140 5 240 86
Rouzaofun 0.0017 35 71 146 154
Rouzaofun 0.0017 362 5 467 86
Rouzaofun 0.0016 428 211 550 301
Rouzaofun 0.0016 255 59 351 144
Rouzaofun 0.0016 284 163 404 249
Rouzaofun 0.0013 156 135 257 224
Rouzaofun 0.0013 135 269 238 358
Rouzaofun 0.0011 11 186 118 282
Rice_with_Shredded_Chicken 0.0010 31 71 152 168
Rice_with_Shredded_Chicken 0.0010 252 58 356 157
wagui 0.9980 430 207 563 317
wagui 0.9980 295 163 411 248
wagui 0.9976 26 76 142 163
wagui 0.9971 256 64 349 149
wagui 0.9971 135 9 233 90
wagui 0.9967 291 279 407 368
wagui 0.9963 155 142 257 235
wagui 0.9948 415 97 538 181
wagui 0.9946 10 184 133 297
wagui 0.9940 132 273 239 368
wagui 0.9880 357 9 462 91
wagui 0.0118 12 47 154 192
wagui 0.0085 141 110 271 263
wagui 0.0062 280 138 422 280
wagui 0.0026 115 256 252 407
wagui 0.0026 409 69 559 214
wagui 0.0025 0 251 12 340
wagui 0.0014 241 23 371 193
wagui 0.0010 -8 177 89 309
