Kongrou 0.0018 435 89 591 229
Kongrou 0.0014 11 234 161 385
Kongrou 0.0011 348 -1 494 91
Kongrou 0.0011 105 102 252 239
Kongrou 0.0011 347 248 495 394
Rouzaofun 0.0015 118 111 236 214
Rouzaofun 0.0013 448 108 576 210
Rouzaofun 0.0012 276 113 388 229
Rouzaofun 0.0011 33 -1 169 75
Rouzaofun 0.0011 190 262 306 364
Rouzaofun 0.0011 362 266 480 374
Rouzaofun 0.0010 356 -3 487 77
Rouzaofun 0.0010 201 6 334 90
Rice_with_Shredded_Chicken 0.0021 435 89 591 229
Rice_with_Shredded_Chicken 0.0018 105 102 252 239
Rice_with_Shredded_Chicken 0.0017 11 234 161 385
Rice_with_Shredded_Chicken 0.0012 347 248 495 394
migao 0.0010 435 89 591 229
wagui 0.9994 106 107 250 232
wagui 0.9993 270 108 409 235
wagui 0.9992 437 95 588 224
wagui 0.9984 15 242 155 375
wagui 0.9975 175 253 320 385
wagui 0.9969 350 255 492 387
wagui 0.9963 39 3 177 82
wagui 0.9862 354 2 490 87
wagui 0.9855 0 88 81 226
wagui 0.9847 192 7 329 96
wagui 0.9822 518 248 603 392
wagui 0.3988 520 0 601 85
wagui 0.0020 15 69 104 206
wagui 0.0019 -7 78 48 241
wagui 0.0018 32 -28 186 117
wagui 0.0015 560 3 602 103
wagui 0.0010 585 4 600 106
wagui 0.0010 341 -16 500 127
