Kongrou 0.0016 96 52 141 91
Kongrou 0.0012 -1 146 41 189
Kongrou 0.0011 81 92 127 133
Kongrou 0.0011 32 102 77 142
Kongrou 0.0010 115 126 164 170
Rouzaofun 0.0066 38 102 77 136
Rouzaofun 0.0038 5 68 39 99
Rouzaofun 0.0028 87 91 127 126
Rouzaofun 0.0028 96 53 135 85
Rouzaofun 0.0025 119 129 164 168
Rouzaofun 0.0024 28 34 62 64
Rouzaofun 0.0022 35 178 75 219
Rouzaofun 0.0021 87 192 128 234
Rouzaofun 0.0018 143 176 188 219
Rouzaofun 0.0017 72 139 112 177
Rouzaofun 0.0016 140 28 175 60
Rouzaofun 0.0016 65 19 99 49
Rouzaofun 0.0015 102 14 136 44
Rouzaofun 0.0015 54 63 91 94
Rouzaofun 0.0013 0 144 39 183
Rouzaofun 0.0011 -3 106 27 140
wagui 0.9996 35 104 75 139
wagui 0.9995 67 140 111 179
wagui 0.9994 98 55 137 87
wagui 0.9994 0 150 40 189
wagui 0.9990 117 130 163 170
wagui 0.9988 85 95 125 130
wagui 0.9986 52 65 89 97
wagui 0.9983 64 21 97 52
wagui 0.9980 141 31 175 62
wagui 0.9973 85 195 130 240
wagui 0.9973 145 176 191 223
wagui 0.9973 29 38 61 68
wagui 0.9972 2 69 36 101
wagui 0.9962 0 108 29 143
wagui 0.9958 34 180 76 225
wagui 0.9890 103 18 136 48
wagui 0.9486 169 55 195 90
wagui 0.3128 175 136 193 178
wagui 0.0177 183 91 193 133
wagui 0.0057 79 187 139 255
wagui 0.0045 110 119 168 184
wagui 0.0023 60 126 118 196
wagui 0.0013 -10 36 204 259
wagui 0.0012 30 171 88 242
